"Time","A5010503"
"and","Level (m)"
"Date","Mean"
24/01/1995 00:00,""
25/01/1995 00:00,       1.037
26/01/1995 00:00,       1.040
27/01/1995 00:00,       1.038
28/01/1995 00:00,       1.036
29/01/1995 00:00,       1.037
30/01/1995 00:00,       1.037
31/01/1995 00:00,       1.036
01/02/1995 00:00,       1.035
02/02/1995 00:00,       1.036
03/02/1995 00:00,       1.037
04/02/1995 00:00,       1.035
05/02/1995 00:00,       1.039
06/02/1995 00:00,       1.039
07/02/1995 00:00,       1.038
08/02/1995 00:00,       1.037
09/02/1995 00:00,       1.037
10/02/1995 00:00,       1.038
11/02/1995 00:00,       1.038
12/02/1995 00:00,       1.036
13/02/1995 00:00,       1.036
14/02/1995 00:00,       1.034
15/02/1995 00:00,       1.034
16/02/1995 00:00,       1.036
17/02/1995 00:00,       1.035
18/02/1995 00:00,       1.035
19/02/1995 00:00,       1.035
20/02/1995 00:00,       1.036
21/02/1995 00:00,       1.036
22/02/1995 00:00,       1.036
23/02/1995 00:00,       1.036
24/02/1995 00:00,       1.036
25/02/1995 00:00,       1.033
26/02/1995 00:00,       1.032
27/02/1995 00:00,       1.033
28/02/1995 00:00,       1.034
01/03/1995 00:00,       1.039
02/03/1995 00:00,       1.040
03/03/1995 00:00,       1.038
04/03/1995 00:00,       1.036
05/03/1995 00:00,       1.036
06/03/1995 00:00,       1.037
07/03/1995 00:00,       1.037
08/03/1995 00:00,       1.038
09/03/1995 00:00,       1.038
10/03/1995 00:00,       1.038
11/03/1995 00:00,       1.037
12/03/1995 00:00,       1.038
13/03/1995 00:00,       1.037
14/03/1995 00:00,       1.037
15/03/1995 00:00,       1.037
16/03/1995 00:00,       1.038
17/03/1995 00:00,       1.038
18/03/1995 00:00,       1.038
19/03/1995 00:00,       1.039
20/03/1995 00:00,       1.038
21/03/1995 00:00,       1.039
22/03/1995 00:00,       1.038
23/03/1995 00:00,       1.038
24/03/1995 00:00,       1.040
25/03/1995 00:00,       1.039
26/03/1995 00:00,       1.040
27/03/1995 00:00,       1.041
28/03/1995 00:00,       1.040
29/03/1995 00:00,       1.041
30/03/1995 00:00,       1.041
31/03/1995 00:00,       1.043
01/04/1995 00:00,       1.041
02/04/1995 00:00,       1.041
03/04/1995 00:00,       1.039
04/04/1995 00:00,       1.044
05/04/1995 00:00,       1.046
06/04/1995 00:00,       1.045
07/04/1995 00:00,       1.047
08/04/1995 00:00,       1.046
09/04/1995 00:00,       1.048
10/04/1995 00:00,       1.046
11/04/1995 00:00,       1.045
12/04/1995 00:00,       1.045
13/04/1995 00:00,       1.044
14/04/1995 00:00,       1.044
15/04/1995 00:00,       1.042
16/04/1995 00:00,       1.050
17/04/1995 00:00,       1.050
18/04/1995 00:00,       1.055
19/04/1995 00:00,       1.054
20/04/1995 00:00,       1.054
21/04/1995 00:00,       1.052
22/04/1995 00:00,       1.051
23/04/1995 00:00,       1.049
24/04/1995 00:00,       1.049
25/04/1995 00:00,       1.048
26/04/1995 00:00,       1.049
27/04/1995 00:00,       1.049
28/04/1995 00:00,       1.047
29/04/1995 00:00,       1.047
30/04/1995 00:00,       1.067
01/05/1995 00:00,       1.078
02/05/1995 00:00,       1.089
03/05/1995 00:00,       1.130
04/05/1995 00:00,       1.151
05/05/1995 00:00,       1.133
06/05/1995 00:00,       1.116
07/05/1995 00:00,       1.107
08/05/1995 00:00,       1.098
09/05/1995 00:00,       1.093
10/05/1995 00:00,       1.088
11/05/1995 00:00,       1.084
12/05/1995 00:00,       1.080
13/05/1995 00:00,       1.079
14/05/1995 00:00,       1.079
15/05/1995 00:00,       1.080
16/05/1995 00:00,       1.081
17/05/1995 00:00,       1.081
18/05/1995 00:00,       1.082
19/05/1995 00:00,       1.083
20/05/1995 00:00,       1.084
21/05/1995 00:00,       1.083
22/05/1995 00:00,       1.081
23/05/1995 00:00,       1.079
24/05/1995 00:00,       1.087
25/05/1995 00:00,       1.131
26/05/1995 00:00,       1.205
27/05/1995 00:00,       1.167
28/05/1995 00:00,       1.138
29/05/1995 00:00,       1.124
30/05/1995 00:00,       1.116
31/05/1995 00:00,       1.110
01/06/1995 00:00,       1.106
02/06/1995 00:00,       1.102
03/06/1995 00:00,       1.099
04/06/1995 00:00,       1.098
05/06/1995 00:00,       1.099
06/06/1995 00:00,       1.104
07/06/1995 00:00,       1.111
08/06/1995 00:00,       1.273
09/06/1995 00:00,       1.381
10/06/1995 00:00,       1.260
11/06/1995 00:00,       1.212
12/06/1995 00:00,       1.194
13/06/1995 00:00,       1.178
14/06/1995 00:00,       1.167
15/06/1995 00:00,       1.168
16/06/1995 00:00,       1.185
17/06/1995 00:00,       1.190
18/06/1995 00:00,       1.181
19/06/1995 00:00,       1.190
20/06/1995 00:00,       1.224
21/06/1995 00:00,       1.208
22/06/1995 00:00,       1.182
23/06/1995 00:00,       1.166
24/06/1995 00:00,       1.156
25/06/1995 00:00,       1.146
26/06/1995 00:00,       1.143
27/06/1995 00:00,       1.159
28/06/1995 00:00,       1.217
29/06/1995 00:00,       1.263
30/06/1995 00:00,       1.257
01/07/1995 00:00,       1.286
02/07/1995 00:00,       1.232
03/07/1995 00:00,       1.468
04/07/1995 00:00,       1.301
05/07/1995 00:00,       1.248
06/07/1995 00:00,       1.223
07/07/1995 00:00,       1.209
08/07/1995 00:00,       1.199
09/07/1995 00:00,       1.190
10/07/1995 00:00,       1.187
11/07/1995 00:00,       1.426
12/07/1995 00:00,       1.546
13/07/1995 00:00,       1.585
14/07/1995 00:00,       1.490
15/07/1995 00:00,       1.407
16/07/1995 00:00,       1.517
17/07/1995 00:00,       1.445
18/07/1995 00:00,       1.454
19/07/1995 00:00,       1.348
20/07/1995 00:00,       1.309
21/07/1995 00:00,       1.564
22/07/1995 00:00,       2.273
23/07/1995 00:00,       1.849
24/07/1995 00:00,       1.455
25/07/1995 00:00,       1.384
26/07/1995 00:00,       1.353
27/07/1995 00:00,       1.371
28/07/1995 00:00,       1.468
29/07/1995 00:00,       1.396
30/07/1995 00:00,       1.525
31/07/1995 00:00,       1.666
01/08/1995 00:00,       1.415
02/08/1995 00:00,       1.538
03/08/1995 00:00,       1.440
04/08/1995 00:00,       1.409
05/08/1995 00:00,       1.387
06/08/1995 00:00,       1.342
07/08/1995 00:00,       1.326
08/08/1995 00:00,       1.341
09/08/1995 00:00,       1.317
10/08/1995 00:00,       1.292
11/08/1995 00:00,       1.276
12/08/1995 00:00,       1.261
13/08/1995 00:00,       1.253
14/08/1995 00:00,       1.245
15/08/1995 00:00,       1.238
16/08/1995 00:00,       1.240
17/08/1995 00:00,       1.237
18/08/1995 00:00,       1.225
19/08/1995 00:00,       1.213
20/08/1995 00:00,       1.210
21/08/1995 00:00,       1.203
22/08/1995 00:00,       1.199
23/08/1995 00:00,       1.196
24/08/1995 00:00,       1.190
25/08/1995 00:00,       1.235
26/08/1995 00:00,       1.249
27/08/1995 00:00,       1.214
28/08/1995 00:00,       1.203
29/08/1995 00:00,       1.195
30/08/1995 00:00,       1.188
31/08/1995 00:00,       1.183
01/09/1995 00:00,       1.184
02/09/1995 00:00,       1.182
03/09/1995 00:00,       1.179
04/09/1995 00:00,       1.177
05/09/1995 00:00,       1.175
06/09/1995 00:00,       1.177
07/09/1995 00:00,       1.176
08/09/1995 00:00,       1.176
09/09/1995 00:00,       1.175
10/09/1995 00:00,       1.174
11/09/1995 00:00,       1.174
12/09/1995 00:00,       1.173
13/09/1995 00:00,       1.167
14/09/1995 00:00,       1.235
15/09/1995 00:00,       1.236
16/09/1995 00:00,       1.195
17/09/1995 00:00,       1.179
18/09/1995 00:00,       1.173
19/09/1995 00:00,       1.167
20/09/1995 00:00,       1.163
21/09/1995 00:00,       1.167
22/09/1995 00:00,       1.168
23/09/1995 00:00,       1.172
24/09/1995 00:00,       1.309
25/09/1995 00:00,       1.246
26/09/1995 00:00,       1.204
27/09/1995 00:00,       1.181
28/09/1995 00:00,       1.167
29/09/1995 00:00,       1.162
30/09/1995 00:00,       1.159
01/10/1995 00:00,       1.158
02/10/1995 00:00,       1.162
03/10/1995 00:00,       1.177
04/10/1995 00:00,       1.178
05/10/1995 00:00,       1.165
06/10/1995 00:00,       1.157
07/10/1995 00:00,       1.158
08/10/1995 00:00,       1.173
09/10/1995 00:00,       1.171
10/10/1995 00:00,       1.154
11/10/1995 00:00,       1.147
12/10/1995 00:00,       1.146
13/10/1995 00:00,       1.145
14/10/1995 00:00,       1.141
15/10/1995 00:00,       1.138
16/10/1995 00:00,       1.135
17/10/1995 00:00,       1.125
18/10/1995 00:00,       1.120
19/10/1995 00:00,       1.119
20/10/1995 00:00,       1.124
21/10/1995 00:00,       1.130
22/10/1995 00:00,       1.135
23/10/1995 00:00,       1.138
24/10/1995 00:00,       1.148
25/10/1995 00:00,       1.142
26/10/1995 00:00,       1.132
27/10/1995 00:00,       1.123
28/10/1995 00:00,       1.118
29/10/1995 00:00,       1.113
30/10/1995 00:00,       1.109
31/10/1995 00:00,       1.110
01/11/1995 00:00,       1.101
02/11/1995 00:00,       1.099
03/11/1995 00:00,       1.099
04/11/1995 00:00,       1.100
05/11/1995 00:00,       1.101
06/11/1995 00:00,       1.105
07/11/1995 00:00,       1.118
08/11/1995 00:00,       1.128
09/11/1995 00:00,       1.116
10/11/1995 00:00,       1.105
11/11/1995 00:00,       1.100
12/11/1995 00:00,       1.096
13/11/1995 00:00,       1.090
14/11/1995 00:00,       1.088
15/11/1995 00:00,       1.087
16/11/1995 00:00,       1.085
17/11/1995 00:00,       1.080
18/11/1995 00:00,       1.076
19/11/1995 00:00,       1.074
20/11/1995 00:00,       1.075
21/11/1995 00:00,       1.075
22/11/1995 00:00,       1.077
23/11/1995 00:00,       1.078
24/11/1995 00:00,       1.076
25/11/1995 00:00,       1.074
26/11/1995 00:00,       1.072
27/11/1995 00:00,       1.068
28/11/1995 00:00,       1.065
29/11/1995 00:00,       1.064
30/11/1995 00:00,       1.062
01/12/1995 00:00,       1.062
02/12/1995 00:00,       1.061
03/12/1995 00:00,       1.061
04/12/1995 00:00,       1.062
05/12/1995 00:00,       1.066
06/12/1995 00:00,       1.067
07/12/1995 00:00,       1.069
08/12/1995 00:00,       1.067
09/12/1995 00:00,       1.062
10/12/1995 00:00,       1.061
11/12/1995 00:00,       1.060
12/12/1995 00:00,       1.061
13/12/1995 00:00,       1.061
14/12/1995 00:00,       1.060
15/12/1995 00:00,       1.059
16/12/1995 00:00,       1.056
17/12/1995 00:00,       1.055
18/12/1995 00:00,       1.052
19/12/1995 00:00,       1.050
20/12/1995 00:00,       1.051
21/12/1995 00:00,       1.050
22/12/1995 00:00,       1.048
23/12/1995 00:00,       1.047
24/12/1995 00:00,       1.047
25/12/1995 00:00,       1.046
26/12/1995 00:00,       1.047
27/12/1995 00:00,       1.046
28/12/1995 00:00,       1.045
29/12/1995 00:00,       1.044
30/12/1995 00:00,       1.045
31/12/1995 00:00,       1.058
01/01/1996 00:00,       1.142
02/01/1996 00:00,       1.106
03/01/1996 00:00,       1.086
04/01/1996 00:00,       1.075
05/01/1996 00:00,       1.068
06/01/1996 00:00,       1.067
07/01/1996 00:00,       1.066
08/01/1996 00:00,       1.066
09/01/1996 00:00,       1.065
10/01/1996 00:00,       1.062
11/01/1996 00:00,       1.059
12/01/1996 00:00,       1.058
13/01/1996 00:00,       1.057
14/01/1996 00:00,       1.053
15/01/1996 00:00,       1.049
16/01/1996 00:00,       1.049
17/01/1996 00:00,       1.049
18/01/1996 00:00,       1.049
19/01/1996 00:00,       1.048
20/01/1996 00:00,       1.047
21/01/1996 00:00,       1.046
22/01/1996 00:00,       1.046
23/01/1996 00:00,       1.047
24/01/1996 00:00,       1.048
25/01/1996 00:00,       1.048
26/01/1996 00:00,       1.048
27/01/1996 00:00,       1.047
28/01/1996 00:00,       1.047
29/01/1996 00:00,       1.047
30/01/1996 00:00,       1.045
31/01/1996 00:00,       1.043
01/02/1996 00:00,       1.043
02/02/1996 00:00,       1.044
03/02/1996 00:00,       1.045
04/02/1996 00:00,       1.046
05/02/1996 00:00,       1.043
06/02/1996 00:00,       1.041
07/02/1996 00:00,       1.041
08/02/1996 00:00,       1.052
09/02/1996 00:00,       1.048
10/02/1996 00:00,       1.044
11/02/1996 00:00,       1.043
12/02/1996 00:00,       1.044
13/02/1996 00:00,       1.042
14/02/1996 00:00,       1.041
15/02/1996 00:00,       1.040
16/02/1996 00:00,       1.040
17/02/1996 00:00,       1.041
18/02/1996 00:00,       1.040
19/02/1996 00:00,       1.040
20/02/1996 00:00,       1.040
21/02/1996 00:00,       1.042
22/02/1996 00:00,       1.039
23/02/1996 00:00,       1.040
24/02/1996 00:00,       1.039
25/02/1996 00:00,       1.039
26/02/1996 00:00,       1.040
27/02/1996 00:00,       1.042
28/02/1996 00:00,       1.043
29/02/1996 00:00,       1.043
01/03/1996 00:00,       1.043
02/03/1996 00:00,       1.042
03/03/1996 00:00,       1.042
04/03/1996 00:00,       1.040
05/03/1996 00:00,       1.040
06/03/1996 00:00,       1.040
07/03/1996 00:00,       1.039
08/03/1996 00:00,       1.038
09/03/1996 00:00,       1.040
10/03/1996 00:00,       1.040
11/03/1996 00:00,       1.040
12/03/1996 00:00,       1.040
13/03/1996 00:00,       1.040
14/03/1996 00:00,       1.040
15/03/1996 00:00,       1.041
16/03/1996 00:00,       1.046
17/03/1996 00:00,       1.044
18/03/1996 00:00,       1.043
19/03/1996 00:00,       1.043
20/03/1996 00:00,       1.044
21/03/1996 00:00,       1.045
22/03/1996 00:00,       1.043
23/03/1996 00:00,       1.042
24/03/1996 00:00,       1.042
25/03/1996 00:00,       1.042
26/03/1996 00:00,       1.041
27/03/1996 00:00,       1.041
28/03/1996 00:00,       1.042
29/03/1996 00:00,       1.044
30/03/1996 00:00,       1.044
31/03/1996 00:00,       1.043
01/04/1996 00:00,       1.043
02/04/1996 00:00,       1.043
03/04/1996 00:00,       1.043
04/04/1996 00:00,       1.043
05/04/1996 00:00,       1.042
06/04/1996 00:00,       1.046
07/04/1996 00:00,       1.050
08/04/1996 00:00,       1.047
09/04/1996 00:00,       1.044
10/04/1996 00:00,       1.046
11/04/1996 00:00,       1.050
12/04/1996 00:00,       1.057
13/04/1996 00:00,       1.065
14/04/1996 00:00,       1.068
15/04/1996 00:00,       1.069
16/04/1996 00:00,       1.069
17/04/1996 00:00,       1.064
18/04/1996 00:00,       1.064
19/04/1996 00:00,       1.068
20/04/1996 00:00,       1.068
21/04/1996 00:00,       1.065
22/04/1996 00:00,       1.065
23/04/1996 00:00,       1.065
24/04/1996 00:00,       1.065
25/04/1996 00:00,       1.068
26/04/1996 00:00,       1.072
27/04/1996 00:00,       1.074
28/04/1996 00:00,       1.074
29/04/1996 00:00,       1.073
30/04/1996 00:00,       1.071
01/05/1996 00:00,       1.067
02/05/1996 00:00,       1.066
03/05/1996 00:00,       1.067
04/05/1996 00:00,       1.067
05/05/1996 00:00,       1.067
06/05/1996 00:00,       1.069
07/05/1996 00:00,       1.070
08/05/1996 00:00,       1.070
09/05/1996 00:00,       1.065
10/05/1996 00:00,       1.055
11/05/1996 00:00,       1.053
12/05/1996 00:00,       1.090
13/05/1996 00:00,       1.130
14/05/1996 00:00,       1.106
15/05/1996 00:00,       1.091
16/05/1996 00:00,       1.086
17/05/1996 00:00,       1.080
18/05/1996 00:00,       1.080
19/05/1996 00:00,       1.080
20/05/1996 00:00,       1.078
21/05/1996 00:00,       1.076
22/05/1996 00:00,       1.079
23/05/1996 00:00,       1.082
24/05/1996 00:00,       1.089
25/05/1996 00:00,       1.117
26/05/1996 00:00,       1.102
27/05/1996 00:00,       1.094
28/05/1996 00:00,       1.089
29/05/1996 00:00,       1.086
30/05/1996 00:00,       1.084
31/05/1996 00:00,       1.083
01/06/1996 00:00,       1.087
02/06/1996 00:00,       1.099
03/06/1996 00:00,       1.124
04/06/1996 00:00,       1.148
05/06/1996 00:00,       1.162
06/06/1996 00:00,       1.135
07/06/1996 00:00,       1.155
08/06/1996 00:00,       1.148
09/06/1996 00:00,       1.130
10/06/1996 00:00,       1.121
11/06/1996 00:00,       1.113
12/06/1996 00:00,       1.107
13/06/1996 00:00,       1.103
14/06/1996 00:00,       1.100
15/06/1996 00:00,       1.098
16/06/1996 00:00,       1.097
17/06/1996 00:00,       1.098
18/06/1996 00:00,       1.105
19/06/1996 00:00,       1.152
20/06/1996 00:00,       1.149
21/06/1996 00:00,       1.138
22/06/1996 00:00,       1.130
23/06/1996 00:00,       1.210
24/06/1996 00:00,       1.193
25/06/1996 00:00,       1.185
26/06/1996 00:00,       1.173
27/06/1996 00:00,       1.188
28/06/1996 00:00,       1.177
29/06/1996 00:00,       1.213
30/06/1996 00:00,       1.243
01/07/1996 00:00,       1.187
02/07/1996 00:00,       1.203
03/07/1996 00:00,       1.184
04/07/1996 00:00,       1.212
05/07/1996 00:00,       1.315
06/07/1996 00:00,       1.271
07/07/1996 00:00,       1.226
08/07/1996 00:00,       1.200
09/07/1996 00:00,       1.187
10/07/1996 00:00,       1.204
11/07/1996 00:00,       1.290
12/07/1996 00:00,       1.336
13/07/1996 00:00,       1.265
14/07/1996 00:00,       1.279
15/07/1996 00:00,       1.240
16/07/1996 00:00,       1.237
17/07/1996 00:00,       1.386
18/07/1996 00:00,       1.293
19/07/1996 00:00,       1.322
20/07/1996 00:00,       1.554
21/07/1996 00:00,       1.402
22/07/1996 00:00,       1.355
23/07/1996 00:00,       1.306
24/07/1996 00:00,       1.292
25/07/1996 00:00,       1.272
26/07/1996 00:00,       1.241
27/07/1996 00:00,       1.241
28/07/1996 00:00,       1.226
29/07/1996 00:00,       1.228
30/07/1996 00:00,       1.271
31/07/1996 00:00,       1.443
01/08/1996 00:00,       1.518
02/08/1996 00:00,       1.630
03/08/1996 00:00,       1.706
04/08/1996 00:00,       2.058
05/08/1996 00:00,       1.490
06/08/1996 00:00,       1.460
07/08/1996 00:00,       1.413
08/08/1996 00:00,       1.397
09/08/1996 00:00,       1.339
10/08/1996 00:00,       1.325
11/08/1996 00:00,       1.301
12/08/1996 00:00,       1.277
13/08/1996 00:00,       1.260
14/08/1996 00:00,       1.313
15/08/1996 00:00,       1.293
16/08/1996 00:00,       1.366
17/08/1996 00:00,       1.437
18/08/1996 00:00,       1.464
19/08/1996 00:00,       1.557
20/08/1996 00:00,       1.658
21/08/1996 00:00,       1.454
22/08/1996 00:00,       1.702
23/08/1996 00:00,       1.548
24/08/1996 00:00,       1.461
25/08/1996 00:00,       1.405
26/08/1996 00:00,       1.359
27/08/1996 00:00,       1.555
28/08/1996 00:00,       1.388
29/08/1996 00:00,       1.340
30/08/1996 00:00,       1.317
31/08/1996 00:00,       1.302
01/09/1996 00:00,       1.296
02/09/1996 00:00,       1.361
03/09/1996 00:00,       1.311
04/09/1996 00:00,       1.290
05/09/1996 00:00,       1.287
06/09/1996 00:00,       1.286
07/09/1996 00:00,       1.269
08/09/1996 00:00,       1.257
09/09/1996 00:00,       1.274
10/09/1996 00:00,       1.260
11/09/1996 00:00,       1.248
12/09/1996 00:00,       1.254
13/09/1996 00:00,       1.292
14/09/1996 00:00,       1.257
15/09/1996 00:00,       1.257
16/09/1996 00:00,       1.233
17/09/1996 00:00,       1.222
18/09/1996 00:00,       1.220
19/09/1996 00:00,       1.244
20/09/1996 00:00,       1.326
21/09/1996 00:00,       1.278
22/09/1996 00:00,       1.247
23/09/1996 00:00,       1.233
24/09/1996 00:00,       1.357
25/09/1996 00:00,       1.299
26/09/1996 00:00,       1.270
27/09/1996 00:00,       1.265
28/09/1996 00:00,       1.267
29/09/1996 00:00,       1.566
30/09/1996 00:00,       2.010
01/10/1996 00:00,       1.456
02/10/1996 00:00,       1.426
03/10/1996 00:00,       1.368
04/10/1996 00:00,       1.312
05/10/1996 00:00,       1.291
06/10/1996 00:00,       1.297
07/10/1996 00:00,       1.263
08/10/1996 00:00,       1.248
09/10/1996 00:00,       1.234
10/10/1996 00:00,       1.219
11/10/1996 00:00,       1.203
12/10/1996 00:00,       1.197
13/10/1996 00:00,       1.201
14/10/1996 00:00,       1.197
15/10/1996 00:00,       1.187
16/10/1996 00:00,       1.179
17/10/1996 00:00,       1.182
18/10/1996 00:00,       1.176
19/10/1996 00:00,       1.170
20/10/1996 00:00,       1.168
21/10/1996 00:00,       1.164
22/10/1996 00:00,       1.160
23/10/1996 00:00,       1.153
24/10/1996 00:00,       1.142
25/10/1996 00:00,       1.137
26/10/1996 00:00,       1.142
27/10/1996 00:00,       1.146
28/10/1996 00:00,       1.144
29/10/1996 00:00,       1.142
30/10/1996 00:00,       1.140
31/10/1996 00:00,       1.139
01/11/1996 00:00,       1.135
02/11/1996 00:00,       1.127
03/11/1996 00:00,       1.122
04/11/1996 00:00,       1.119
05/11/1996 00:00,       1.117
06/11/1996 00:00,       1.116
07/11/1996 00:00,       1.115
08/11/1996 00:00,       1.114
09/11/1996 00:00,       1.110
10/11/1996 00:00,       1.108
11/11/1996 00:00,       1.106
12/11/1996 00:00,       1.102
13/11/1996 00:00,       1.101
14/11/1996 00:00,       1.100
15/11/1996 00:00,       1.098
16/11/1996 00:00,       1.098
17/11/1996 00:00,       1.096
18/11/1996 00:00,       1.102
19/11/1996 00:00,       1.116
20/11/1996 00:00,       1.109
21/11/1996 00:00,       1.104
22/11/1996 00:00,       1.103
23/11/1996 00:00,       1.101
24/11/1996 00:00,       1.097
25/11/1996 00:00,       1.092
26/11/1996 00:00,       1.087
27/11/1996 00:00,       1.086
28/11/1996 00:00,       1.086
29/11/1996 00:00,       1.087
30/11/1996 00:00,       1.089
01/12/1996 00:00,       1.091
02/12/1996 00:00,       1.089
03/12/1996 00:00,       1.086
04/12/1996 00:00,       1.084
05/12/1996 00:00,       1.080
06/12/1996 00:00,       1.095
07/12/1996 00:00,       1.135
08/12/1996 00:00,       1.126
09/12/1996 00:00,       1.109
10/12/1996 00:00,       1.100
11/12/1996 00:00,       1.093
12/12/1996 00:00,       1.088
13/12/1996 00:00,       1.083
14/12/1996 00:00,       1.077
15/12/1996 00:00,       1.072
16/12/1996 00:00,       1.077
17/12/1996 00:00,       1.083
18/12/1996 00:00,       1.080
19/12/1996 00:00,       1.077
20/12/1996 00:00,       1.078
21/12/1996 00:00,       1.074
22/12/1996 00:00,       1.072
23/12/1996 00:00,       1.071
24/12/1996 00:00,       1.070
25/12/1996 00:00,       1.069
26/12/1996 00:00,       1.069
27/12/1996 00:00,       1.066
28/12/1996 00:00,       1.062
29/12/1996 00:00,       1.059
30/12/1996 00:00,       1.060
31/12/1996 00:00,       1.058
01/01/1997 00:00,       1.056
02/01/1997 00:00,       1.054
03/01/1997 00:00,       1.053
04/01/1997 00:00,       1.054
05/01/1997 00:00,       1.046
06/01/1997 00:00,       1.044
07/01/1997 00:00,       1.044
08/01/1997 00:00,       1.045
09/01/1997 00:00,       1.044
10/01/1997 00:00,       1.044
11/01/1997 00:00,       1.045
12/01/1997 00:00,       1.044
13/01/1997 00:00,       1.044
14/01/1997 00:00,       1.051
15/01/1997 00:00,       1.053
16/01/1997 00:00,       1.048
17/01/1997 00:00,       1.045
18/01/1997 00:00,       1.049
19/01/1997 00:00,       1.052
20/01/1997 00:00,       1.045
21/01/1997 00:00,       1.053
22/01/1997 00:00,       1.063
23/01/1997 00:00,       1.085
24/01/1997 00:00,       1.082
25/01/1997 00:00,       1.070
26/01/1997 00:00,       1.062
27/01/1997 00:00,       1.058
28/01/1997 00:00,       1.053
29/01/1997 00:00,       1.054
30/01/1997 00:00,       1.054
31/01/1997 00:00,       1.054
01/02/1997 00:00,       1.052
02/02/1997 00:00,       1.051
03/02/1997 00:00,       1.049
04/02/1997 00:00,       1.047
05/02/1997 00:00,       1.044
06/02/1997 00:00,       1.047
07/02/1997 00:00,       1.049
08/02/1997 00:00,       1.046
09/02/1997 00:00,       1.048
10/02/1997 00:00,       1.052
11/02/1997 00:00,       1.060
12/02/1997 00:00,       1.060
13/02/1997 00:00,       1.058
14/02/1997 00:00,       1.055
15/02/1997 00:00,       1.052
16/02/1997 00:00,       1.051
17/02/1997 00:00,       1.049
18/02/1997 00:00,       1.046
19/02/1997 00:00,       1.044
20/02/1997 00:00,       1.041
21/02/1997 00:00,       1.042
22/02/1997 00:00,       1.041
23/02/1997 00:00,       1.045
24/02/1997 00:00,       1.045
25/02/1997 00:00,       1.044
26/02/1997 00:00,       1.042
27/02/1997 00:00,       1.042
28/02/1997 00:00,       1.042
01/03/1997 00:00,       1.047
02/03/1997 00:00,       1.046
03/03/1997 00:00,       1.045
04/03/1997 00:00,       1.045
05/03/1997 00:00,       1.043
06/03/1997 00:00,       1.044
07/03/1997 00:00,       1.044
08/03/1997 00:00,       1.045
09/03/1997 00:00,       1.044
10/03/1997 00:00,       1.043
11/03/1997 00:00,       1.043
12/03/1997 00:00,       1.043
13/03/1997 00:00,       1.043
14/03/1997 00:00,       1.044
15/03/1997 00:00,       1.044
16/03/1997 00:00,       1.046
17/03/1997 00:00,       1.045
18/03/1997 00:00,       1.044
19/03/1997 00:00,       1.044
20/03/1997 00:00,       1.046
21/03/1997 00:00,       1.047
22/03/1997 00:00,       1.050
23/03/1997 00:00,       1.051
24/03/1997 00:00,       1.050
25/03/1997 00:00,       1.049
26/03/1997 00:00,       1.048
27/03/1997 00:00,       1.047
28/03/1997 00:00,       1.047
29/03/1997 00:00,       1.047
30/03/1997 00:00,       1.048
31/03/1997 00:00,       1.048
01/04/1997 00:00,       1.048
02/04/1997 00:00,       1.048
03/04/1997 00:00,       1.047
04/04/1997 00:00,       1.047
05/04/1997 00:00,       1.048
06/04/1997 00:00,       1.048
07/04/1997 00:00,       1.046
08/04/1997 00:00,       1.045
09/04/1997 00:00,       1.045
10/04/1997 00:00,       1.045
11/04/1997 00:00,       1.046
12/04/1997 00:00,       1.045
13/04/1997 00:00,       1.044
14/04/1997 00:00,       1.046
15/04/1997 00:00,       1.047
16/04/1997 00:00,       1.047
17/04/1997 00:00,       1.047
18/04/1997 00:00,       1.048
19/04/1997 00:00,       1.048
20/04/1997 00:00,       1.047
21/04/1997 00:00,       1.045
22/04/1997 00:00,       1.046
23/04/1997 00:00,       1.047
24/04/1997 00:00,       1.056
25/04/1997 00:00,       1.057
26/04/1997 00:00,       1.058
27/04/1997 00:00,       1.055
28/04/1997 00:00,       1.050
29/04/1997 00:00,       1.047
30/04/1997 00:00,       1.046
01/05/1997 00:00,       1.047
02/05/1997 00:00,       1.050
03/05/1997 00:00,       1.065
04/05/1997 00:00,       1.092
05/05/1997 00:00,       1.108
06/05/1997 00:00,       1.094
07/05/1997 00:00,       1.086
08/05/1997 00:00,       1.082
09/05/1997 00:00,       1.077
10/05/1997 00:00,       1.076
11/05/1997 00:00,       1.075
12/05/1997 00:00,       1.073
13/05/1997 00:00,       1.072
14/05/1997 00:00,       1.073
15/05/1997 00:00,       1.072
16/05/1997 00:00,       1.073
17/05/1997 00:00,       1.072
18/05/1997 00:00,       1.074
19/05/1997 00:00,       1.075
20/05/1997 00:00,       1.075
21/05/1997 00:00,       1.079
22/05/1997 00:00,       1.083
23/05/1997 00:00,       1.085
24/05/1997 00:00,       1.085
25/05/1997 00:00,       1.085
26/05/1997 00:00,       1.101
27/05/1997 00:00,       1.183
28/05/1997 00:00,       1.137
29/05/1997 00:00,       1.127
30/05/1997 00:00,       1.150
31/05/1997 00:00,       1.136
01/06/1997 00:00,       1.118
02/06/1997 00:00,       1.109
03/06/1997 00:00,       1.102
04/06/1997 00:00,       1.098
05/06/1997 00:00,       1.094
06/06/1997 00:00,       1.098
07/06/1997 00:00,       1.109
08/06/1997 00:00,       1.129
09/06/1997 00:00,       1.130
10/06/1997 00:00,       1.117
11/06/1997 00:00,       1.108
12/06/1997 00:00,       1.103
13/06/1997 00:00,       1.140
14/06/1997 00:00,       1.198
15/06/1997 00:00,       1.150
16/06/1997 00:00,       1.132
17/06/1997 00:00,       1.123
18/06/1997 00:00,       1.117
19/06/1997 00:00,       1.115
20/06/1997 00:00,       1.114
21/06/1997 00:00,       1.113
22/06/1997 00:00,       1.112
23/06/1997 00:00,       1.117
24/06/1997 00:00,       1.136
25/06/1997 00:00,       1.137
26/06/1997 00:00,       1.154
27/06/1997 00:00,       1.137
28/06/1997 00:00,       1.126
29/06/1997 00:00,       1.122
30/06/1997 00:00,       1.121
01/07/1997 00:00,       1.126
02/07/1997 00:00,       1.122
03/07/1997 00:00,       1.117
04/07/1997 00:00,       1.115
05/07/1997 00:00,       1.114
06/07/1997 00:00,       1.111
07/07/1997 00:00,       1.105
08/07/1997 00:00,       1.109
09/07/1997 00:00,       1.112
10/07/1997 00:00,       1.118
11/07/1997 00:00,       1.122
12/07/1997 00:00,       1.124
13/07/1997 00:00,       1.121
14/07/1997 00:00,       1.116
15/07/1997 00:00,       1.139
16/07/1997 00:00,       1.209
17/07/1997 00:00,       1.181
18/07/1997 00:00,       1.173
19/07/1997 00:00,       1.155
20/07/1997 00:00,       1.143
21/07/1997 00:00,       1.134
22/07/1997 00:00,       1.129
23/07/1997 00:00,       1.127
24/07/1997 00:00,       1.126
25/07/1997 00:00,       1.128
26/07/1997 00:00,       1.127
27/07/1997 00:00,       1.123
28/07/1997 00:00,       1.123
29/07/1997 00:00,       1.124
30/07/1997 00:00,       1.120
31/07/1997 00:00,       1.116
01/08/1997 00:00,       1.118
02/08/1997 00:00,       1.121
03/08/1997 00:00,       1.121
04/08/1997 00:00,       1.117
05/08/1997 00:00,       1.114
06/08/1997 00:00,       1.123
07/08/1997 00:00,       1.267
08/08/1997 00:00,       1.259
09/08/1997 00:00,       1.194
10/08/1997 00:00,       1.170
11/08/1997 00:00,       1.172
12/08/1997 00:00,       1.225
13/08/1997 00:00,       1.187
14/08/1997 00:00,       1.171
15/08/1997 00:00,       1.160
16/08/1997 00:00,       1.147
17/08/1997 00:00,       1.145
18/08/1997 00:00,       1.158
19/08/1997 00:00,       1.157
20/08/1997 00:00,       1.147
21/08/1997 00:00,       1.149
22/08/1997 00:00,       1.142
23/08/1997 00:00,       1.140
24/08/1997 00:00,       1.148
25/08/1997 00:00,       1.161
26/08/1997 00:00,       1.156
27/08/1997 00:00,       1.152
28/08/1997 00:00,       1.150
29/08/1997 00:00,       1.145
30/08/1997 00:00,       1.140
31/08/1997 00:00,       1.162
01/09/1997 00:00,       1.229
02/09/1997 00:00,       1.334
03/09/1997 00:00,       1.273
04/09/1997 00:00,       1.240
05/09/1997 00:00,       1.224
06/09/1997 00:00,       1.211
07/09/1997 00:00,       1.221
08/09/1997 00:00,       1.266
09/09/1997 00:00,       1.234
10/09/1997 00:00,       1.196
11/09/1997 00:00,       1.177
12/09/1997 00:00,       1.164
13/09/1997 00:00,       1.157
14/09/1997 00:00,       1.192
15/09/1997 00:00,       1.311
16/09/1997 00:00,       1.222
17/09/1997 00:00,       1.192
18/09/1997 00:00,       1.175
19/09/1997 00:00,       1.212
20/09/1997 00:00,       1.246
21/09/1997 00:00,       1.196
22/09/1997 00:00,       1.179
23/09/1997 00:00,       1.167
24/09/1997 00:00,       1.156
25/09/1997 00:00,       1.147
26/09/1997 00:00,       1.144
27/09/1997 00:00,       1.158
28/09/1997 00:00,       1.202
29/09/1997 00:00,       1.205
30/09/1997 00:00,       1.171
01/10/1997 00:00,       1.153
02/10/1997 00:00,       1.139
03/10/1997 00:00,       1.131
04/10/1997 00:00,       1.128
05/10/1997 00:00,       1.127
06/10/1997 00:00,       1.123
07/10/1997 00:00,       1.121
08/10/1997 00:00,       1.119
09/10/1997 00:00,       1.117
10/10/1997 00:00,       1.112
11/10/1997 00:00,       1.106
12/10/1997 00:00,       1.101
13/10/1997 00:00,       1.097
14/10/1997 00:00,       1.097
15/10/1997 00:00,       1.098
16/10/1997 00:00,       1.099
17/10/1997 00:00,       1.103
18/10/1997 00:00,       1.100
19/10/1997 00:00,       1.104
20/10/1997 00:00,       1.104
21/10/1997 00:00,       1.100
22/10/1997 00:00,       1.098
23/10/1997 00:00,       1.096
24/10/1997 00:00,       1.093
25/10/1997 00:00,       1.084
26/10/1997 00:00,       1.082
27/10/1997 00:00,       1.078
28/10/1997 00:00,       1.077
29/10/1997 00:00,       1.076
30/10/1997 00:00,       1.081
31/10/1997 00:00,       1.619
01/11/1997 00:00,       1.424
02/11/1997 00:00,       1.272
03/11/1997 00:00,       1.227
04/11/1997 00:00,       1.195
05/11/1997 00:00,       1.175
06/11/1997 00:00,       1.160
07/11/1997 00:00,       1.146
08/11/1997 00:00,       1.136
09/11/1997 00:00,       1.130
10/11/1997 00:00,       1.125
11/11/1997 00:00,       1.129
12/11/1997 00:00,       1.132
13/11/1997 00:00,       1.130
14/11/1997 00:00,       1.159
15/11/1997 00:00,       1.216
16/11/1997 00:00,       1.176
17/11/1997 00:00,       1.154
18/11/1997 00:00,       1.141
19/11/1997 00:00,       1.132
20/11/1997 00:00,       1.124
21/11/1997 00:00,       1.115
22/11/1997 00:00,       1.105
23/11/1997 00:00,       1.097
24/11/1997 00:00,       1.091
25/11/1997 00:00,       1.089
26/11/1997 00:00,       1.085
27/11/1997 00:00,       1.085
28/11/1997 00:00,       1.084
29/11/1997 00:00,       1.084
30/11/1997 00:00,       1.087
01/12/1997 00:00,       1.081
02/12/1997 00:00,       1.079
03/12/1997 00:00,       1.077
04/12/1997 00:00,       1.074
05/12/1997 00:00,       1.075
06/12/1997 00:00,       1.075
07/12/1997 00:00,       1.075
08/12/1997 00:00,       1.090
09/12/1997 00:00,       1.111
10/12/1997 00:00,       1.112
11/12/1997 00:00,       1.102
12/12/1997 00:00,       1.093
13/12/1997 00:00,       1.084
14/12/1997 00:00,       1.073
15/12/1997 00:00,       1.065
16/12/1997 00:00,       1.066
17/12/1997 00:00,       1.065
18/12/1997 00:00,       1.071
19/12/1997 00:00,       1.077
20/12/1997 00:00,       1.074
21/12/1997 00:00,       1.072
22/12/1997 00:00,       1.067
23/12/1997 00:00,       1.062
24/12/1997 00:00,       1.058
25/12/1997 00:00,       1.055
26/12/1997 00:00,       1.053
27/12/1997 00:00,       1.051
28/12/1997 00:00,       1.049
29/12/1997 00:00,       1.048
30/12/1997 00:00,       1.045
31/12/1997 00:00,       1.046
01/01/1998 00:00,       1.045
02/01/1998 00:00,       1.045
03/01/1998 00:00,       1.044
04/01/1998 00:00,       1.042
05/01/1998 00:00,       1.040
06/01/1998 00:00,       1.041
07/01/1998 00:00,       1.048
08/01/1998 00:00,       1.046
09/01/1998 00:00,       1.043
10/01/1998 00:00,       1.042
11/01/1998 00:00,       1.041
12/01/1998 00:00,       1.040
13/01/1998 00:00,       1.038
14/01/1998 00:00,       1.036
15/01/1998 00:00,       1.037
16/01/1998 00:00,       1.038
17/01/1998 00:00,       1.036
18/01/1998 00:00,       1.035
19/01/1998 00:00,       1.035
20/01/1998 00:00,       1.036
21/01/1998 00:00,       1.036
22/01/1998 00:00,       1.036
23/01/1998 00:00,       1.036
24/01/1998 00:00,       1.040
25/01/1998 00:00,       1.040
26/01/1998 00:00,       1.037
27/01/1998 00:00,       1.036
28/01/1998 00:00,       1.036
29/01/1998 00:00,       1.036
30/01/1998 00:00,       1.036
31/01/1998 00:00,       1.036
01/02/1998 00:00,       1.034
02/02/1998 00:00,       1.035
03/02/1998 00:00,       1.036
04/02/1998 00:00,       1.037
05/02/1998 00:00,       1.037
06/02/1998 00:00,       1.038
07/02/1998 00:00,       1.041
08/02/1998 00:00,       1.039
09/02/1998 00:00,       1.039
10/02/1998 00:00,       1.038
11/02/1998 00:00,       1.038
12/02/1998 00:00,       1.038
13/02/1998 00:00,       1.038
14/02/1998 00:00,       1.038
15/02/1998 00:00,       1.041
16/02/1998 00:00,       1.045
17/02/1998 00:00,       1.043
18/02/1998 00:00,       1.039
19/02/1998 00:00,       1.037
20/02/1998 00:00,       1.037
21/02/1998 00:00,       1.036
22/02/1998 00:00,       1.037
23/02/1998 00:00,       1.037
24/02/1998 00:00,       1.034
25/02/1998 00:00,       1.034
26/02/1998 00:00,       1.036
27/02/1998 00:00,       1.039
28/02/1998 00:00,       1.037
01/03/1998 00:00,       1.037
02/03/1998 00:00,       1.037
03/03/1998 00:00,       1.037
04/03/1998 00:00,       1.037
05/03/1998 00:00,       1.037
06/03/1998 00:00,       1.037
07/03/1998 00:00,       1.036
08/03/1998 00:00,       1.036
09/03/1998 00:00,       1.036
10/03/1998 00:00,       1.035
11/03/1998 00:00,       1.034
12/03/1998 00:00,       1.035
13/03/1998 00:00,       1.038
14/03/1998 00:00,       1.039
15/03/1998 00:00,       1.039
16/03/1998 00:00,       1.038
17/03/1998 00:00,       1.038
18/03/1998 00:00,       1.037
19/03/1998 00:00,       1.037
20/03/1998 00:00,       1.035
21/03/1998 00:00,       1.034
22/03/1998 00:00,       1.034
23/03/1998 00:00,       1.036
24/03/1998 00:00,       1.037
25/03/1998 00:00,       1.037
26/03/1998 00:00,       1.037
27/03/1998 00:00,       1.037
28/03/1998 00:00,       1.037
29/03/1998 00:00,       1.038
30/03/1998 00:00,       1.038
31/03/1998 00:00,       1.038
01/04/1998 00:00,       1.038
02/04/1998 00:00,       1.038
03/04/1998 00:00,       1.039
04/04/1998 00:00,       1.039
05/04/1998 00:00,       1.039
06/04/1998 00:00,       1.038
07/04/1998 00:00,       1.034
08/04/1998 00:00,       1.035
09/04/1998 00:00,       1.036
10/04/1998 00:00,       1.035
11/04/1998 00:00,       1.042
12/04/1998 00:00,       1.058
13/04/1998 00:00,       1.051
14/04/1998 00:00,       1.044
15/04/1998 00:00,       1.040
16/04/1998 00:00,       1.038
17/04/1998 00:00,       1.038
18/04/1998 00:00,       1.038
19/04/1998 00:00,       1.048
20/04/1998 00:00,       1.071
21/04/1998 00:00,       1.079
22/04/1998 00:00,       1.093
23/04/1998 00:00,       1.085
24/04/1998 00:00,       1.077
25/04/1998 00:00,       1.084
26/04/1998 00:00,       1.085
27/04/1998 00:00,       1.084
28/04/1998 00:00,       1.085
29/04/1998 00:00,       1.083
30/04/1998 00:00,       1.080
01/05/1998 00:00,       1.077
02/05/1998 00:00,       1.075
03/05/1998 00:00,       1.075
04/05/1998 00:00,       1.075
05/05/1998 00:00,       1.074
06/05/1998 00:00,       1.073
07/05/1998 00:00,       1.074
08/05/1998 00:00,       1.073
09/05/1998 00:00,       1.074
10/05/1998 00:00,       1.072
11/05/1998 00:00,       1.070
12/05/1998 00:00,       1.072
13/05/1998 00:00,       1.073
14/05/1998 00:00,       1.076
15/05/1998 00:00,       1.076
16/05/1998 00:00,       1.074
17/05/1998 00:00,       1.073
18/05/1998 00:00,       1.074
19/05/1998 00:00,       1.074
20/05/1998 00:00,       1.075
21/05/1998 00:00,       1.080
22/05/1998 00:00,       1.085
23/05/1998 00:00,       1.091
24/05/1998 00:00,       1.118
25/05/1998 00:00,       1.114
26/05/1998 00:00,       1.101
27/05/1998 00:00,       1.093
28/05/1998 00:00,       1.091
29/05/1998 00:00,       1.088
30/05/1998 00:00,       1.084
31/05/1998 00:00,       1.081
01/06/1998 00:00,       1.080
02/06/1998 00:00,       1.079
03/06/1998 00:00,       1.078
04/06/1998 00:00,       1.078
05/06/1998 00:00,       1.081
06/06/1998 00:00,       1.088
07/06/1998 00:00,       1.095
08/06/1998 00:00,       1.116
09/06/1998 00:00,       1.110
10/06/1998 00:00,       1.100
11/06/1998 00:00,       1.097
12/06/1998 00:00,       1.152
13/06/1998 00:00,       1.195
14/06/1998 00:00,       1.150
15/06/1998 00:00,       1.137
16/06/1998 00:00,       1.126
17/06/1998 00:00,       1.117
18/06/1998 00:00,       1.112
19/06/1998 00:00,       1.108
20/06/1998 00:00,       1.108
21/06/1998 00:00,       1.141
22/06/1998 00:00,       1.229
23/06/1998 00:00,       1.220
24/06/1998 00:00,       1.220
25/06/1998 00:00,       1.199
26/06/1998 00:00,       1.178
27/06/1998 00:00,       1.159
28/06/1998 00:00,       1.151
29/06/1998 00:00,       1.181
30/06/1998 00:00,       1.176
01/07/1998 00:00,       1.196
02/07/1998 00:00,       1.175
03/07/1998 00:00,       1.160
04/07/1998 00:00,       1.150
05/07/1998 00:00,       1.152
06/07/1998 00:00,       1.272
07/07/1998 00:00,       1.222
08/07/1998 00:00,       1.204
09/07/1998 00:00,       1.251
10/07/1998 00:00,       1.213
11/07/1998 00:00,       1.193
12/07/1998 00:00,       1.179
13/07/1998 00:00,       1.168
14/07/1998 00:00,       1.160
15/07/1998 00:00,       1.153
16/07/1998 00:00,       1.147
17/07/1998 00:00,       1.143
18/07/1998 00:00,       1.140
19/07/1998 00:00,       1.138
20/07/1998 00:00,       1.137
21/07/1998 00:00,       1.141
22/07/1998 00:00,       1.170
23/07/1998 00:00,       1.178
24/07/1998 00:00,       1.159
25/07/1998 00:00,       1.150
26/07/1998 00:00,       1.144
27/07/1998 00:00,       1.153
28/07/1998 00:00,       1.350
29/07/1998 00:00,       1.300
30/07/1998 00:00,       1.288
31/07/1998 00:00,       1.288
01/08/1998 00:00,       1.229
02/08/1998 00:00,       1.210
03/08/1998 00:00,       1.356
04/08/1998 00:00,       1.281
05/08/1998 00:00,       1.237
06/08/1998 00:00,       1.217
07/08/1998 00:00,       1.236
08/08/1998 00:00,       1.222
09/08/1998 00:00,       1.198
10/08/1998 00:00,       1.190
11/08/1998 00:00,       1.184
12/08/1998 00:00,       1.176
13/08/1998 00:00,       1.183
14/08/1998 00:00,       1.210
15/08/1998 00:00,       1.189
16/08/1998 00:00,       1.177
17/08/1998 00:00,       1.168
18/08/1998 00:00,       1.164
19/08/1998 00:00,       1.162
20/08/1998 00:00,       1.161
21/08/1998 00:00,       1.247
22/08/1998 00:00,       1.262
23/08/1998 00:00,       1.340
24/08/1998 00:00,       1.257
25/08/1998 00:00,       1.255
26/08/1998 00:00,       1.340
27/08/1998 00:00,       1.255
28/08/1998 00:00,       1.219
29/08/1998 00:00,       1.200
30/08/1998 00:00,       1.188
31/08/1998 00:00,       1.179
01/09/1998 00:00,       1.172
02/09/1998 00:00,       1.166
03/09/1998 00:00,       1.166
04/09/1998 00:00,       1.183
05/09/1998 00:00,       1.192
06/09/1998 00:00,       1.208
07/09/1998 00:00,       1.183
08/09/1998 00:00,       1.171
09/09/1998 00:00,       1.163
10/09/1998 00:00,       1.158
11/09/1998 00:00,       1.154
12/09/1998 00:00,       1.155
13/09/1998 00:00,       1.169
14/09/1998 00:00,       1.166
15/09/1998 00:00,       1.161
16/09/1998 00:00,       1.168
17/09/1998 00:00,       1.162
18/09/1998 00:00,       1.156
19/09/1998 00:00,       1.149
20/09/1998 00:00,       1.139
21/09/1998 00:00,       1.138
22/09/1998 00:00,       1.136
23/09/1998 00:00,       1.241
24/09/1998 00:00,       1.281
25/09/1998 00:00,       1.214
26/09/1998 00:00,       1.184
27/09/1998 00:00,       1.165
28/09/1998 00:00,       1.158
29/09/1998 00:00,       1.158
30/09/1998 00:00,       1.147
01/10/1998 00:00,       1.136
02/10/1998 00:00,       1.133
03/10/1998 00:00,       1.133
04/10/1998 00:00,       1.144
05/10/1998 00:00,       1.142
06/10/1998 00:00,       1.221
07/10/1998 00:00,       1.218
08/10/1998 00:00,       1.189
09/10/1998 00:00,       1.173
10/10/1998 00:00,       1.167
11/10/1998 00:00,       1.163
12/10/1998 00:00,       1.155
13/10/1998 00:00,       1.163
14/10/1998 00:00,       1.169
15/10/1998 00:00,       1.151
16/10/1998 00:00,       1.138
17/10/1998 00:00,       1.127
18/10/1998 00:00,       1.119
19/10/1998 00:00,       1.115
20/10/1998 00:00,       1.123
21/10/1998 00:00,       1.157
22/10/1998 00:00,       1.181
23/10/1998 00:00,       1.169
24/10/1998 00:00,       1.144
25/10/1998 00:00,       1.129
26/10/1998 00:00,       1.120
27/10/1998 00:00,       1.117
28/10/1998 00:00,       1.116
29/10/1998 00:00,       1.122
30/10/1998 00:00,       1.116
31/10/1998 00:00,       1.110
01/11/1998 00:00,       1.105
02/11/1998 00:00,       1.101
03/11/1998 00:00,       1.096
04/11/1998 00:00,       1.093
05/11/1998 00:00,       1.091
06/11/1998 00:00,       1.089
07/11/1998 00:00,       1.086
08/11/1998 00:00,       1.084
09/11/1998 00:00,       1.081
10/11/1998 00:00,       1.081
11/11/1998 00:00,       1.094
12/11/1998 00:00,       1.124
13/11/1998 00:00,       1.154
14/11/1998 00:00,       1.135
15/11/1998 00:00,       1.123
16/11/1998 00:00,       1.114
17/11/1998 00:00,       1.106
18/11/1998 00:00,       1.099
19/11/1998 00:00,       1.094
20/11/1998 00:00,       1.090
21/11/1998 00:00,       1.087
22/11/1998 00:00,       1.081
23/11/1998 00:00,       1.076
24/11/1998 00:00,       1.071
25/11/1998 00:00,       1.070
26/11/1998 00:00,       1.067
27/11/1998 00:00,       1.064
28/11/1998 00:00,       1.060
29/11/1998 00:00,       1.058
30/11/1998 00:00,       1.056
01/12/1998 00:00,       1.051
02/12/1998 00:00,       1.047
03/12/1998 00:00,       1.049
04/12/1998 00:00,       1.052
05/12/1998 00:00,       1.053
06/12/1998 00:00,       1.053
07/12/1998 00:00,       1.053
08/12/1998 00:00,       1.051
09/12/1998 00:00,       1.050
10/12/1998 00:00,       1.048
11/12/1998 00:00,       1.043
12/12/1998 00:00,       1.042
13/12/1998 00:00,       1.044
14/12/1998 00:00,       1.045
15/12/1998 00:00,       1.045
16/12/1998 00:00,       1.046
17/12/1998 00:00,       1.046
18/12/1998 00:00,       1.048
19/12/1998 00:00,       1.048
20/12/1998 00:00,       1.047
21/12/1998 00:00,       1.043
22/12/1998 00:00,       1.041
23/12/1998 00:00,       1.039
24/12/1998 00:00,       1.036
25/12/1998 00:00,       1.037
26/12/1998 00:00,       1.037
27/12/1998 00:00,       1.035
28/12/1998 00:00,       1.036
29/12/1998 00:00,       1.037
30/12/1998 00:00,       1.036
31/12/1998 00:00,       1.036
01/01/1999 00:00,       1.035
02/01/1999 00:00,       1.034
03/01/1999 00:00,       1.034
04/01/1999 00:00,       1.035
05/01/1999 00:00,       1.035
06/01/1999 00:00,       1.035
07/01/1999 00:00,       1.038
08/01/1999 00:00,       1.041
09/01/1999 00:00,       1.036
10/01/1999 00:00,       1.032
11/01/1999 00:00,       1.035
12/01/1999 00:00,       1.037
13/01/1999 00:00,       1.037
14/01/1999 00:00,       1.036
15/01/1999 00:00,       1.035
16/01/1999 00:00,       1.035
17/01/1999 00:00,       1.036
18/01/1999 00:00,       1.036
19/01/1999 00:00,       1.034
20/01/1999 00:00,       1.035
21/01/1999 00:00,       1.035
22/01/1999 00:00,       1.035
23/01/1999 00:00,       1.036
24/01/1999 00:00,       1.036
25/01/1999 00:00,       1.035
26/01/1999 00:00,       1.035
27/01/1999 00:00,       1.035
28/01/1999 00:00,       1.034
29/01/1999 00:00,       1.036
30/01/1999 00:00,       1.037
31/01/1999 00:00,       1.036
01/02/1999 00:00,       1.035
02/02/1999 00:00,       1.033
03/02/1999 00:00,       1.035
04/02/1999 00:00,       1.035
05/02/1999 00:00,       1.036
06/02/1999 00:00,       1.038
07/02/1999 00:00,       1.036
08/02/1999 00:00,       1.035
09/02/1999 00:00,       1.036
10/02/1999 00:00,       1.036
11/02/1999 00:00,       1.036
12/02/1999 00:00,       1.036
13/02/1999 00:00,       1.035
14/02/1999 00:00,       1.034
15/02/1999 00:00,       1.034
16/02/1999 00:00,       1.034
17/02/1999 00:00,       1.034
18/02/1999 00:00,       1.036
19/02/1999 00:00,       1.037
20/02/1999 00:00,       1.037
21/02/1999 00:00,       1.036
22/02/1999 00:00,       1.036
23/02/1999 00:00,       1.035
24/02/1999 00:00,       1.033
25/02/1999 00:00,       1.035
26/02/1999 00:00,       1.036
27/02/1999 00:00,       1.036
28/02/1999 00:00,       1.036
01/03/1999 00:00,       1.035
02/03/1999 00:00,       1.034
03/03/1999 00:00,       1.035
04/03/1999 00:00,       1.037
05/03/1999 00:00,       1.037
06/03/1999 00:00,       1.047
07/03/1999 00:00,       1.043
08/03/1999 00:00,       1.040
09/03/1999 00:00,       1.034
10/03/1999 00:00,       1.035
11/03/1999 00:00,       1.036
12/03/1999 00:00,       1.036
13/03/1999 00:00,       1.037
14/03/1999 00:00,       1.037
15/03/1999 00:00,       1.037
16/03/1999 00:00,       1.037
17/03/1999 00:00,       1.038
18/03/1999 00:00,       1.044
19/03/1999 00:00,       1.045
20/03/1999 00:00,       1.043
21/03/1999 00:00,       1.056
22/03/1999 00:00,       1.049
23/03/1999 00:00,       1.044
24/03/1999 00:00,       1.041
25/03/1999 00:00,       1.043
26/03/1999 00:00,       1.041
27/03/1999 00:00,       1.040
28/03/1999 00:00,       1.040
29/03/1999 00:00,       1.038
30/03/1999 00:00,       1.038
31/03/1999 00:00,       1.038
01/04/1999 00:00,       1.036
02/04/1999 00:00,       1.037
03/04/1999 00:00,       1.037
04/04/1999 00:00,       1.041
05/04/1999 00:00,       1.042
06/04/1999 00:00,       1.040
07/04/1999 00:00,       1.039
08/04/1999 00:00,       1.038
09/04/1999 00:00,       1.038
10/04/1999 00:00,       1.038
11/04/1999 00:00,       1.038
12/04/1999 00:00,       1.038
13/04/1999 00:00,       1.038
14/04/1999 00:00,       1.037
15/04/1999 00:00,       1.037
16/04/1999 00:00,       1.036
17/04/1999 00:00,       1.037
18/04/1999 00:00,       1.037
19/04/1999 00:00,       1.037
20/04/1999 00:00,       1.039
21/04/1999 00:00,       1.038
22/04/1999 00:00,       1.037
23/04/1999 00:00,       1.038
24/04/1999 00:00,       1.038
25/04/1999 00:00,       1.038
26/04/1999 00:00,       1.038
27/04/1999 00:00,       1.040
28/04/1999 00:00,       1.040
29/04/1999 00:00,       1.040
30/04/1999 00:00,       1.042
01/05/1999 00:00,       1.043
02/05/1999 00:00,       1.041
03/05/1999 00:00,       1.041
04/05/1999 00:00,       1.040
05/05/1999 00:00,       1.040
06/05/1999 00:00,       1.038
07/05/1999 00:00,       1.039
08/05/1999 00:00,       1.039
09/05/1999 00:00,       1.040
10/05/1999 00:00,       1.040
11/05/1999 00:00,       1.042
12/05/1999 00:00,       1.044
13/05/1999 00:00,       1.046
14/05/1999 00:00,       1.046
15/05/1999 00:00,       1.054
16/05/1999 00:00,       1.054
17/05/1999 00:00,       1.067
18/05/1999 00:00,       1.080
19/05/1999 00:00,       1.074
20/05/1999 00:00,       1.068
21/05/1999 00:00,       1.068
22/05/1999 00:00,       1.073
23/05/1999 00:00,       1.082
24/05/1999 00:00,       1.098
25/05/1999 00:00,       1.210
26/05/1999 00:00,       1.185
27/05/1999 00:00,       1.147
28/05/1999 00:00,       1.126
29/05/1999 00:00,       1.120
30/05/1999 00:00,       1.177
31/05/1999 00:00,       1.175
01/06/1999 00:00,       1.153
02/06/1999 00:00,       1.132
03/06/1999 00:00,       1.121
04/06/1999 00:00,       1.113
05/06/1999 00:00,       1.117
06/06/1999 00:00,       1.150
07/06/1999 00:00,       1.151
08/06/1999 00:00,       1.138
09/06/1999 00:00,       1.129
10/06/1999 00:00,       1.121
11/06/1999 00:00,       1.122
12/06/1999 00:00,       1.130
13/06/1999 00:00,       1.203
14/06/1999 00:00,       1.275
15/06/1999 00:00,       1.209
16/06/1999 00:00,       1.187
17/06/1999 00:00,       1.170
18/06/1999 00:00,       1.236
19/06/1999 00:00,       1.230
20/06/1999 00:00,       1.189
21/06/1999 00:00,       1.169
22/06/1999 00:00,       1.164
23/06/1999 00:00,       1.160
24/06/1999 00:00,       1.152
25/06/1999 00:00,       1.152
26/06/1999 00:00,       1.245
27/06/1999 00:00,       1.209
28/06/1999 00:00,       1.182
29/06/1999 00:00,       1.167
30/06/1999 00:00,       1.159
01/07/1999 00:00,       1.163
02/07/1999 00:00,       1.167
03/07/1999 00:00,       1.174
04/07/1999 00:00,       1.162
05/07/1999 00:00,       1.151
06/07/1999 00:00,       1.146
07/07/1999 00:00,       1.139
08/07/1999 00:00,       1.139
09/07/1999 00:00,       1.139
10/07/1999 00:00,       1.152
11/07/1999 00:00,       1.149
12/07/1999 00:00,       1.144
13/07/1999 00:00,       1.142
14/07/1999 00:00,       1.139
15/07/1999 00:00,       1.138
16/07/1999 00:00,       1.136
17/07/1999 00:00,       1.133
18/07/1999 00:00,       1.136
19/07/1999 00:00,       1.606
20/07/1999 00:00,       1.393
21/07/1999 00:00,       1.285
22/07/1999 00:00,       1.248
23/07/1999 00:00,       1.228
24/07/1999 00:00,       1.214
25/07/1999 00:00,       1.206
26/07/1999 00:00,       1.203
27/07/1999 00:00,       1.198
28/07/1999 00:00,       1.190
29/07/1999 00:00,       1.182
30/07/1999 00:00,       1.173
31/07/1999 00:00,       1.166
01/08/1999 00:00,       1.163
02/08/1999 00:00,       1.160
03/08/1999 00:00,       1.158
04/08/1999 00:00,       1.156
05/08/1999 00:00,       1.153
06/08/1999 00:00,       1.151
07/08/1999 00:00,       1.153
08/08/1999 00:00,       1.213
09/08/1999 00:00,       1.329
10/08/1999 00:00,       1.265
11/08/1999 00:00,       1.219
12/08/1999 00:00,       1.197
13/08/1999 00:00,       1.195
14/08/1999 00:00,       1.187
15/08/1999 00:00,       1.192
16/08/1999 00:00,       1.191
17/08/1999 00:00,       1.182
18/08/1999 00:00,       1.170
19/08/1999 00:00,       1.160
20/08/1999 00:00,       1.153
21/08/1999 00:00,       1.149
22/08/1999 00:00,       1.148
23/08/1999 00:00,       1.145
24/08/1999 00:00,       1.140
25/08/1999 00:00,       1.138
26/08/1999 00:00,       1.139
27/08/1999 00:00,       1.201
28/08/1999 00:00,       1.197
29/08/1999 00:00,       1.168
30/08/1999 00:00,       1.155
31/08/1999 00:00,       1.141
01/09/1999 00:00,       1.133
02/09/1999 00:00,       1.135
03/09/1999 00:00,       1.136
04/09/1999 00:00,       1.315
05/09/1999 00:00,       1.367
06/09/1999 00:00,       1.296
07/09/1999 00:00,       1.240
08/09/1999 00:00,       1.211
09/09/1999 00:00,       1.193
10/09/1999 00:00,       1.185
11/09/1999 00:00,       1.180
12/09/1999 00:00,       1.169
13/09/1999 00:00,       1.163
14/09/1999 00:00,       1.158
15/09/1999 00:00,       1.157
16/09/1999 00:00,       1.227
17/09/1999 00:00,       1.408
18/09/1999 00:00,       1.297
19/09/1999 00:00,       1.245
20/09/1999 00:00,       1.215
21/09/1999 00:00,       1.197
22/09/1999 00:00,       1.181
23/09/1999 00:00,       1.169
24/09/1999 00:00,       1.163
25/09/1999 00:00,       1.159
26/09/1999 00:00,       1.153
27/09/1999 00:00,       1.147
28/09/1999 00:00,       1.142
29/09/1999 00:00,       1.142
30/09/1999 00:00,       1.162
01/10/1999 00:00,       1.156
02/10/1999 00:00,       1.148
03/10/1999 00:00,       1.196
04/10/1999 00:00,       1.205
05/10/1999 00:00,       1.170
06/10/1999 00:00,       1.155
07/10/1999 00:00,       1.145
08/10/1999 00:00,       1.136
09/10/1999 00:00,       1.131
10/10/1999 00:00,       1.130
11/10/1999 00:00,       1.134
12/10/1999 00:00,       1.156
13/10/1999 00:00,       1.157
14/10/1999 00:00,       1.153
15/10/1999 00:00,       1.149
16/10/1999 00:00,       1.144
17/10/1999 00:00,       1.139
18/10/1999 00:00,       1.133
19/10/1999 00:00,       1.126
20/10/1999 00:00,       1.123
21/10/1999 00:00,       1.120
22/10/1999 00:00,       1.121
23/10/1999 00:00,       1.132
24/10/1999 00:00,       1.160
25/10/1999 00:00,       1.153
26/10/1999 00:00,       1.141
27/10/1999 00:00,       1.131
28/10/1999 00:00,       1.122
29/10/1999 00:00,       1.113
30/10/1999 00:00,       1.114
31/10/1999 00:00,       1.113
01/11/1999 00:00,       1.109
02/11/1999 00:00,       1.107
03/11/1999 00:00,       1.107
04/11/1999 00:00,       1.111
05/11/1999 00:00,       1.131
06/11/1999 00:00,       1.171
07/11/1999 00:00,       1.171
08/11/1999 00:00,       1.179
09/11/1999 00:00,       1.171
10/11/1999 00:00,       1.148
11/11/1999 00:00,       1.140
12/11/1999 00:00,       1.136
13/11/1999 00:00,       1.131
14/11/1999 00:00,       1.121
15/11/1999 00:00,       1.111
16/11/1999 00:00,       1.105
17/11/1999 00:00,       1.103
18/11/1999 00:00,       1.103
19/11/1999 00:00,       1.111
20/11/1999 00:00,       1.093
21/11/1999 00:00,       1.093
22/11/1999 00:00,       1.098
23/11/1999 00:00,       1.096
24/11/1999 00:00,       1.092
25/11/1999 00:00,       1.087
26/11/1999 00:00,       1.084
27/11/1999 00:00,       1.081
28/11/1999 00:00,       1.079
29/11/1999 00:00,       1.085
30/11/1999 00:00,       1.097
01/12/1999 00:00,       1.089
02/12/1999 00:00,       1.053
03/12/1999 00:00,       1.066
04/12/1999 00:00,       1.074
05/12/1999 00:00,       1.082
06/12/1999 00:00,       1.082
07/12/1999 00:00,       1.072
08/12/1999 00:00,       1.066
09/12/1999 00:00,       1.059
10/12/1999 00:00,       1.060
11/12/1999 00:00,       1.060
12/12/1999 00:00,       1.057
13/12/1999 00:00,       1.056
14/12/1999 00:00,       1.056
15/12/1999 00:00,       1.062
16/12/1999 00:00,       1.067
17/12/1999 00:00,       1.067
18/12/1999 00:00,       1.058
19/12/1999 00:00,       1.042
20/12/1999 00:00,       1.041
21/12/1999 00:00,       1.041
22/12/1999 00:00,       1.041
23/12/1999 00:00,       1.041
24/12/1999 00:00,       1.040
25/12/1999 00:00,       1.040
26/12/1999 00:00,       1.039
27/12/1999 00:00,       1.040
28/12/1999 00:00,       1.040
29/12/1999 00:00,       1.038
30/12/1999 00:00,       1.038
31/12/1999 00:00,       1.037
01/01/2000 00:00,       1.036
02/01/2000 00:00,       1.036
03/01/2000 00:00,       1.035
04/01/2000 00:00,       1.034
05/01/2000 00:00,       1.035
06/01/2000 00:00,       1.035
07/01/2000 00:00,       1.035
08/01/2000 00:00,       1.034
09/01/2000 00:00,       1.033
10/01/2000 00:00,       1.033
11/01/2000 00:00,       1.033
12/01/2000 00:00,       1.031
13/01/2000 00:00,       1.031
14/01/2000 00:00,       1.033
15/01/2000 00:00,       1.034
16/01/2000 00:00,       1.035
17/01/2000 00:00,       1.034
18/01/2000 00:00,       1.033
19/01/2000 00:00,       1.032
20/01/2000 00:00,       1.033
21/01/2000 00:00,       1.034
22/01/2000 00:00,       1.035
23/01/2000 00:00,       1.034
24/01/2000 00:00,       1.037
25/01/2000 00:00,       1.041
26/01/2000 00:00,       1.038
27/01/2000 00:00,       1.036
28/01/2000 00:00,       1.035
29/01/2000 00:00,       1.035
30/01/2000 00:00,       1.035
31/01/2000 00:00,       1.035
01/02/2000 00:00,       1.034
02/02/2000 00:00,       1.032
03/02/2000 00:00,       1.031
04/02/2000 00:00,       1.032
05/02/2000 00:00,       1.031
06/02/2000 00:00,       1.031
07/02/2000 00:00,       1.032
08/02/2000 00:00,       1.033
09/02/2000 00:00,       1.033
10/02/2000 00:00,       1.032
11/02/2000 00:00,       1.033
12/02/2000 00:00,       1.033
13/02/2000 00:00,       1.032
14/02/2000 00:00,       1.033
15/02/2000 00:00,       1.032
16/02/2000 00:00,       1.032
17/02/2000 00:00,       1.032
18/02/2000 00:00,       1.032
19/02/2000 00:00,       1.030
20/02/2000 00:00,       1.047
21/02/2000 00:00,       1.069
22/02/2000 00:00,       1.096
23/02/2000 00:00,       1.139
24/02/2000 00:00,       1.106
25/02/2000 00:00,       1.085
26/02/2000 00:00,       1.069
27/02/2000 00:00,       1.060
28/02/2000 00:00,       1.059
29/02/2000 00:00,       1.057
01/03/2000 00:00,       1.053
02/03/2000 00:00,       1.049
03/03/2000 00:00,       1.047
04/03/2000 00:00,       1.046
05/03/2000 00:00,       1.046
06/03/2000 00:00,       1.044
07/03/2000 00:00,       1.041
08/03/2000 00:00,       1.041
09/03/2000 00:00,       1.041
10/03/2000 00:00,       1.041
11/03/2000 00:00,       1.042
12/03/2000 00:00,       1.041
13/03/2000 00:00,       1.039
14/03/2000 00:00,       1.040
15/03/2000 00:00,       1.040
16/03/2000 00:00,       1.040
17/03/2000 00:00,       1.037
18/03/2000 00:00,       1.036
19/03/2000 00:00,       1.037
20/03/2000 00:00,       1.037
21/03/2000 00:00,       1.037
22/03/2000 00:00,       1.045
23/03/2000 00:00,       1.050
24/03/2000 00:00,       1.044
25/03/2000 00:00,       1.046
26/03/2000 00:00,       1.052
27/03/2000 00:00,       1.049
28/03/2000 00:00,       1.049
29/03/2000 00:00,       1.051
30/03/2000 00:00,       1.050
31/03/2000 00:00,       1.051
01/04/2000 00:00,       1.055
02/04/2000 00:00,       1.062
03/04/2000 00:00,       1.066
04/04/2000 00:00,       1.071
05/04/2000 00:00,       1.077
06/04/2000 00:00,       1.078
07/04/2000 00:00,       1.086
08/04/2000 00:00,       1.088
09/04/2000 00:00,       1.079
10/04/2000 00:00,       1.070
11/04/2000 00:00,       1.063
12/04/2000 00:00,       1.059
13/04/2000 00:00,       1.060
14/04/2000 00:00,       1.063
15/04/2000 00:00,       1.060
16/04/2000 00:00,       1.059
17/04/2000 00:00,       1.063
18/04/2000 00:00,       1.068
19/04/2000 00:00,       1.070
20/04/2000 00:00,       1.073
21/04/2000 00:00,       1.074
22/04/2000 00:00,       1.070
23/04/2000 00:00,       1.068
24/04/2000 00:00,       1.066
25/04/2000 00:00,       1.064
26/04/2000 00:00,       1.062
27/04/2000 00:00,       1.060
28/04/2000 00:00,       1.057
29/04/2000 00:00,       1.057
30/04/2000 00:00,       1.078
01/05/2000 00:00,       1.092
02/05/2000 00:00,       1.097
03/05/2000 00:00,       1.088
04/05/2000 00:00,       1.083
05/05/2000 00:00,       1.083
06/05/2000 00:00,       1.086
07/05/2000 00:00,       1.089
08/05/2000 00:00,       1.091
09/05/2000 00:00,       1.087
10/05/2000 00:00,       1.082
11/05/2000 00:00,       1.078
12/05/2000 00:00,       1.081
13/05/2000 00:00,       1.112
14/05/2000 00:00,       1.165
15/05/2000 00:00,       1.154
16/05/2000 00:00,       1.126
17/05/2000 00:00,       1.110
18/05/2000 00:00,       1.105
19/05/2000 00:00,       1.103
20/05/2000 00:00,       1.102
21/05/2000 00:00,       1.098
22/05/2000 00:00,       1.095
23/05/2000 00:00,       1.094
24/05/2000 00:00,       1.095
25/05/2000 00:00,       1.101
26/05/2000 00:00,       1.122
27/05/2000 00:00,       1.197
28/05/2000 00:00,       1.197
29/05/2000 00:00,       1.182
30/05/2000 00:00,       1.154
31/05/2000 00:00,       1.141
01/06/2000 00:00,       1.134
02/06/2000 00:00,       1.130
03/06/2000 00:00,       1.130
04/06/2000 00:00,       1.133
05/06/2000 00:00,       1.148
06/06/2000 00:00,       1.148
07/06/2000 00:00,       1.145
08/06/2000 00:00,       1.142
09/06/2000 00:00,       1.168
10/06/2000 00:00,       1.206
11/06/2000 00:00,       1.165
12/06/2000 00:00,       1.147
13/06/2000 00:00,       1.136
14/06/2000 00:00,       1.128
15/06/2000 00:00,       1.122
16/06/2000 00:00,       1.120
17/06/2000 00:00,       1.127
18/06/2000 00:00,       1.142
19/06/2000 00:00,       1.133
20/06/2000 00:00,       1.127
21/06/2000 00:00,       1.131
22/06/2000 00:00,       1.357
23/06/2000 00:00,       1.317
24/06/2000 00:00,       1.231
25/06/2000 00:00,       1.199
26/06/2000 00:00,       1.186
27/06/2000 00:00,       1.273
28/06/2000 00:00,       1.490
29/06/2000 00:00,       1.537
30/06/2000 00:00,       1.367
01/07/2000 00:00,       1.328
02/07/2000 00:00,       1.275
03/07/2000 00:00,       1.246
04/07/2000 00:00,       1.229
05/07/2000 00:00,       1.215
06/07/2000 00:00,       1.419
07/07/2000 00:00,       1.354
08/07/2000 00:00,       1.326
09/07/2000 00:00,       1.400
10/07/2000 00:00,       1.303
11/07/2000 00:00,       1.256
12/07/2000 00:00,       1.289
13/07/2000 00:00,       1.301
14/07/2000 00:00,       1.254
15/07/2000 00:00,       1.419
16/07/2000 00:00,       1.283
17/07/2000 00:00,       1.246
18/07/2000 00:00,       1.227
19/07/2000 00:00,       1.319
20/07/2000 00:00,       1.304
21/07/2000 00:00,       1.556
22/07/2000 00:00,       1.324
23/07/2000 00:00,       1.276
24/07/2000 00:00,       1.313
25/07/2000 00:00,       1.427
26/07/2000 00:00,       1.748
27/07/2000 00:00,       1.645
28/07/2000 00:00,       1.410
29/07/2000 00:00,       1.340
30/07/2000 00:00,       1.304
31/07/2000 00:00,       1.280
01/08/2000 00:00,       1.261
02/08/2000 00:00,       1.248
03/08/2000 00:00,       1.236
04/08/2000 00:00,       1.224
05/08/2000 00:00,       1.218
06/08/2000 00:00,       1.215
07/08/2000 00:00,       1.210
08/08/2000 00:00,       1.255
09/08/2000 00:00,       1.301
10/08/2000 00:00,       1.250
11/08/2000 00:00,       1.235
12/08/2000 00:00,       1.228
13/08/2000 00:00,       1.237
14/08/2000 00:00,       1.230
15/08/2000 00:00,       1.241
16/08/2000 00:00,       1.263
17/08/2000 00:00,       1.234
18/08/2000 00:00,       1.214
19/08/2000 00:00,       1.205
20/08/2000 00:00,       1.201
21/08/2000 00:00,       1.204
22/08/2000 00:00,       1.475
23/08/2000 00:00,       1.584
24/08/2000 00:00,       1.387
25/08/2000 00:00,       1.357
26/08/2000 00:00,       1.312
27/08/2000 00:00,       1.323
28/08/2000 00:00,       1.422
29/08/2000 00:00,       1.410
30/08/2000 00:00,       1.327
31/08/2000 00:00,       1.683
01/09/2000 00:00,       1.717
02/09/2000 00:00,       1.514
03/09/2000 00:00,       1.415
04/09/2000 00:00,       1.336
05/09/2000 00:00,       1.305
06/09/2000 00:00,       1.287
07/09/2000 00:00,       1.501
08/09/2000 00:00,       1.504
09/09/2000 00:00,       1.611
10/09/2000 00:00,       1.423
11/09/2000 00:00,       1.601
12/09/2000 00:00,       1.389
13/09/2000 00:00,       1.330
14/09/2000 00:00,       1.290
15/09/2000 00:00,       1.274
16/09/2000 00:00,       1.260
17/09/2000 00:00,       1.248
18/09/2000 00:00,       1.241
19/09/2000 00:00,       1.237
20/09/2000 00:00,       1.231
21/09/2000 00:00,       1.222
22/09/2000 00:00,       1.216
23/09/2000 00:00,       1.212
24/09/2000 00:00,       1.212
25/09/2000 00:00,       1.209
26/09/2000 00:00,       1.203
27/09/2000 00:00,       1.202
28/09/2000 00:00,       1.200
29/09/2000 00:00,       1.196
30/09/2000 00:00,       1.188
01/10/2000 00:00,       1.195
02/10/2000 00:00,       1.191
03/10/2000 00:00,       1.180
04/10/2000 00:00,       1.176
05/10/2000 00:00,       1.169
06/10/2000 00:00,       1.161
07/10/2000 00:00,       1.187
08/10/2000 00:00,       1.249
09/10/2000 00:00,       1.198
10/10/2000 00:00,       1.180
11/10/2000 00:00,       1.174
12/10/2000 00:00,       1.168
13/10/2000 00:00,       1.162
14/10/2000 00:00,       1.171
15/10/2000 00:00,       1.180
16/10/2000 00:00,       1.180
17/10/2000 00:00,       1.181
18/10/2000 00:00,       1.537
19/10/2000 00:00,       2.119
20/10/2000 00:00,       1.495
21/10/2000 00:00,       1.434
22/10/2000 00:00,       1.381
23/10/2000 00:00,       1.348
24/10/2000 00:00,       1.336
25/10/2000 00:00,       1.344
26/10/2000 00:00,       1.339
27/10/2000 00:00,       1.325
28/10/2000 00:00,       1.312
29/10/2000 00:00,       1.297
30/10/2000 00:00,       1.283
31/10/2000 00:00,       1.273
01/11/2000 00:00,       1.262
02/11/2000 00:00,       1.234
03/11/2000 00:00,       1.216
04/11/2000 00:00,       1.210
05/11/2000 00:00,       1.203
06/11/2000 00:00,       1.195
07/11/2000 00:00,       1.184
08/11/2000 00:00,       1.171
09/11/2000 00:00,       1.169
10/11/2000 00:00,       1.176
11/11/2000 00:00,       1.182
12/11/2000 00:00,       1.195
13/11/2000 00:00,       1.205
14/11/2000 00:00,       1.195
15/11/2000 00:00,       1.180
16/11/2000 00:00,       1.168
17/11/2000 00:00,       1.160
18/11/2000 00:00,       1.156
19/11/2000 00:00,       1.159
20/11/2000 00:00,       1.122
21/11/2000 00:00,       1.121
22/11/2000 00:00,       1.122
23/11/2000 00:00,       1.124
24/11/2000 00:00,       1.124
25/11/2000 00:00,       1.119
26/11/2000 00:00,       1.117
27/11/2000 00:00,       1.121
28/11/2000 00:00,       1.128
29/11/2000 00:00,       1.140
30/11/2000 00:00,       1.151
01/12/2000 00:00,       1.124
02/12/2000 00:00,       1.097
03/12/2000 00:00,       1.094
04/12/2000 00:00,       1.093
05/12/2000 00:00,       1.092
06/12/2000 00:00,       1.092
07/12/2000 00:00,       1.097
08/12/2000 00:00,       1.094
09/12/2000 00:00,       1.086
10/12/2000 00:00,       1.082
11/12/2000 00:00,       1.081
12/12/2000 00:00,       1.080
13/12/2000 00:00,       1.078
14/12/2000 00:00,       1.075
15/12/2000 00:00,       1.071
16/12/2000 00:00,       1.068
17/12/2000 00:00,       1.068
18/12/2000 00:00,       1.067
19/12/2000 00:00,       1.069
20/12/2000 00:00,       1.068
21/12/2000 00:00,       1.069
22/12/2000 00:00,       1.068
23/12/2000 00:00,       1.066
24/12/2000 00:00,       1.068
25/12/2000 00:00,       1.069
26/12/2000 00:00,       1.068
27/12/2000 00:00,       1.070
28/12/2000 00:00,       1.070
29/12/2000 00:00,       1.070
30/12/2000 00:00,       1.069
31/12/2000 00:00,       1.068
01/01/2001 00:00,       1.070
02/01/2001 00:00,       1.067
03/01/2001 00:00,       1.063
04/01/2001 00:00,       1.060
05/01/2001 00:00,       1.056
06/01/2001 00:00,       1.054
07/01/2001 00:00,       1.053
08/01/2001 00:00,       1.056
09/01/2001 00:00,       1.060
10/01/2001 00:00,       1.057
11/01/2001 00:00,       1.053
12/01/2001 00:00,       1.051
13/01/2001 00:00,       1.051
14/01/2001 00:00,       1.050
15/01/2001 00:00,       1.049
16/01/2001 00:00,       1.048
17/01/2001 00:00,       1.047
18/01/2001 00:00,       1.045
19/01/2001 00:00,       1.043
20/01/2001 00:00,       1.041
21/01/2001 00:00,       1.042
22/01/2001 00:00,       1.045
23/01/2001 00:00,       1.045
24/01/2001 00:00,       1.045
25/01/2001 00:00,       1.045
26/01/2001 00:00,       1.043
27/01/2001 00:00,       1.040
28/01/2001 00:00,       1.041
29/01/2001 00:00,       1.040
30/01/2001 00:00,       1.039
31/01/2001 00:00,       1.038
01/02/2001 00:00,       1.037
02/02/2001 00:00,       1.035
03/02/2001 00:00,       1.035
04/02/2001 00:00,       1.048
05/02/2001 00:00,       1.049
06/02/2001 00:00,       1.046
07/02/2001 00:00,       1.043
08/02/2001 00:00,       1.043
09/02/2001 00:00,       1.045
10/02/2001 00:00,       1.044
11/02/2001 00:00,       1.043
12/02/2001 00:00,       1.046
13/02/2001 00:00,       1.052
14/02/2001 00:00,       1.048
15/02/2001 00:00,       1.047
16/02/2001 00:00,       1.054
17/02/2001 00:00,       1.056
18/02/2001 00:00,       1.051
19/02/2001 00:00,       1.045
20/02/2001 00:00,       1.041
21/02/2001 00:00,       1.038
22/02/2001 00:00,       1.038
23/02/2001 00:00,       1.038
24/02/2001 00:00,       1.038
25/02/2001 00:00,       1.040
26/02/2001 00:00,       1.040
27/02/2001 00:00,       1.040
28/02/2001 00:00,       1.040
01/03/2001 00:00,       1.039
02/03/2001 00:00,       1.038
03/03/2001 00:00,       1.038
04/03/2001 00:00,       1.038
05/03/2001 00:00,       1.038
06/03/2001 00:00,       1.038
07/03/2001 00:00,       1.038
08/03/2001 00:00,       1.037
09/03/2001 00:00,       1.037
10/03/2001 00:00,       1.036
11/03/2001 00:00,       1.036
12/03/2001 00:00,       1.038
13/03/2001 00:00,       1.038
14/03/2001 00:00,       1.038
15/03/2001 00:00,       1.038
16/03/2001 00:00,       1.045
17/03/2001 00:00,       1.046
18/03/2001 00:00,       1.044
19/03/2001 00:00,       1.042
20/03/2001 00:00,       1.043
21/03/2001 00:00,       1.059
22/03/2001 00:00,       1.060
23/03/2001 00:00,       1.060
24/03/2001 00:00,       1.064
25/03/2001 00:00,       1.075
26/03/2001 00:00,       1.076
27/03/2001 00:00,       1.077
28/03/2001 00:00,       1.075
29/03/2001 00:00,       1.076
30/03/2001 00:00,       1.071
31/03/2001 00:00,       1.067
01/04/2001 00:00,       1.064
02/04/2001 00:00,       1.062
03/04/2001 00:00,       1.061
04/04/2001 00:00,       1.059
05/04/2001 00:00,       1.058
06/04/2001 00:00,       1.056
07/04/2001 00:00,       1.054
08/04/2001 00:00,       1.058
09/04/2001 00:00,       1.057
10/04/2001 00:00,       1.060
11/04/2001 00:00,       1.063
12/04/2001 00:00,       1.064
13/04/2001 00:00,       1.062
14/04/2001 00:00,       1.059
15/04/2001 00:00,       1.058
16/04/2001 00:00,       1.057
17/04/2001 00:00,       1.057
18/04/2001 00:00,       1.055
19/04/2001 00:00,       1.054
20/04/2001 00:00,       1.056
21/04/2001 00:00,       1.057
22/04/2001 00:00,       1.066
23/04/2001 00:00,       1.072
24/04/2001 00:00,       1.078
25/04/2001 00:00,       1.082
26/04/2001 00:00,       1.070
27/04/2001 00:00,       1.069
28/04/2001 00:00,       1.072
29/04/2001 00:00,       1.071
30/04/2001 00:00,       1.070
01/05/2001 00:00,       1.070
02/05/2001 00:00,       1.070
03/05/2001 00:00,       1.069
04/05/2001 00:00,       1.070
05/05/2001 00:00,       1.070
06/05/2001 00:00,       1.069
07/05/2001 00:00,       1.069
08/05/2001 00:00,       1.068
09/05/2001 00:00,       1.074
10/05/2001 00:00,       1.081
11/05/2001 00:00,       1.089
12/05/2001 00:00,       1.098
13/05/2001 00:00,       1.092
14/05/2001 00:00,       1.088
15/05/2001 00:00,       1.093
16/05/2001 00:00,       1.118
17/05/2001 00:00,       1.173
18/05/2001 00:00,       1.362
19/05/2001 00:00,       1.233
20/05/2001 00:00,       1.196
21/05/2001 00:00,       1.169
22/05/2001 00:00,       1.150
23/05/2001 00:00,       1.138
24/05/2001 00:00,       1.129
25/05/2001 00:00,       1.124
26/05/2001 00:00,       1.125
27/05/2001 00:00,       1.164
28/05/2001 00:00,       1.254
29/05/2001 00:00,       1.227
30/05/2001 00:00,       1.186
31/05/2001 00:00,       1.164
01/06/2001 00:00,       1.151
02/06/2001 00:00,       1.142
03/06/2001 00:00,       1.135
04/06/2001 00:00,       1.131
05/06/2001 00:00,       1.127
06/06/2001 00:00,       1.140
07/06/2001 00:00,       1.332
08/06/2001 00:00,       1.575
09/06/2001 00:00,       1.469
10/06/2001 00:00,       1.320
11/06/2001 00:00,       1.411
12/06/2001 00:00,       1.425
13/06/2001 00:00,       1.341
14/06/2001 00:00,       1.301
15/06/2001 00:00,       1.271
16/06/2001 00:00,       1.257
17/06/2001 00:00,       1.250
18/06/2001 00:00,       1.242
19/06/2001 00:00,       1.233
20/06/2001 00:00,       1.237
21/06/2001 00:00,       1.269
22/06/2001 00:00,       1.253
23/06/2001 00:00,       1.240
24/06/2001 00:00,       1.226
25/06/2001 00:00,       1.218
26/06/2001 00:00,       1.215
27/06/2001 00:00,       1.218
28/06/2001 00:00,       1.210
29/06/2001 00:00,       1.202
30/06/2001 00:00,       1.197
01/07/2001 00:00,       1.193
02/07/2001 00:00,       1.190
03/07/2001 00:00,       1.186
04/07/2001 00:00,       1.183
05/07/2001 00:00,       1.321
06/07/2001 00:00,       1.340
07/07/2001 00:00,       1.324
08/07/2001 00:00,       1.550
09/07/2001 00:00,       1.367
10/07/2001 00:00,       1.308
11/07/2001 00:00,       1.279
12/07/2001 00:00,       1.280
13/07/2001 00:00,       1.286
14/07/2001 00:00,       1.260
15/07/2001 00:00,       1.269
16/07/2001 00:00,       1.299
17/07/2001 00:00,       1.287
18/07/2001 00:00,       1.282
19/07/2001 00:00,       1.262
20/07/2001 00:00,       1.276
21/07/2001 00:00,       1.260
22/07/2001 00:00,       1.243
23/07/2001 00:00,       1.233
24/07/2001 00:00,       1.231
25/07/2001 00:00,       1.236
26/07/2001 00:00,       1.232
27/07/2001 00:00,       1.222
28/07/2001 00:00,       1.222
29/07/2001 00:00,       1.216
30/07/2001 00:00,       1.210
31/07/2001 00:00,       1.205
01/08/2001 00:00,       1.207
02/08/2001 00:00,       1.219
03/08/2001 00:00,       1.203
04/08/2001 00:00,       1.196
05/08/2001 00:00,       1.335
06/08/2001 00:00,       1.310
07/08/2001 00:00,       1.293
08/08/2001 00:00,       1.383
09/08/2001 00:00,       1.275
10/08/2001 00:00,       1.241
11/08/2001 00:00,       1.221
12/08/2001 00:00,       1.213
13/08/2001 00:00,       1.203
14/08/2001 00:00,       1.198
15/08/2001 00:00,       1.192
16/08/2001 00:00,       1.185
17/08/2001 00:00,       1.270
18/08/2001 00:00,       1.274
19/08/2001 00:00,       1.257
20/08/2001 00:00,       1.280
21/08/2001 00:00,       1.262
22/08/2001 00:00,       1.256
23/08/2001 00:00,       1.245
24/08/2001 00:00,       1.232
25/08/2001 00:00,       1.327
26/08/2001 00:00,       1.589
27/08/2001 00:00,       1.454
28/08/2001 00:00,       1.395
29/08/2001 00:00,       1.384
30/08/2001 00:00,       1.319
31/08/2001 00:00,       1.288
01/09/2001 00:00,       1.484
02/09/2001 00:00,       1.944
03/09/2001 00:00,       1.491
04/09/2001 00:00,       1.408
05/09/2001 00:00,       1.342
06/09/2001 00:00,       1.305
07/09/2001 00:00,       1.742
08/09/2001 00:00,       2.319
09/09/2001 00:00,       1.561
10/09/2001 00:00,       1.402
11/09/2001 00:00,       1.346
12/09/2001 00:00,       1.324
13/09/2001 00:00,       1.313
14/09/2001 00:00,       1.298
15/09/2001 00:00,       1.286
16/09/2001 00:00,       1.268
17/09/2001 00:00,       1.255
18/09/2001 00:00,       1.246
19/09/2001 00:00,       1.232
20/09/2001 00:00,       1.221
21/09/2001 00:00,       1.216
22/09/2001 00:00,       1.213
23/09/2001 00:00,       1.218
24/09/2001 00:00,       1.345
25/09/2001 00:00,       1.373
26/09/2001 00:00,       1.295
27/09/2001 00:00,       1.246
28/09/2001 00:00,       1.226
29/09/2001 00:00,       1.207
30/09/2001 00:00,       1.194
01/10/2001 00:00,       1.198
02/10/2001 00:00,       1.213
03/10/2001 00:00,       1.238
04/10/2001 00:00,       1.258
05/10/2001 00:00,       1.227
06/10/2001 00:00,       1.219
07/10/2001 00:00,       1.238
08/10/2001 00:00,       1.249
09/10/2001 00:00,       1.247
10/10/2001 00:00,       1.210
11/10/2001 00:00,       1.385
12/10/2001 00:00,       1.398
13/10/2001 00:00,       1.311
14/10/2001 00:00,       1.349
15/10/2001 00:00,       1.268
16/10/2001 00:00,       1.238
17/10/2001 00:00,       1.223
18/10/2001 00:00,       1.216
19/10/2001 00:00,       1.211
20/10/2001 00:00,       1.201
21/10/2001 00:00,       1.192
22/10/2001 00:00,       1.182
23/10/2001 00:00,       1.181
24/10/2001 00:00,       1.185
25/10/2001 00:00,       1.219
26/10/2001 00:00,       1.221
27/10/2001 00:00,       1.203
28/10/2001 00:00,       1.186
29/10/2001 00:00,       1.177
30/10/2001 00:00,       1.171
31/10/2001 00:00,       1.174
01/11/2001 00:00,       1.170
02/11/2001 00:00,       1.168
03/11/2001 00:00,       1.164
04/11/2001 00:00,       1.161
05/11/2001 00:00,       1.162
06/11/2001 00:00,       1.196
07/11/2001 00:00,       1.205
08/11/2001 00:00,       1.174
09/11/2001 00:00,       1.161
10/11/2001 00:00,       1.154
11/11/2001 00:00,       1.153
12/11/2001 00:00,       1.168
13/11/2001 00:00,       1.186
14/11/2001 00:00,       1.194
15/11/2001 00:00,       1.173
16/11/2001 00:00,       1.157
17/11/2001 00:00,       1.151
18/11/2001 00:00,       1.151
19/11/2001 00:00,       1.187
20/11/2001 00:00,       1.163
21/11/2001 00:00,       1.146
22/11/2001 00:00,       1.137
23/11/2001 00:00,       1.134
24/11/2001 00:00,       1.139
25/11/2001 00:00,       1.172
26/11/2001 00:00,       1.178
27/11/2001 00:00,       1.158
28/11/2001 00:00,       1.144
29/11/2001 00:00,       1.136
30/11/2001 00:00,       1.128
01/12/2001 00:00,       1.124
02/12/2001 00:00,       1.124
03/12/2001 00:00,       1.129
04/12/2001 00:00,       1.206
05/12/2001 00:00,       1.208
06/12/2001 00:00,       1.183
07/12/2001 00:00,       1.219
08/12/2001 00:00,       1.205
09/12/2001 00:00,       1.177
10/12/2001 00:00,       1.155
11/12/2001 00:00,       1.146
12/12/2001 00:00,       1.141
13/12/2001 00:00,       1.141
14/12/2001 00:00,       1.135
15/12/2001 00:00,       1.129
16/12/2001 00:00,       1.124
17/12/2001 00:00,       1.118
18/12/2001 00:00,       1.109
19/12/2001 00:00,       1.107
20/12/2001 00:00,       1.104
21/12/2001 00:00,       1.104
22/12/2001 00:00,       1.100
23/12/2001 00:00,       1.094
24/12/2001 00:00,       1.091
25/12/2001 00:00,       1.088
26/12/2001 00:00,       1.086
27/12/2001 00:00,       1.089
28/12/2001 00:00,       1.090
29/12/2001 00:00,       1.085
30/12/2001 00:00,       1.082
31/12/2001 00:00,       1.090
01/01/2002 00:00,       1.091
02/01/2002 00:00,       1.086
03/01/2002 00:00,       1.087
04/01/2002 00:00,       1.089
05/01/2002 00:00,       1.086
06/01/2002 00:00,       1.080
07/01/2002 00:00,       1.078
08/01/2002 00:00,       1.078
09/01/2002 00:00,       1.084
10/01/2002 00:00,       1.084
11/01/2002 00:00,       1.083
12/01/2002 00:00,       1.096
13/01/2002 00:00,       1.087
14/01/2002 00:00,       1.078
15/01/2002 00:00,       1.073
16/01/2002 00:00,       1.071
17/01/2002 00:00,       1.066
18/01/2002 00:00,       1.062
19/01/2002 00:00,       1.059
20/01/2002 00:00,       1.062
21/01/2002 00:00,       1.068
22/01/2002 00:00,       1.072
23/01/2002 00:00,       1.073
24/01/2002 00:00,       1.071
25/01/2002 00:00,       1.069
26/01/2002 00:00,       1.068
27/01/2002 00:00,       1.079
28/01/2002 00:00,       1.076
29/01/2002 00:00,       1.071
30/01/2002 00:00,       1.068
31/01/2002 00:00,       1.067
01/02/2002 00:00,       1.066
02/02/2002 00:00,       1.064
03/02/2002 00:00,       1.062
04/02/2002 00:00,       1.060
05/02/2002 00:00,       1.061
06/02/2002 00:00,       1.066
07/02/2002 00:00,       1.082
08/02/2002 00:00,       1.073
09/02/2002 00:00,       1.071
10/02/2002 00:00,       1.069
11/02/2002 00:00,       1.069
12/02/2002 00:00,       1.067
13/02/2002 00:00,       1.065
14/02/2002 00:00,       1.062
15/02/2002 00:00,       1.059
16/02/2002 00:00,       1.057
17/02/2002 00:00,       1.055
18/02/2002 00:00,       1.060
19/02/2002 00:00,       1.064
20/02/2002 00:00,       1.056
21/02/2002 00:00,       1.051
22/02/2002 00:00,       1.050
23/02/2002 00:00,       1.049
24/02/2002 00:00,       1.048
25/02/2002 00:00,       1.051
26/02/2002 00:00,       1.062
27/02/2002 00:00,       1.058
28/02/2002 00:00,       1.056
01/03/2002 00:00,       1.055
02/03/2002 00:00,       1.056
03/03/2002 00:00,       1.057
04/03/2002 00:00,       1.058
05/03/2002 00:00,       1.059
06/03/2002 00:00,       1.061
07/03/2002 00:00,       1.060
08/03/2002 00:00,       1.058
09/03/2002 00:00,       1.056
10/03/2002 00:00,       1.060
11/03/2002 00:00,       1.059
12/03/2002 00:00,       1.056
13/03/2002 00:00,       1.054
14/03/2002 00:00,       1.051
15/03/2002 00:00,       1.050
16/03/2002 00:00,       1.050
17/03/2002 00:00,       1.049
18/03/2002 00:00,       1.050
19/03/2002 00:00,       1.050
20/03/2002 00:00,       1.050
21/03/2002 00:00,       1.050
22/03/2002 00:00,       1.050
23/03/2002 00:00,       1.049
24/03/2002 00:00,       1.047
25/03/2002 00:00,       1.048
26/03/2002 00:00,       1.053
27/03/2002 00:00,       1.055
28/03/2002 00:00,       1.060
29/03/2002 00:00,       1.065
30/03/2002 00:00,       1.070
31/03/2002 00:00,       1.069
01/04/2002 00:00,       1.066
02/04/2002 00:00,       1.063
03/04/2002 00:00,       1.061
04/04/2002 00:00,       1.060
05/04/2002 00:00,       1.061
06/04/2002 00:00,       1.062
07/04/2002 00:00,       1.063
08/04/2002 00:00,       1.063
09/04/2002 00:00,       1.062
10/04/2002 00:00,       1.061
11/04/2002 00:00,       1.061
12/04/2002 00:00,       1.062
13/04/2002 00:00,       1.068
14/04/2002 00:00,       1.067
15/04/2002 00:00,       1.067
16/04/2002 00:00,       1.068
17/04/2002 00:00,       1.067
18/04/2002 00:00,       1.067
19/04/2002 00:00,       1.068
20/04/2002 00:00,       1.067
21/04/2002 00:00,       1.066
22/04/2002 00:00,       1.065
23/04/2002 00:00,       1.063
24/04/2002 00:00,       1.062
25/04/2002 00:00,       1.063
26/04/2002 00:00,       1.063
27/04/2002 00:00,       1.062
28/04/2002 00:00,       1.063
29/04/2002 00:00,       1.064
30/04/2002 00:00,       1.063
01/05/2002 00:00,       1.063
02/05/2002 00:00,       1.064
03/05/2002 00:00,       1.065
04/05/2002 00:00,       1.062
05/05/2002 00:00,       1.062
06/05/2002 00:00,       1.062
07/05/2002 00:00,       1.060
08/05/2002 00:00,       1.058
09/05/2002 00:00,       1.064
10/05/2002 00:00,       1.066
11/05/2002 00:00,       1.069
12/05/2002 00:00,       1.069
13/05/2002 00:00,       1.070
14/05/2002 00:00,       1.069
15/05/2002 00:00,       1.071
16/05/2002 00:00,       1.072
17/05/2002 00:00,       1.072
18/05/2002 00:00,       1.086
19/05/2002 00:00,       1.163
20/05/2002 00:00,       1.220
21/05/2002 00:00,       1.191
22/05/2002 00:00,       1.145
23/05/2002 00:00,       1.127
24/05/2002 00:00,       1.117
25/05/2002 00:00,       1.109
26/05/2002 00:00,       1.103
27/05/2002 00:00,       1.100
28/05/2002 00:00,       1.098
29/05/2002 00:00,       1.097
30/05/2002 00:00,       1.095
31/05/2002 00:00,       1.098
01/06/2002 00:00,       1.098
02/06/2002 00:00,       1.097
03/06/2002 00:00,       1.097
04/06/2002 00:00,       1.097
05/06/2002 00:00,       1.096
06/06/2002 00:00,       1.095
07/06/2002 00:00,       1.097
08/06/2002 00:00,       1.115
09/06/2002 00:00,       1.191
10/06/2002 00:00,       1.175
11/06/2002 00:00,       1.151
12/06/2002 00:00,       1.190
13/06/2002 00:00,       1.201
14/06/2002 00:00,       1.196
15/06/2002 00:00,       1.314
16/06/2002 00:00,       1.253
17/06/2002 00:00,       1.246
18/06/2002 00:00,       1.198
19/06/2002 00:00,       1.174
20/06/2002 00:00,       1.158
21/06/2002 00:00,       1.150
22/06/2002 00:00,       1.147
23/06/2002 00:00,       1.144
24/06/2002 00:00,       1.142
25/06/2002 00:00,       1.143
26/06/2002 00:00,       1.138
27/06/2002 00:00,       1.140
28/06/2002 00:00,       1.187
29/06/2002 00:00,       1.181
30/06/2002 00:00,       1.158
01/07/2002 00:00,       1.146
02/07/2002 00:00,       1.138
03/07/2002 00:00,       1.160
04/07/2002 00:00,       1.256
05/07/2002 00:00,       1.203
06/07/2002 00:00,       1.196
07/07/2002 00:00,       1.178
08/07/2002 00:00,       1.163
09/07/2002 00:00,       1.158
10/07/2002 00:00,       1.165
11/07/2002 00:00,       1.159
12/07/2002 00:00,       1.151
13/07/2002 00:00,       1.158
14/07/2002 00:00,       1.263
15/07/2002 00:00,       1.209
16/07/2002 00:00,       1.189
17/07/2002 00:00,       1.195
18/07/2002 00:00,       1.189
19/07/2002 00:00,       1.175
20/07/2002 00:00,       1.166
21/07/2002 00:00,       1.159
22/07/2002 00:00,       1.154
23/07/2002 00:00,       1.150
24/07/2002 00:00,       1.146
25/07/2002 00:00,       1.144
26/07/2002 00:00,       1.155
27/07/2002 00:00,       1.172
28/07/2002 00:00,       1.283
29/07/2002 00:00,       1.371
30/07/2002 00:00,       1.281
31/07/2002 00:00,       1.249
01/08/2002 00:00,       1.214
02/08/2002 00:00,       1.191
03/08/2002 00:00,       1.229
04/08/2002 00:00,       1.270
05/08/2002 00:00,       1.215
06/08/2002 00:00,       1.201
07/08/2002 00:00,       1.211
08/08/2002 00:00,       1.200
09/08/2002 00:00,       1.188
10/08/2002 00:00,       1.177
11/08/2002 00:00,       1.169
12/08/2002 00:00,       1.193
13/08/2002 00:00,       1.208
14/08/2002 00:00,       1.204
15/08/2002 00:00,       1.196
16/08/2002 00:00,       1.185
17/08/2002 00:00,       1.175
18/08/2002 00:00,       1.166
19/08/2002 00:00,       1.162
20/08/2002 00:00,       1.159
21/08/2002 00:00,       1.158
22/08/2002 00:00,       1.161
23/08/2002 00:00,       1.167
24/08/2002 00:00,       1.181
25/08/2002 00:00,       1.166
26/08/2002 00:00,       1.157
27/08/2002 00:00,       1.150
28/08/2002 00:00,       1.144
29/08/2002 00:00,       1.145
30/08/2002 00:00,       1.159
31/08/2002 00:00,       1.158
01/09/2002 00:00,       1.153
02/09/2002 00:00,       1.146
03/09/2002 00:00,       1.152
04/09/2002 00:00,       1.196
05/09/2002 00:00,       1.208
06/09/2002 00:00,       1.175
07/09/2002 00:00,       1.159
08/09/2002 00:00,       1.159
09/09/2002 00:00,       1.170
10/09/2002 00:00,       1.187
11/09/2002 00:00,       1.181
12/09/2002 00:00,       1.167
13/09/2002 00:00,       1.153
14/09/2002 00:00,       1.142
15/09/2002 00:00,       1.131
16/09/2002 00:00,       1.128
17/09/2002 00:00,       1.153
18/09/2002 00:00,       1.158
19/09/2002 00:00,       1.160
20/09/2002 00:00,       1.161
21/09/2002 00:00,       1.150
22/09/2002 00:00,       1.142
23/09/2002 00:00,       1.136
24/09/2002 00:00,       1.131
25/09/2002 00:00,       1.128
26/09/2002 00:00,       1.149
27/09/2002 00:00,       1.154
28/09/2002 00:00,       1.175
29/09/2002 00:00,       1.216
30/09/2002 00:00,       1.195
01/10/2002 00:00,       1.168
02/10/2002 00:00,       1.149
03/10/2002 00:00,       1.141
04/10/2002 00:00,       1.163
05/10/2002 00:00,       1.211
06/10/2002 00:00,       1.194
07/10/2002 00:00,       1.178
08/10/2002 00:00,       1.169
09/10/2002 00:00,       1.170
10/10/2002 00:00,       1.161
11/10/2002 00:00,       1.151
12/10/2002 00:00,       1.140
13/10/2002 00:00,       1.132
14/10/2002 00:00,       1.125
15/10/2002 00:00,       1.121
16/10/2002 00:00,       1.118
17/10/2002 00:00,       1.114
18/10/2002 00:00,       1.104
19/10/2002 00:00,       1.100
20/10/2002 00:00,       1.103
21/10/2002 00:00,       1.104
22/10/2002 00:00,       1.102
23/10/2002 00:00,       1.100
24/10/2002 00:00,       1.102
25/10/2002 00:00,       1.106
26/10/2002 00:00,       1.112
27/10/2002 00:00,       1.111
28/10/2002 00:00,       1.102
29/10/2002 00:00,       1.099
30/10/2002 00:00,       1.096
31/10/2002 00:00,       1.094
01/11/2002 00:00,       1.089
02/11/2002 00:00,       1.085
03/11/2002 00:00,       1.081
04/11/2002 00:00,       1.079
05/11/2002 00:00,       1.080
06/11/2002 00:00,       1.077
07/11/2002 00:00,       1.072
08/11/2002 00:00,       1.070
09/11/2002 00:00,       1.069
10/11/2002 00:00,       1.072
11/11/2002 00:00,       1.069
12/11/2002 00:00,       1.065
13/11/2002 00:00,       1.063
14/11/2002 00:00,       1.063
15/11/2002 00:00,       1.062
16/11/2002 00:00,       1.061
17/11/2002 00:00,       1.062
18/11/2002 00:00,       1.070
19/11/2002 00:00,       1.070
20/11/2002 00:00,       1.066
21/11/2002 00:00,       1.062
22/11/2002 00:00,       1.058
23/11/2002 00:00,       1.056
24/11/2002 00:00,       1.057
25/11/2002 00:00,       1.073
26/11/2002 00:00,       1.140
27/11/2002 00:00,       1.184
28/11/2002 00:00,       1.141
29/11/2002 00:00,       1.116
30/11/2002 00:00,       1.102
01/12/2002 00:00,       1.092
02/12/2002 00:00,       1.081
03/12/2002 00:00,       1.073
04/12/2002 00:00,       1.066
05/12/2002 00:00,       1.066
06/12/2002 00:00,       1.066
07/12/2002 00:00,       1.072
08/12/2002 00:00,       1.075
09/12/2002 00:00,       1.072
10/12/2002 00:00,       1.068
11/12/2002 00:00,       1.067
12/12/2002 00:00,       1.066
13/12/2002 00:00,       1.065
14/12/2002 00:00,       1.062
15/12/2002 00:00,       1.060
16/12/2002 00:00,       1.058
17/12/2002 00:00,       1.056
18/12/2002 00:00,       1.055
19/12/2002 00:00,       1.055
20/12/2002 00:00,       1.053
21/12/2002 00:00,       1.051
22/12/2002 00:00,       1.049
23/12/2002 00:00,       1.048
24/12/2002 00:00,       1.047
25/12/2002 00:00,       1.047
26/12/2002 00:00,       1.045
27/12/2002 00:00,       1.044
28/12/2002 00:00,       1.042
29/12/2002 00:00,       1.041
30/12/2002 00:00,       1.040
31/12/2002 00:00,       1.039
01/01/2003 00:00,       1.038
02/01/2003 00:00,       1.037
03/01/2003 00:00,       1.037
04/01/2003 00:00,       1.036
05/01/2003 00:00,       1.036
06/01/2003 00:00,       1.036
07/01/2003 00:00,       1.035
08/01/2003 00:00,       1.035
09/01/2003 00:00,       1.035
10/01/2003 00:00,       1.035
11/01/2003 00:00,       1.034
12/01/2003 00:00,       1.034
13/01/2003 00:00,       1.033
14/01/2003 00:00,       1.033
15/01/2003 00:00,       1.033
16/01/2003 00:00,       1.033
17/01/2003 00:00,       1.033
18/01/2003 00:00,       1.033
19/01/2003 00:00,       1.033
20/01/2003 00:00,       1.033
21/01/2003 00:00,       1.033
22/01/2003 00:00,       1.033
23/01/2003 00:00,       1.033
24/01/2003 00:00,       1.033
25/01/2003 00:00,       1.033
26/01/2003 00:00,       1.033
27/01/2003 00:00,       1.033
28/01/2003 00:00,       1.033
29/01/2003 00:00,       1.036
30/01/2003 00:00,       1.045
31/01/2003 00:00,       1.037
01/02/2003 00:00,       1.034
02/02/2003 00:00,       1.034
03/02/2003 00:00,       1.034
04/02/2003 00:00,       1.033
05/02/2003 00:00,       1.032
06/02/2003 00:00,       1.033
07/02/2003 00:00,       1.033
08/02/2003 00:00,       1.034
09/02/2003 00:00,       1.034
10/02/2003 00:00,       1.034
11/02/2003 00:00,       1.034
12/02/2003 00:00,       1.034
13/02/2003 00:00,       1.034
14/02/2003 00:00,       1.034
15/02/2003 00:00,       1.036
16/02/2003 00:00,       1.038
17/02/2003 00:00,       1.037
18/02/2003 00:00,       1.037
19/02/2003 00:00,       1.039
20/02/2003 00:00,       1.046
21/02/2003 00:00,       1.046
22/02/2003 00:00,       1.045
23/02/2003 00:00,       1.044
24/02/2003 00:00,       1.046
25/02/2003 00:00,       1.048
26/02/2003 00:00,       1.050
27/02/2003 00:00,       1.051
28/02/2003 00:00,       1.052
01/03/2003 00:00,       1.051
02/03/2003 00:00,       1.050
03/03/2003 00:00,       1.049
04/03/2003 00:00,       1.047
05/03/2003 00:00,       1.045
06/03/2003 00:00,       1.044
07/03/2003 00:00,       1.043
08/03/2003 00:00,       1.041
09/03/2003 00:00,       1.040
10/03/2003 00:00,       1.039
11/03/2003 00:00,       1.039
12/03/2003 00:00,       1.038
13/03/2003 00:00,       1.037
14/03/2003 00:00,       1.037
15/03/2003 00:00,       1.037
16/03/2003 00:00,       1.037
17/03/2003 00:00,       1.036
18/03/2003 00:00,       1.035
19/03/2003 00:00,       1.049
20/03/2003 00:00,       1.046
21/03/2003 00:00,       1.044
22/03/2003 00:00,       1.044
23/03/2003 00:00,       1.049
24/03/2003 00:00,       1.057
25/03/2003 00:00,       1.052
26/03/2003 00:00,       1.050
27/03/2003 00:00,       1.048
28/03/2003 00:00,       1.047
29/03/2003 00:00,       1.047
30/03/2003 00:00,       1.046
31/03/2003 00:00,       1.046
01/04/2003 00:00,       1.044
02/04/2003 00:00,       1.045
03/04/2003 00:00,       1.044
04/04/2003 00:00,       1.042
05/04/2003 00:00,       1.041
06/04/2003 00:00,       1.040
07/04/2003 00:00,       1.039
08/04/2003 00:00,       1.041
09/04/2003 00:00,       1.042
10/04/2003 00:00,       1.046
11/04/2003 00:00,       1.053
12/04/2003 00:00,       1.056
13/04/2003 00:00,       1.067
14/04/2003 00:00,       1.070
15/04/2003 00:00,       1.070
16/04/2003 00:00,       1.069
17/04/2003 00:00,       1.069
18/04/2003 00:00,       1.066
19/04/2003 00:00,       1.064
20/04/2003 00:00,       1.062
21/04/2003 00:00,       1.062
22/04/2003 00:00,       1.061
23/04/2003 00:00,       1.061
24/04/2003 00:00,       1.060
25/04/2003 00:00,       1.058
26/04/2003 00:00,       1.057
27/04/2003 00:00,       1.057
28/04/2003 00:00,       1.057
29/04/2003 00:00,       1.058
30/04/2003 00:00,       1.069
01/05/2003 00:00,       1.128
02/05/2003 00:00,       1.102
03/05/2003 00:00,       1.098
04/05/2003 00:00,       1.085
05/05/2003 00:00,       1.074
06/05/2003 00:00,       1.071
07/05/2003 00:00,       1.069
08/05/2003 00:00,       1.069
09/05/2003 00:00,       1.069
10/05/2003 00:00,       1.072
11/05/2003 00:00,       1.087
12/05/2003 00:00,       1.104
13/05/2003 00:00,       1.117
14/05/2003 00:00,       1.117
15/05/2003 00:00,       1.105
16/05/2003 00:00,       1.102
17/05/2003 00:00,       1.102
18/05/2003 00:00,       1.104
19/05/2003 00:00,       1.110
20/05/2003 00:00,       1.136
21/05/2003 00:00,       1.151
22/05/2003 00:00,       1.136
23/05/2003 00:00,       1.124
24/05/2003 00:00,       1.115
25/05/2003 00:00,       1.113
26/05/2003 00:00,       1.117
27/05/2003 00:00,       1.114
28/05/2003 00:00,       1.109
29/05/2003 00:00,       1.105
30/05/2003 00:00,       1.102
31/05/2003 00:00,       1.101
01/06/2003 00:00,       1.099
02/06/2003 00:00,       1.096
03/06/2003 00:00,       1.098
04/06/2003 00:00,       1.104
05/06/2003 00:00,       1.164
06/06/2003 00:00,       1.228
07/06/2003 00:00,       1.306
08/06/2003 00:00,       1.205
09/06/2003 00:00,       1.169
10/06/2003 00:00,       1.153
11/06/2003 00:00,       1.141
12/06/2003 00:00,       1.131
13/06/2003 00:00,       1.132
14/06/2003 00:00,       1.145
15/06/2003 00:00,       1.152
16/06/2003 00:00,       1.142
17/06/2003 00:00,       1.135
18/06/2003 00:00,       1.131
19/06/2003 00:00,       1.142
20/06/2003 00:00,       1.170
21/06/2003 00:00,       1.163
22/06/2003 00:00,       1.156
23/06/2003 00:00,       1.164
24/06/2003 00:00,       1.154
25/06/2003 00:00,       1.144
26/06/2003 00:00,       1.136
27/06/2003 00:00,       1.218
28/06/2003 00:00,       1.297
29/06/2003 00:00,       1.297
30/06/2003 00:00,       1.269
01/07/2003 00:00,       1.239
02/07/2003 00:00,       1.215
03/07/2003 00:00,       1.193
04/07/2003 00:00,       1.179
05/07/2003 00:00,       1.169
06/07/2003 00:00,       1.160
07/07/2003 00:00,       1.151
08/07/2003 00:00,       1.145
09/07/2003 00:00,       1.158
10/07/2003 00:00,       1.166
11/07/2003 00:00,       1.157
12/07/2003 00:00,       1.199
13/07/2003 00:00,       1.244
14/07/2003 00:00,       1.230
15/07/2003 00:00,       1.199
16/07/2003 00:00,       1.181
17/07/2003 00:00,       1.183
18/07/2003 00:00,       1.171
19/07/2003 00:00,       1.163
20/07/2003 00:00,       1.157
21/07/2003 00:00,       1.155
22/07/2003 00:00,       1.183
23/07/2003 00:00,       1.225
24/07/2003 00:00,       1.298
25/07/2003 00:00,       1.391
26/07/2003 00:00,       1.318
27/07/2003 00:00,       1.249
28/07/2003 00:00,       1.259
29/07/2003 00:00,       1.383
30/07/2003 00:00,       1.272
31/07/2003 00:00,       1.241
01/08/2003 00:00,       1.223
02/08/2003 00:00,       1.208
03/08/2003 00:00,       1.192
04/08/2003 00:00,       1.180
05/08/2003 00:00,       1.232
06/08/2003 00:00,       1.327
07/08/2003 00:00,       1.274
08/08/2003 00:00,       1.248
09/08/2003 00:00,       1.313
10/08/2003 00:00,       1.265
11/08/2003 00:00,       1.271
12/08/2003 00:00,       1.302
13/08/2003 00:00,       1.345
14/08/2003 00:00,       1.364
15/08/2003 00:00,       1.280
16/08/2003 00:00,       1.245
17/08/2003 00:00,       1.226
18/08/2003 00:00,       1.218
19/08/2003 00:00,       1.215
20/08/2003 00:00,       1.206
21/08/2003 00:00,       1.235
22/08/2003 00:00,       1.281
23/08/2003 00:00,       1.250
24/08/2003 00:00,       1.746
25/08/2003 00:00,       1.466
26/08/2003 00:00,       1.346
27/08/2003 00:00,       1.303
28/08/2003 00:00,       1.274
29/08/2003 00:00,       1.251
30/08/2003 00:00,       1.309
31/08/2003 00:00,       1.535
01/09/2003 00:00,       1.347
02/09/2003 00:00,       1.316
03/09/2003 00:00,       1.287
04/09/2003 00:00,       1.262
05/09/2003 00:00,       1.240
06/09/2003 00:00,       1.279
07/09/2003 00:00,       1.274
08/09/2003 00:00,       1.238
09/09/2003 00:00,       1.223
10/09/2003 00:00,       1.216
11/09/2003 00:00,       1.214
12/09/2003 00:00,       1.211
13/09/2003 00:00,       1.205
14/09/2003 00:00,       1.337
15/09/2003 00:00,       1.289
16/09/2003 00:00,       1.243
17/09/2003 00:00,       1.230
18/09/2003 00:00,       1.237
19/09/2003 00:00,       1.240
20/09/2003 00:00,       1.215
21/09/2003 00:00,       1.198
22/09/2003 00:00,       1.186
23/09/2003 00:00,       1.179
24/09/2003 00:00,       1.177
25/09/2003 00:00,       1.187
26/09/2003 00:00,       1.215
27/09/2003 00:00,       1.193
28/09/2003 00:00,       1.184
29/09/2003 00:00,       1.177
30/09/2003 00:00,       1.172
01/10/2003 00:00,       1.208
02/10/2003 00:00,       1.466
03/10/2003 00:00,       1.392
04/10/2003 00:00,       1.342
05/10/2003 00:00,       1.303
06/10/2003 00:00,       1.274
07/10/2003 00:00,       1.251
08/10/2003 00:00,       1.240
09/10/2003 00:00,       1.250
10/10/2003 00:00,       1.236
11/10/2003 00:00,       1.223
12/10/2003 00:00,       1.213
13/10/2003 00:00,       1.202
14/10/2003 00:00,       1.195
15/10/2003 00:00,       1.188
16/10/2003 00:00,       1.181
17/10/2003 00:00,       1.175
18/10/2003 00:00,       1.169
19/10/2003 00:00,       1.165
20/10/2003 00:00,       1.159
21/10/2003 00:00,       1.162
22/10/2003 00:00,       1.211
23/10/2003 00:00,       1.198
24/10/2003 00:00,       1.185
25/10/2003 00:00,       1.178
26/10/2003 00:00,       1.175
27/10/2003 00:00,       1.182
28/10/2003 00:00,       1.179
29/10/2003 00:00,       1.191
30/10/2003 00:00,       1.231
31/10/2003 00:00,       1.246
01/11/2003 00:00,       1.288
02/11/2003 00:00,       1.229
03/11/2003 00:00,       1.213
04/11/2003 00:00,       1.191
05/11/2003 00:00,       1.176
06/11/2003 00:00,       1.166
07/11/2003 00:00,       1.157
08/11/2003 00:00,       1.151
09/11/2003 00:00,       1.146
10/11/2003 00:00,       1.142
11/11/2003 00:00,       1.137
12/11/2003 00:00,       1.134
13/11/2003 00:00,       1.130
14/11/2003 00:00,       1.124
15/11/2003 00:00,       1.118
16/11/2003 00:00,       1.113
17/11/2003 00:00,       1.109
18/11/2003 00:00,       1.106
19/11/2003 00:00,       1.102
20/11/2003 00:00,       1.098
21/11/2003 00:00,       1.095
22/11/2003 00:00,       1.092
23/11/2003 00:00,       1.098
24/11/2003 00:00,       1.111
25/11/2003 00:00,       1.097
26/11/2003 00:00,       1.084
27/11/2003 00:00,       1.081
28/11/2003 00:00,       1.079
29/11/2003 00:00,       1.077
30/11/2003 00:00,       1.075
01/12/2003 00:00,       1.074
02/12/2003 00:00,       1.072
03/12/2003 00:00,       1.071
04/12/2003 00:00,       1.070
05/12/2003 00:00,       1.069
06/12/2003 00:00,       1.067
07/12/2003 00:00,       1.066
08/12/2003 00:00,       1.065
09/12/2003 00:00,       1.064
10/12/2003 00:00,       1.063
11/12/2003 00:00,       1.062
12/12/2003 00:00,       1.061
13/12/2003 00:00,       1.063
14/12/2003 00:00,       1.067
15/12/2003 00:00,       1.065
16/12/2003 00:00,       1.061
17/12/2003 00:00,       1.059
18/12/2003 00:00,       1.059
19/12/2003 00:00,       1.061
20/12/2003 00:00,       1.073
21/12/2003 00:00,       1.085
22/12/2003 00:00,       1.081
23/12/2003 00:00,       1.077
24/12/2003 00:00,       1.071
25/12/2003 00:00,       1.066
26/12/2003 00:00,       1.062
27/12/2003 00:00,       1.058
28/12/2003 00:00,       1.054
29/12/2003 00:00,       1.052
30/12/2003 00:00,       1.051
31/12/2003 00:00,       1.049
01/01/2004 00:00,       1.046
02/01/2004 00:00,       1.043
03/01/2004 00:00,       1.042
04/01/2004 00:00,       1.044
05/01/2004 00:00,       1.042
06/01/2004 00:00,       1.044
07/01/2004 00:00,       1.051
08/01/2004 00:00,       1.057
09/01/2004 00:00,       1.056
10/01/2004 00:00,       1.054
11/01/2004 00:00,       1.053
12/01/2004 00:00,       1.051
13/01/2004 00:00,       1.051
14/01/2004 00:00,       1.051
15/01/2004 00:00,       1.047
16/01/2004 00:00,       1.045
17/01/2004 00:00,       1.044
18/01/2004 00:00,       1.044
19/01/2004 00:00,       1.043
20/01/2004 00:00,       1.042
21/01/2004 00:00,       1.040
22/01/2004 00:00,       1.039
23/01/2004 00:00,       1.042
24/01/2004 00:00,       1.044
25/01/2004 00:00,       1.044
26/01/2004 00:00,       1.044
27/01/2004 00:00,       1.044
28/01/2004 00:00,       1.044
29/01/2004 00:00,       1.045
30/01/2004 00:00,       1.048
31/01/2004 00:00,       1.052
01/02/2004 00:00,       1.050
02/02/2004 00:00,       1.052
03/02/2004 00:00,       1.053
04/02/2004 00:00,       1.049
05/02/2004 00:00,       1.046
06/02/2004 00:00,       1.043
07/02/2004 00:00,       1.040
08/02/2004 00:00,       1.039
09/02/2004 00:00,       1.039
10/02/2004 00:00,       1.039
11/02/2004 00:00,       1.040
12/02/2004 00:00,       1.040
13/02/2004 00:00,       1.040
14/02/2004 00:00,       1.040
15/02/2004 00:00,       1.039
16/02/2004 00:00,       1.038
17/02/2004 00:00,       1.038
18/02/2004 00:00,       1.038
19/02/2004 00:00,       1.037
20/02/2004 00:00,       1.037
21/02/2004 00:00,       1.038
22/02/2004 00:00,       1.046
23/02/2004 00:00,       1.043
24/02/2004 00:00,       1.041
25/02/2004 00:00,       1.040
26/02/2004 00:00,       1.039
27/02/2004 00:00,       1.039
28/02/2004 00:00,       1.038
29/02/2004 00:00,       1.037
01/03/2004 00:00,       1.036
02/03/2004 00:00,       1.036
03/03/2004 00:00,       1.036
04/03/2004 00:00,       1.035
05/03/2004 00:00,       1.033
06/03/2004 00:00,       1.033
07/03/2004 00:00,       1.039
08/03/2004 00:00,       1.039
09/03/2004 00:00,       1.037
10/03/2004 00:00,       1.038
11/03/2004 00:00,       1.038
12/03/2004 00:00,       1.038
13/03/2004 00:00,       1.038
14/03/2004 00:00,       1.038
15/03/2004 00:00,       1.037
16/03/2004 00:00,       1.037
17/03/2004 00:00,       1.036
18/03/2004 00:00,       1.035
19/03/2004 00:00,       1.034
20/03/2004 00:00,       1.034
21/03/2004 00:00,       1.034
22/03/2004 00:00,       1.034
23/03/2004 00:00,       1.034
24/03/2004 00:00,       1.033
25/03/2004 00:00,       1.033
26/03/2004 00:00,       1.032
27/03/2004 00:00,       1.031
28/03/2004 00:00,       1.036
29/03/2004 00:00,       1.046
30/03/2004 00:00,       1.043
31/03/2004 00:00,       1.038
01/04/2004 00:00,       1.035
02/04/2004 00:00,       1.035
03/04/2004 00:00,       1.034
04/04/2004 00:00,       1.034
05/04/2004 00:00,       1.033
06/04/2004 00:00,       1.033
07/04/2004 00:00,       1.032
08/04/2004 00:00,       1.032
09/04/2004 00:00,       1.037
10/04/2004 00:00,       1.041
11/04/2004 00:00,       1.041
12/04/2004 00:00,       1.041
13/04/2004 00:00,       1.040
14/04/2004 00:00,       1.038
15/04/2004 00:00,       1.040
16/04/2004 00:00,       1.039
17/04/2004 00:00,       1.038
18/04/2004 00:00,       1.038
19/04/2004 00:00,       1.038
20/04/2004 00:00,       1.037
21/04/2004 00:00,       1.027
22/04/2004 00:00,       1.036
23/04/2004 00:00,       1.037
24/04/2004 00:00,       1.037
25/04/2004 00:00,       1.036
26/04/2004 00:00,       1.035
27/04/2004 00:00,       1.039
28/04/2004 00:00,       1.042
29/04/2004 00:00,       1.043
30/04/2004 00:00,       1.044
01/05/2004 00:00,       1.047
02/05/2004 00:00,       1.046
03/05/2004 00:00,       1.047
04/05/2004 00:00,       1.050
05/05/2004 00:00,       1.051
06/05/2004 00:00,       1.051
07/05/2004 00:00,       1.050
08/05/2004 00:00,       1.049
09/05/2004 00:00,       1.047
10/05/2004 00:00,       1.046
11/05/2004 00:00,       1.043
12/05/2004 00:00,       1.041
13/05/2004 00:00,       1.040
14/05/2004 00:00,       1.041
15/05/2004 00:00,       1.040
16/05/2004 00:00,       1.038
17/05/2004 00:00,       1.044
18/05/2004 00:00,       1.046
19/05/2004 00:00,       1.088
20/05/2004 00:00,       1.103
21/05/2004 00:00,       1.082
22/05/2004 00:00,       1.071
23/05/2004 00:00,       1.065
24/05/2004 00:00,       1.065
25/05/2004 00:00,       1.092
26/05/2004 00:00,       1.086
27/05/2004 00:00,       1.084
28/05/2004 00:00,       1.080
29/05/2004 00:00,       1.083
30/05/2004 00:00,       1.075
31/05/2004 00:00,       1.070
01/06/2004 00:00,       1.067
02/06/2004 00:00,       1.070
03/06/2004 00:00,       1.069
04/06/2004 00:00,       1.063
05/06/2004 00:00,       1.072
06/06/2004 00:00,       1.069
07/06/2004 00:00,       1.065
08/06/2004 00:00,       1.060
09/06/2004 00:00,       1.065
10/06/2004 00:00,       1.110
11/06/2004 00:00,       1.126
12/06/2004 00:00,       1.124
13/06/2004 00:00,       1.124
14/06/2004 00:00,       1.133
15/06/2004 00:00,       1.136
16/06/2004 00:00,       1.115
17/06/2004 00:00,       1.099
18/06/2004 00:00,       1.102
19/06/2004 00:00,       1.149
20/06/2004 00:00,       1.148
21/06/2004 00:00,       1.138
22/06/2004 00:00,       1.157
23/06/2004 00:00,       1.145
24/06/2004 00:00,       1.160
25/06/2004 00:00,       1.191
26/06/2004 00:00,       1.199
27/06/2004 00:00,       1.173
28/06/2004 00:00,       1.152
29/06/2004 00:00,       1.142
30/06/2004 00:00,       1.142
01/07/2004 00:00,       1.193
02/07/2004 00:00,       1.186
03/07/2004 00:00,       1.231
04/07/2004 00:00,       1.196
05/07/2004 00:00,       1.193
06/07/2004 00:00,       1.189
07/07/2004 00:00,       1.164
08/07/2004 00:00,       1.155
09/07/2004 00:00,       1.162
10/07/2004 00:00,       1.184
11/07/2004 00:00,       1.160
12/07/2004 00:00,       1.162
13/07/2004 00:00,       1.166
14/07/2004 00:00,       1.155
15/07/2004 00:00,       1.148
16/07/2004 00:00,       1.145
17/07/2004 00:00,       1.178
18/07/2004 00:00,       1.180
19/07/2004 00:00,       1.163
20/07/2004 00:00,       1.162
21/07/2004 00:00,       1.159
22/07/2004 00:00,       1.150
23/07/2004 00:00,       1.150
24/07/2004 00:00,       1.497
25/07/2004 00:00,       1.397
26/07/2004 00:00,       1.335
27/07/2004 00:00,       1.304
28/07/2004 00:00,       1.285
29/07/2004 00:00,       1.283
30/07/2004 00:00,       1.266
31/07/2004 00:00,       1.222
01/08/2004 00:00,       1.208
02/08/2004 00:00,       1.304
03/08/2004 00:00,       1.723
04/08/2004 00:00,       1.512
05/08/2004 00:00,       1.547
06/08/2004 00:00,       1.391
07/08/2004 00:00,       1.317
08/08/2004 00:00,       1.279
09/08/2004 00:00,       1.255
10/08/2004 00:00,       1.242
11/08/2004 00:00,       1.237
12/08/2004 00:00,       1.228
13/08/2004 00:00,       1.218
14/08/2004 00:00,       1.263
15/08/2004 00:00,       1.243
16/08/2004 00:00,       1.212
17/08/2004 00:00,       1.201
18/08/2004 00:00,       1.201
19/08/2004 00:00,       1.197
20/08/2004 00:00,       1.190
21/08/2004 00:00,       1.183
22/08/2004 00:00,       1.182
23/08/2004 00:00,       1.180
24/08/2004 00:00,       1.179
25/08/2004 00:00,       1.174
26/08/2004 00:00,       1.169
27/08/2004 00:00,       1.200
28/08/2004 00:00,       1.183
29/08/2004 00:00,       1.241
30/08/2004 00:00,       1.258
31/08/2004 00:00,       1.216
01/09/2004 00:00,       1.195
02/09/2004 00:00,       1.182
03/09/2004 00:00,       1.178
04/09/2004 00:00,       1.178
05/09/2004 00:00,       1.182
06/09/2004 00:00,       1.177
07/09/2004 00:00,       1.174
08/09/2004 00:00,       1.407
09/09/2004 00:00,       1.288
10/09/2004 00:00,       1.245
11/09/2004 00:00,       1.284
12/09/2004 00:00,       1.308
13/09/2004 00:00,       1.266
14/09/2004 00:00,       1.241
15/09/2004 00:00,       1.224
16/09/2004 00:00,       1.208
17/09/2004 00:00,       1.195
18/09/2004 00:00,       1.187
19/09/2004 00:00,       1.180
20/09/2004 00:00,       1.176
21/09/2004 00:00,       1.174
22/09/2004 00:00,       1.164
23/09/2004 00:00,       1.163
24/09/2004 00:00,       1.182
25/09/2004 00:00,       1.172
26/09/2004 00:00,       1.163
27/09/2004 00:00,       1.155
28/09/2004 00:00,       1.152
29/09/2004 00:00,       1.154
30/09/2004 00:00,       1.152
01/10/2004 00:00,       1.144
02/10/2004 00:00,       1.137
03/10/2004 00:00,       1.130
04/10/2004 00:00,       1.123
05/10/2004 00:00,       1.119
06/10/2004 00:00,       1.114
07/10/2004 00:00,       1.110
08/10/2004 00:00,       1.109
09/10/2004 00:00,       1.105
10/10/2004 00:00,       1.097
11/10/2004 00:00,       1.094
12/10/2004 00:00,       1.089
13/10/2004 00:00,       1.080
14/10/2004 00:00,       1.077
15/10/2004 00:00,       1.075
16/10/2004 00:00,       1.073
17/10/2004 00:00,       1.087
18/10/2004 00:00,       1.117
19/10/2004 00:00,       1.114
20/10/2004 00:00,       1.109
21/10/2004 00:00,       1.104
22/10/2004 00:00,       1.099
23/10/2004 00:00,       1.096
24/10/2004 00:00,       1.093
25/10/2004 00:00,       1.091
26/10/2004 00:00,       1.094
27/10/2004 00:00,       1.116
28/10/2004 00:00,       1.130
29/10/2004 00:00,       1.115
30/10/2004 00:00,       1.103
31/10/2004 00:00,       1.096
01/11/2004 00:00,       1.088
02/11/2004 00:00,       1.082
03/11/2004 00:00,       1.077
04/11/2004 00:00,       1.078
05/11/2004 00:00,       1.092
06/11/2004 00:00,       1.165
07/11/2004 00:00,       1.152
08/11/2004 00:00,       1.128
09/11/2004 00:00,       1.115
10/11/2004 00:00,       1.101
11/11/2004 00:00,       1.093
12/11/2004 00:00,       1.090
13/11/2004 00:00,       1.095
14/11/2004 00:00,       1.090
15/11/2004 00:00,       1.081
16/11/2004 00:00,       1.074
17/11/2004 00:00,       1.066
18/11/2004 00:00,       1.057
19/11/2004 00:00,       1.049
20/11/2004 00:00,       1.043
21/11/2004 00:00,       1.038
22/11/2004 00:00,       1.035
23/11/2004 00:00,       1.031
24/11/2004 00:00,       1.027
25/11/2004 00:00,       1.022
26/11/2004 00:00,       1.015
27/11/2004 00:00,       1.009
28/11/2004 00:00,       1.004
29/11/2004 00:00,       1.002
30/11/2004 00:00,       1.001
01/12/2004 00:00,       1.011
02/12/2004 00:00,       1.009
03/12/2004 00:00,       1.005
04/12/2004 00:00,       1.001
05/12/2004 00:00,       0.995
06/12/2004 00:00,       0.992
07/12/2004 00:00,       0.992
08/12/2004 00:00,       0.995
09/12/2004 00:00,       1.002
10/12/2004 00:00,       1.016
11/12/2004 00:00,       1.088
12/12/2004 00:00,       1.087
13/12/2004 00:00,       1.085
14/12/2004 00:00,       1.079
15/12/2004 00:00,       1.075
16/12/2004 00:00,       1.073
17/12/2004 00:00,       1.078
18/12/2004 00:00,       1.068
19/12/2004 00:00,       1.060
20/12/2004 00:00,       1.057
21/12/2004 00:00,       1.052
22/12/2004 00:00,       1.049
23/12/2004 00:00,       1.048
24/12/2004 00:00,       1.052
25/12/2004 00:00,       1.048
26/12/2004 00:00,       1.043
27/12/2004 00:00,       1.042
28/12/2004 00:00,       1.041
29/12/2004 00:00,       1.040
30/12/2004 00:00,       1.039
31/12/2004 00:00,       1.037
01/01/2005 00:00,       1.037
02/01/2005 00:00,       1.042
03/01/2005 00:00,       1.045
04/01/2005 00:00,       1.049
05/01/2005 00:00,       1.056
06/01/2005 00:00,       1.080
07/01/2005 00:00,       1.079
08/01/2005 00:00,       1.071
09/01/2005 00:00,       1.062
10/01/2005 00:00,       1.055
11/01/2005 00:00,       1.045
12/01/2005 00:00,       1.041
13/01/2005 00:00,       1.038
14/01/2005 00:00,       1.037
15/01/2005 00:00,       1.038
16/01/2005 00:00,       1.035
17/01/2005 00:00,       1.036
18/01/2005 00:00,       1.037
19/01/2005 00:00,       1.038
20/01/2005 00:00,       1.050
21/01/2005 00:00,       1.051
22/01/2005 00:00,       1.049
23/01/2005 00:00,       1.047
24/01/2005 00:00,       1.044
25/01/2005 00:00,       1.044
26/01/2005 00:00,       1.050
27/01/2005 00:00,       1.047
28/01/2005 00:00,       1.048
29/01/2005 00:00,       1.046
30/01/2005 00:00,       1.042
31/01/2005 00:00,       1.040
01/02/2005 00:00,       1.040
02/02/2005 00:00,       1.043
03/02/2005 00:00,       1.044
04/02/2005 00:00,       1.046
05/02/2005 00:00,       1.049
06/02/2005 00:00,       1.055
07/02/2005 00:00,       1.054
08/02/2005 00:00,       1.052
09/02/2005 00:00,       1.057
10/02/2005 00:00,       1.062
11/02/2005 00:00,       1.069
12/02/2005 00:00,       1.075
13/02/2005 00:00,       1.071
14/02/2005 00:00,       1.062
15/02/2005 00:00,       1.056
16/02/2005 00:00,       1.053
17/02/2005 00:00,       1.051
18/02/2005 00:00,       1.049
19/02/2005 00:00,       1.051
20/02/2005 00:00,       1.052
21/02/2005 00:00,       1.054
22/02/2005 00:00,       1.057
23/02/2005 00:00,       1.059
24/02/2005 00:00,       1.054
25/02/2005 00:00,       1.050
26/02/2005 00:00,       1.046
27/02/2005 00:00,       1.043
28/02/2005 00:00,       1.039
01/03/2005 00:00,       1.038
02/03/2005 00:00,       1.037
03/03/2005 00:00,       1.036
04/03/2005 00:00,       1.040
05/03/2005 00:00,       1.044
06/03/2005 00:00,       1.042
07/03/2005 00:00,       1.041
08/03/2005 00:00,       1.039
09/03/2005 00:00,       1.039
10/03/2005 00:00,       1.050
11/03/2005 00:00,       1.047
12/03/2005 00:00,       1.042
13/03/2005 00:00,       1.040
14/03/2005 00:00,       1.038
15/03/2005 00:00,       1.036
16/03/2005 00:00,       1.035
17/03/2005 00:00,       1.033
18/03/2005 00:00,       1.033
19/03/2005 00:00,       1.034
20/03/2005 00:00,       1.047
21/03/2005 00:00,       1.048
22/03/2005 00:00,       1.044
23/03/2005 00:00,       1.040
24/03/2005 00:00,       1.037
25/03/2005 00:00,       1.037
26/03/2005 00:00,       1.041
27/03/2005 00:00,       1.042
28/03/2005 00:00,       1.042
29/03/2005 00:00,       1.044
30/03/2005 00:00,       1.043
31/03/2005 00:00,       1.038
01/04/2005 00:00,       1.037
02/04/2005 00:00,       1.035
03/04/2005 00:00,       1.033
04/04/2005 00:00,       1.031
05/04/2005 00:00,       1.030
06/04/2005 00:00,       1.029
07/04/2005 00:00,       1.029
08/04/2005 00:00,       1.028
09/04/2005 00:00,       1.027
10/04/2005 00:00,       1.027
11/04/2005 00:00,       1.028
12/04/2005 00:00,       1.027
13/04/2005 00:00,       1.024
14/04/2005 00:00,       1.028
15/04/2005 00:00,       1.028
16/04/2005 00:00,       1.028
17/04/2005 00:00,       1.034
18/04/2005 00:00,       1.035
19/04/2005 00:00,       1.038
20/04/2005 00:00,       1.037
21/04/2005 00:00,       1.032
22/04/2005 00:00,       1.030
23/04/2005 00:00,       1.035
24/04/2005 00:00,       1.036
25/04/2005 00:00,       1.035
26/04/2005 00:00,       1.034
27/04/2005 00:00,       1.040
28/04/2005 00:00,       1.042
29/04/2005 00:00,       1.038
30/04/2005 00:00,       1.036
01/05/2005 00:00,       1.037
02/05/2005 00:00,       1.037
03/05/2005 00:00,       1.040
04/05/2005 00:00,       1.038
05/05/2005 00:00,       1.037
06/05/2005 00:00,       1.037
07/05/2005 00:00,       1.036
08/05/2005 00:00,       1.034
09/05/2005 00:00,       1.034
10/05/2005 00:00,       1.034
11/05/2005 00:00,       1.034
12/05/2005 00:00,       1.035
13/05/2005 00:00,       1.035
14/05/2005 00:00,       1.035
15/05/2005 00:00,       1.035
16/05/2005 00:00,       1.035
17/05/2005 00:00,       1.041
18/05/2005 00:00,       1.041
19/05/2005 00:00,       1.041
20/05/2005 00:00,       1.040
21/05/2005 00:00,       1.039
22/05/2005 00:00,       1.038
23/05/2005 00:00,       1.037
24/05/2005 00:00,       1.037
25/05/2005 00:00,       1.038
26/05/2005 00:00,       1.039
27/05/2005 00:00,       1.041
28/05/2005 00:00,       1.042
29/05/2005 00:00,       1.043
30/05/2005 00:00,       1.043
31/05/2005 00:00,       1.044
01/06/2005 00:00,       1.044
02/06/2005 00:00,       1.044
03/06/2005 00:00,       1.045
04/06/2005 00:00,       1.044
05/06/2005 00:00,       1.043
06/06/2005 00:00,       1.041
07/06/2005 00:00,       1.040
08/06/2005 00:00,       1.037
09/06/2005 00:00,       1.041
10/06/2005 00:00,       1.048
11/06/2005 00:00,       1.087
12/06/2005 00:00,       1.126
13/06/2005 00:00,       1.109
14/06/2005 00:00,       1.096
15/06/2005 00:00,       1.111
16/06/2005 00:00,       1.181
17/06/2005 00:00,       1.173
18/06/2005 00:00,       1.132
19/06/2005 00:00,       1.119
20/06/2005 00:00,       1.447
21/06/2005 00:00,       1.313
22/06/2005 00:00,       1.384
23/06/2005 00:00,       1.273
24/06/2005 00:00,       1.222
25/06/2005 00:00,       1.189
26/06/2005 00:00,       1.168
27/06/2005 00:00,       1.153
28/06/2005 00:00,       1.145
29/06/2005 00:00,       1.134
30/06/2005 00:00,       1.130
01/07/2005 00:00,       1.131
02/07/2005 00:00,       1.133
03/07/2005 00:00,       1.147
04/07/2005 00:00,       1.140
05/07/2005 00:00,       1.135
06/07/2005 00:00,       1.127
07/07/2005 00:00,       1.124
08/07/2005 00:00,       1.124
09/07/2005 00:00,       1.145
10/07/2005 00:00,       1.174
11/07/2005 00:00,       1.170
12/07/2005 00:00,       1.154
13/07/2005 00:00,       1.149
14/07/2005 00:00,       1.163
15/07/2005 00:00,       1.174
16/07/2005 00:00,       1.189
17/07/2005 00:00,       1.249
18/07/2005 00:00,       1.203
19/07/2005 00:00,       1.181
20/07/2005 00:00,       1.164
21/07/2005 00:00,       1.145
22/07/2005 00:00,       1.138
23/07/2005 00:00,       1.133
24/07/2005 00:00,       1.131
25/07/2005 00:00,       1.133
26/07/2005 00:00,       1.141
27/07/2005 00:00,       1.174
28/07/2005 00:00,       1.171
29/07/2005 00:00,       1.178
30/07/2005 00:00,       1.160
31/07/2005 00:00,       1.148
01/08/2005 00:00,       1.139
02/08/2005 00:00,       1.134
03/08/2005 00:00,       1.130
04/08/2005 00:00,       1.134
05/08/2005 00:00,       1.149
06/08/2005 00:00,       1.140
07/08/2005 00:00,       1.136
08/08/2005 00:00,       1.169
09/08/2005 00:00,       1.187
10/08/2005 00:00,       1.266
11/08/2005 00:00,       1.221
12/08/2005 00:00,       1.198
13/08/2005 00:00,       1.191
14/08/2005 00:00,       1.174
15/08/2005 00:00,       1.272
16/08/2005 00:00,       1.242
17/08/2005 00:00,       1.196
18/08/2005 00:00,       1.179
19/08/2005 00:00,       1.167
20/08/2005 00:00,       1.244
21/08/2005 00:00,       1.237
22/08/2005 00:00,       1.223
23/08/2005 00:00,       1.212
24/08/2005 00:00,       1.196
25/08/2005 00:00,       1.178
26/08/2005 00:00,       1.168
27/08/2005 00:00,       1.161
28/08/2005 00:00,       1.156
29/08/2005 00:00,       1.149
30/08/2005 00:00,       1.166
31/08/2005 00:00,       1.240
01/09/2005 00:00,       1.234
02/09/2005 00:00,       1.203
03/09/2005 00:00,       1.213
04/09/2005 00:00,       1.328
05/09/2005 00:00,       1.237
06/09/2005 00:00,       1.199
07/09/2005 00:00,       1.177
08/09/2005 00:00,       1.163
09/09/2005 00:00,       1.152
10/09/2005 00:00,       1.152
11/09/2005 00:00,       1.199
12/09/2005 00:00,       1.217
13/09/2005 00:00,       1.205
14/09/2005 00:00,       1.181
15/09/2005 00:00,       1.167
16/09/2005 00:00,       1.167
17/09/2005 00:00,       1.169
18/09/2005 00:00,       1.165
19/09/2005 00:00,       1.154
20/09/2005 00:00,       1.147
21/09/2005 00:00,       1.147
22/09/2005 00:00,       1.145
23/09/2005 00:00,       1.142
24/09/2005 00:00,       1.148
25/09/2005 00:00,       1.174
26/09/2005 00:00,       1.191
27/09/2005 00:00,       1.207
28/09/2005 00:00,       1.177
29/09/2005 00:00,       1.243
30/09/2005 00:00,       1.233
01/10/2005 00:00,       1.189
02/10/2005 00:00,       1.167
03/10/2005 00:00,       1.153
04/10/2005 00:00,       1.143
05/10/2005 00:00,       1.135
06/10/2005 00:00,       1.130
07/10/2005 00:00,       1.134
08/10/2005 00:00,       1.239
09/10/2005 00:00,       1.316
10/10/2005 00:00,       1.241
11/10/2005 00:00,       1.197
12/10/2005 00:00,       1.175
13/10/2005 00:00,       1.160
14/10/2005 00:00,       1.150
15/10/2005 00:00,       1.140
16/10/2005 00:00,       1.131
17/10/2005 00:00,       1.126
18/10/2005 00:00,       1.120
19/10/2005 00:00,       1.143
20/10/2005 00:00,       1.324
21/10/2005 00:00,       1.228
22/10/2005 00:00,       1.204
23/10/2005 00:00,       1.202
24/10/2005 00:00,       1.252
25/10/2005 00:00,       1.332
26/10/2005 00:00,       1.254
27/10/2005 00:00,       1.210
28/10/2005 00:00,       1.183
29/10/2005 00:00,       1.169
30/10/2005 00:00,       1.195
31/10/2005 00:00,       1.195
01/11/2005 00:00,       1.167
02/11/2005 00:00,       1.161
03/11/2005 00:00,       1.160
04/11/2005 00:00,       1.156
05/11/2005 00:00,       1.145
06/11/2005 00:00,       1.141
07/11/2005 00:00,       1.140
08/11/2005 00:00,       1.139
09/11/2005 00:00,       1.148
10/11/2005 00:00,       1.150
11/11/2005 00:00,       1.148
12/11/2005 00:00,       1.146
13/11/2005 00:00,       1.146
14/11/2005 00:00,       1.145
15/11/2005 00:00,       1.145
16/11/2005 00:00,       1.146
17/11/2005 00:00,       1.145
18/11/2005 00:00,       1.145
19/11/2005 00:00,       1.145
20/11/2005 00:00,       1.144
21/11/2005 00:00,       1.143
22/11/2005 00:00,       1.142
23/11/2005 00:00,       1.141
24/11/2005 00:00,       1.140
25/11/2005 00:00,       1.143
26/11/2005 00:00,       1.147
27/11/2005 00:00,       1.146
28/11/2005 00:00,       1.145
29/11/2005 00:00,       1.145
30/11/2005 00:00,       1.151
01/12/2005 00:00,       1.155
02/12/2005 00:00,       1.160
03/12/2005 00:00,       1.187
04/12/2005 00:00,       1.190
05/12/2005 00:00,       1.180
06/12/2005 00:00,       1.166
07/12/2005 00:00,       1.156
08/12/2005 00:00,       1.154
09/12/2005 00:00,       1.156
10/12/2005 00:00,       1.153
11/12/2005 00:00,       1.144
12/12/2005 00:00,       1.116
13/12/2005 00:00,       1.059
14/12/2005 00:00,       1.026
15/12/2005 00:00,       1.025
16/12/2005 00:00,       1.027
17/12/2005 00:00,       1.031
18/12/2005 00:00,       1.040
19/12/2005 00:00,       1.040
20/12/2005 00:00,       1.042
21/12/2005 00:00,       1.041
22/12/2005 00:00,       1.048
23/12/2005 00:00,       1.056
24/12/2005 00:00,       1.060
25/12/2005 00:00,       1.059
26/12/2005 00:00,       1.058
27/12/2005 00:00,       1.057
28/12/2005 00:00,       1.056
29/12/2005 00:00,       1.055
30/12/2005 00:00,       1.054
31/12/2005 00:00,       1.053
01/01/2006 00:00,       1.052
02/01/2006 00:00,       1.060
03/01/2006 00:00,       1.086
04/01/2006 00:00,       1.091
05/01/2006 00:00,       1.088
06/01/2006 00:00,       1.082
07/01/2006 00:00,       1.075
08/01/2006 00:00,       1.069
09/01/2006 00:00,       1.063
10/01/2006 00:00,       1.060
11/01/2006 00:00,       1.058
12/01/2006 00:00,       1.053
13/01/2006 00:00,       1.057
14/01/2006 00:00,       1.059
15/01/2006 00:00,       1.056
16/01/2006 00:00,       1.052
17/01/2006 00:00,       1.048
18/01/2006 00:00,       1.043
19/01/2006 00:00,       1.036
20/01/2006 00:00,       1.032
21/01/2006 00:00,       1.028
22/01/2006 00:00,       1.037
23/01/2006 00:00,       1.041
24/01/2006 00:00,       1.040
25/01/2006 00:00,       1.039
26/01/2006 00:00,       1.040
27/01/2006 00:00,       1.040
28/01/2006 00:00,       1.042
29/01/2006 00:00,       1.046
30/01/2006 00:00,       1.043
31/01/2006 00:00,       1.040
01/02/2006 00:00,       1.048
02/02/2006 00:00,       1.058
03/02/2006 00:00,       1.073
04/02/2006 00:00,       1.077
05/02/2006 00:00,       1.072
06/02/2006 00:00,       1.065
07/02/2006 00:00,       1.056
08/02/2006 00:00,       1.050
09/02/2006 00:00,       1.056
10/02/2006 00:00,       1.057
11/02/2006 00:00,       1.052
12/02/2006 00:00,       1.055
13/02/2006 00:00,       1.058
14/02/2006 00:00,       1.053
15/02/2006 00:00,       1.048
16/02/2006 00:00,       1.042
17/02/2006 00:00,       1.039
18/02/2006 00:00,       1.037
19/02/2006 00:00,       1.034
20/02/2006 00:00,       1.031
21/02/2006 00:00,       1.029
22/02/2006 00:00,       1.028
23/02/2006 00:00,       1.027
24/02/2006 00:00,       1.026
25/02/2006 00:00,       1.025
26/02/2006 00:00,       1.022
27/02/2006 00:00,       1.020
28/02/2006 00:00,       1.021
01/03/2006 00:00,       1.020
02/03/2006 00:00,       1.018
03/03/2006 00:00,       1.030
04/03/2006 00:00,       1.034
05/03/2006 00:00,       1.042
06/03/2006 00:00,       1.061
07/03/2006 00:00,       1.062
08/03/2006 00:00,       1.055
09/03/2006 00:00,       1.053
10/03/2006 00:00,       1.052
11/03/2006 00:00,       1.050
12/03/2006 00:00,       1.054
13/03/2006 00:00,       1.060
14/03/2006 00:00,       1.062
15/03/2006 00:00,       1.065
16/03/2006 00:00,       1.066
17/03/2006 00:00,       1.065
18/03/2006 00:00,       1.068
19/03/2006 00:00,       1.066
20/03/2006 00:00,       1.064
21/03/2006 00:00,       1.063
22/03/2006 00:00,       1.062
23/03/2006 00:00,       1.060
24/03/2006 00:00,       1.058
25/03/2006 00:00,       1.056
26/03/2006 00:00,       1.056
27/03/2006 00:00,       1.069
28/03/2006 00:00,       1.065
29/03/2006 00:00,       1.074
30/03/2006 00:00,       1.088
31/03/2006 00:00,       1.085
01/04/2006 00:00,       1.082
02/04/2006 00:00,       1.079
03/04/2006 00:00,       1.076
04/04/2006 00:00,       1.076
05/04/2006 00:00,       1.075
06/04/2006 00:00,       1.079
07/04/2006 00:00,       1.081
08/04/2006 00:00,       1.082
09/04/2006 00:00,       1.079
10/04/2006 00:00,       1.074
11/04/2006 00:00,       1.071
12/04/2006 00:00,       1.067
13/04/2006 00:00,       1.064
14/04/2006 00:00,       1.062
15/04/2006 00:00,       1.059
16/04/2006 00:00,       1.061
17/04/2006 00:00,       1.066
18/04/2006 00:00,       1.069
19/04/2006 00:00,       1.077
20/04/2006 00:00,       1.106
21/04/2006 00:00,       1.099
22/04/2006 00:00,       1.110
23/04/2006 00:00,       1.096
24/04/2006 00:00,       1.086
25/04/2006 00:00,       1.080
26/04/2006 00:00,       1.076
27/04/2006 00:00,       1.076
28/04/2006 00:00,       1.075
29/04/2006 00:00,       1.074
30/04/2006 00:00,       1.074
01/05/2006 00:00,       1.076
02/05/2006 00:00,       1.078
03/05/2006 00:00,       1.088
04/05/2006 00:00,       1.088
05/05/2006 00:00,       1.094
06/05/2006 00:00,       1.102
07/05/2006 00:00,       1.138
08/05/2006 00:00,       1.190
09/05/2006 00:00,       1.147
10/05/2006 00:00,       1.130
11/05/2006 00:00,       1.157
12/05/2006 00:00,       1.139
13/05/2006 00:00,       1.127
14/05/2006 00:00,       1.115
15/05/2006 00:00,       1.116
16/05/2006 00:00,       1.106
17/05/2006 00:00,       1.100
18/05/2006 00:00,       1.096
19/05/2006 00:00,       1.093
20/05/2006 00:00,       1.092
21/05/2006 00:00,       1.091
22/05/2006 00:00,       1.094
23/05/2006 00:00,       1.097
24/05/2006 00:00,       1.095
25/05/2006 00:00,       1.095
26/05/2006 00:00,       1.094
27/05/2006 00:00,       1.093
28/05/2006 00:00,       1.093
29/05/2006 00:00,       1.096
30/05/2006 00:00,       1.098
31/05/2006 00:00,       1.101
01/06/2006 00:00,       1.135
02/06/2006 00:00,       1.209
03/06/2006 00:00,       1.176
04/06/2006 00:00,       1.165
05/06/2006 00:00,       1.178
06/06/2006 00:00,       1.161
07/06/2006 00:00,       1.147
08/06/2006 00:00,       1.136
09/06/2006 00:00,       1.128
10/06/2006 00:00,       1.122
11/06/2006 00:00,       1.118
12/06/2006 00:00,       1.116
13/06/2006 00:00,       1.116
14/06/2006 00:00,       1.117
15/06/2006 00:00,       1.115
16/06/2006 00:00,       1.113
17/06/2006 00:00,       1.112
18/06/2006 00:00,       1.111
19/06/2006 00:00,       1.110
20/06/2006 00:00,       1.110
21/06/2006 00:00,       1.108
22/06/2006 00:00,       1.106
23/06/2006 00:00,       1.105
24/06/2006 00:00,       1.105
25/06/2006 00:00,       1.103
26/06/2006 00:00,       1.103
27/06/2006 00:00,       1.102
28/06/2006 00:00,       1.101
29/06/2006 00:00,       1.100
30/06/2006 00:00,       1.102
01/07/2006 00:00,       1.106
02/07/2006 00:00,       1.188
03/07/2006 00:00,       1.207
04/07/2006 00:00,       1.174
05/07/2006 00:00,       1.157
06/07/2006 00:00,       1.148
07/07/2006 00:00,       1.142
08/07/2006 00:00,       1.139
09/07/2006 00:00,       1.135
10/07/2006 00:00,       1.141
11/07/2006 00:00,       1.149
12/07/2006 00:00,       1.165
13/07/2006 00:00,       1.196
14/07/2006 00:00,       1.177
15/07/2006 00:00,       1.173
16/07/2006 00:00,       1.254
17/07/2006 00:00,       1.313
18/07/2006 00:00,       1.287
19/07/2006 00:00,       1.242
20/07/2006 00:00,       1.211
21/07/2006 00:00,       1.192
22/07/2006 00:00,       1.179
23/07/2006 00:00,       1.172
24/07/2006 00:00,       1.167
25/07/2006 00:00,       1.164
26/07/2006 00:00,       1.160
27/07/2006 00:00,       1.156
28/07/2006 00:00,       1.153
29/07/2006 00:00,       1.151
30/07/2006 00:00,       1.160
31/07/2006 00:00,       1.222
01/08/2006 00:00,       1.221
02/08/2006 00:00,       1.186
03/08/2006 00:00,       1.172
04/08/2006 00:00,       1.168
05/08/2006 00:00,       1.161
06/08/2006 00:00,       1.153
07/08/2006 00:00,       1.147
08/08/2006 00:00,       1.141
09/08/2006 00:00,       1.134
10/08/2006 00:00,       1.130
11/08/2006 00:00,       1.126
12/08/2006 00:00,       1.124
13/08/2006 00:00,       1.122
14/08/2006 00:00,       1.120
15/08/2006 00:00,       1.118
16/08/2006 00:00,       1.115
17/08/2006 00:00,       1.115
18/08/2006 00:00,       1.117
19/08/2006 00:00,       1.127
20/08/2006 00:00,       1.132
21/08/2006 00:00,       1.128
22/08/2006 00:00,       1.124
23/08/2006 00:00,       1.124
24/08/2006 00:00,       1.122
25/08/2006 00:00,       1.127
26/08/2006 00:00,       1.153
27/08/2006 00:00,       1.149
28/08/2006 00:00,       1.141
29/08/2006 00:00,       1.136
30/08/2006 00:00,       1.133
31/08/2006 00:00,       1.128
01/09/2006 00:00,       1.124
02/09/2006 00:00,       1.119
03/09/2006 00:00,       1.114
04/09/2006 00:00,       1.110
05/09/2006 00:00,       1.114
06/09/2006 00:00,       1.134
07/09/2006 00:00,       1.193
08/09/2006 00:00,       1.170
09/09/2006 00:00,       1.170
10/09/2006 00:00,       1.183
11/09/2006 00:00,       1.166
12/09/2006 00:00,       1.148
13/09/2006 00:00,       1.136
14/09/2006 00:00,       1.128
15/09/2006 00:00,       1.121
16/09/2006 00:00,       1.116
17/09/2006 00:00,       1.111
18/09/2006 00:00,       1.107
19/09/2006 00:00,       1.107
20/09/2006 00:00,       1.116
21/09/2006 00:00,       1.112
22/09/2006 00:00,       1.099
23/09/2006 00:00,       1.090
24/09/2006 00:00,       1.089
25/09/2006 00:00,       1.088
26/09/2006 00:00,       1.087
27/09/2006 00:00,       1.089
28/09/2006 00:00,       1.087
29/09/2006 00:00,       1.083
30/09/2006 00:00,       1.081
01/10/2006 00:00,       1.078
02/10/2006 00:00,       1.075
03/10/2006 00:00,       1.072
04/10/2006 00:00,       1.067
05/10/2006 00:00,       1.064
06/10/2006 00:00,       1.058
07/10/2006 00:00,       1.049
08/10/2006 00:00,       1.043
09/10/2006 00:00,       1.050
10/10/2006 00:00,       1.052
11/10/2006 00:00,       1.050
12/10/2006 00:00,       1.045
13/10/2006 00:00,       1.043
14/10/2006 00:00,       1.044
15/10/2006 00:00,       1.047
16/10/2006 00:00,       1.046
17/10/2006 00:00,       1.043
18/10/2006 00:00,       1.041
19/10/2006 00:00,       1.039
20/10/2006 00:00,       1.041
21/10/2006 00:00,       1.040
22/10/2006 00:00,       1.039
23/10/2006 00:00,       1.038
24/10/2006 00:00,       1.036
25/10/2006 00:00,       1.035
26/10/2006 00:00,       1.034
27/10/2006 00:00,       1.033
28/10/2006 00:00,       1.034
29/10/2006 00:00,       1.033
30/10/2006 00:00,       1.039
31/10/2006 00:00,       1.040
01/11/2006 00:00,       1.040
02/11/2006 00:00,       1.038
03/11/2006 00:00,       1.036
04/11/2006 00:00,       1.035
05/11/2006 00:00,       1.034
06/11/2006 00:00,       1.032
07/11/2006 00:00,       1.029
08/11/2006 00:00,       1.029
09/11/2006 00:00,       1.033
10/11/2006 00:00,       1.039
11/11/2006 00:00,       1.038
12/11/2006 00:00,       1.038
13/11/2006 00:00,       1.037
14/11/2006 00:00,       1.034
15/11/2006 00:00,       1.035
16/11/2006 00:00,       1.032
17/11/2006 00:00,       1.031
18/11/2006 00:00,       1.029
19/11/2006 00:00,       1.026
20/11/2006 00:00,       1.028
21/11/2006 00:00,       1.028
22/11/2006 00:00,       1.028
23/11/2006 00:00,       1.028
24/11/2006 00:00,       1.028
25/11/2006 00:00,       1.028
26/11/2006 00:00,       1.029
27/11/2006 00:00,       1.027
28/11/2006 00:00,       1.028
29/11/2006 00:00,       1.025
30/11/2006 00:00,       1.024
01/12/2006 00:00,       1.024
02/12/2006 00:00,       1.024
03/12/2006 00:00,       1.026
04/12/2006 00:00,       1.024
05/12/2006 00:00,       1.023
06/12/2006 00:00,       1.022
07/12/2006 00:00,       1.024
08/12/2006 00:00,       1.024
09/12/2006 00:00,       1.022
10/12/2006 00:00,       1.024
11/12/2006 00:00,       1.026
12/12/2006 00:00,       1.024
13/12/2006 00:00,       1.022
14/12/2006 00:00,       1.025
15/12/2006 00:00,       1.029
16/12/2006 00:00,       1.026
17/12/2006 00:00,       1.024
18/12/2006 00:00,       1.024
19/12/2006 00:00,       1.024
20/12/2006 00:00,       1.024
21/12/2006 00:00,       1.024
22/12/2006 00:00,       1.030
23/12/2006 00:00,       1.028
24/12/2006 00:00,       1.025
25/12/2006 00:00,       1.026
26/12/2006 00:00,       1.027
27/12/2006 00:00,       1.027
28/12/2006 00:00,       1.025
29/12/2006 00:00,       1.024
30/12/2006 00:00,       1.025
31/12/2006 00:00,       1.024
01/01/2007 00:00,       1.023
02/01/2007 00:00,       1.022
03/01/2007 00:00,       1.022
04/01/2007 00:00,       1.024
05/01/2007 00:00,       1.029
06/01/2007 00:00,       1.026
07/01/2007 00:00,       1.025
08/01/2007 00:00,       1.022
09/01/2007 00:00,       1.025
10/01/2007 00:00,       1.022
11/01/2007 00:00,       1.020
12/01/2007 00:00,       1.022
13/01/2007 00:00,       1.023
14/01/2007 00:00,       1.021
15/01/2007 00:00,       1.025
16/01/2007 00:00,       1.023
17/01/2007 00:00,       1.022
18/01/2007 00:00,       1.023
19/01/2007 00:00,       1.038
20/01/2007 00:00,       1.042
21/01/2007 00:00,       1.032
22/01/2007 00:00,       1.030
23/01/2007 00:00,       1.029
24/01/2007 00:00,       1.028
25/01/2007 00:00,       1.028
26/01/2007 00:00,       1.027
27/01/2007 00:00,       1.025
28/01/2007 00:00,       1.027
29/01/2007 00:00,       1.029
30/01/2007 00:00,       1.028
31/01/2007 00:00,       1.026
01/02/2007 00:00,       1.025
02/02/2007 00:00,       1.025
03/02/2007 00:00,       1.025
04/02/2007 00:00,       1.024
05/02/2007 00:00,       1.025
06/02/2007 00:00,       1.026
07/02/2007 00:00,       1.025
08/02/2007 00:00,       1.026
09/02/2007 00:00,       1.026
10/02/2007 00:00,       1.026
11/02/2007 00:00,       1.027
12/02/2007 00:00,       1.028
13/02/2007 00:00,       1.027
14/02/2007 00:00,       1.027
15/02/2007 00:00,       1.026
16/02/2007 00:00,       1.025
17/02/2007 00:00,       1.023
18/02/2007 00:00,       1.022
19/02/2007 00:00,       1.025
20/02/2007 00:00,       1.026
21/02/2007 00:00,       1.027
22/02/2007 00:00,       1.028
23/02/2007 00:00,       1.028
24/02/2007 00:00,       1.028
25/02/2007 00:00,       1.027
26/02/2007 00:00,       1.024
27/02/2007 00:00,       1.026
28/02/2007 00:00,       1.027
01/03/2007 00:00,       1.027
02/03/2007 00:00,       1.027
03/03/2007 00:00,       1.026
04/03/2007 00:00,       1.025
05/03/2007 00:00,       1.026
06/03/2007 00:00,       1.026
07/03/2007 00:00,       1.027
08/03/2007 00:00,       1.028
09/03/2007 00:00,       1.027
10/03/2007 00:00,       1.025
11/03/2007 00:00,       1.033
12/03/2007 00:00,       1.033
13/03/2007 00:00,       1.033
14/03/2007 00:00,       1.033
15/03/2007 00:00,       1.031
16/03/2007 00:00,       1.028
17/03/2007 00:00,       1.027
18/03/2007 00:00,       1.025
19/03/2007 00:00,       1.025
20/03/2007 00:00,       1.027
21/03/2007 00:00,       1.027
22/03/2007 00:00,       1.026
23/03/2007 00:00,       1.031
24/03/2007 00:00,       1.033
25/03/2007 00:00,       1.027
26/03/2007 00:00,       1.025
27/03/2007 00:00,       1.026
28/03/2007 00:00,       1.028
29/03/2007 00:00,       1.027
30/03/2007 00:00,       1.027
31/03/2007 00:00,       1.027
01/04/2007 00:00,       1.025
02/04/2007 00:00,       1.026
03/04/2007 00:00,       1.026
04/04/2007 00:00,       1.025
05/04/2007 00:00,       1.025
06/04/2007 00:00,       1.024
07/04/2007 00:00,       1.020
08/04/2007 00:00,       1.024
09/04/2007 00:00,       1.022
10/04/2007 00:00,       1.022
11/04/2007 00:00,       1.022
12/04/2007 00:00,       1.022
13/04/2007 00:00,       1.022
14/04/2007 00:00,       1.021
15/04/2007 00:00,       1.021
16/04/2007 00:00,       1.021
17/04/2007 00:00,       1.022
18/04/2007 00:00,       1.023
19/04/2007 00:00,       1.023
20/04/2007 00:00,       1.022
21/04/2007 00:00,       1.022
22/04/2007 00:00,       1.022
23/04/2007 00:00,       1.022
24/04/2007 00:00,       1.023
25/04/2007 00:00,       1.023
26/04/2007 00:00,       1.035
27/04/2007 00:00,       1.039
28/04/2007 00:00,       1.034
29/04/2007 00:00,       1.030
30/04/2007 00:00,       1.026
01/05/2007 00:00,       1.023
02/05/2007 00:00,       1.022
03/05/2007 00:00,       1.027
04/05/2007 00:00,       1.027
05/05/2007 00:00,       1.024
06/05/2007 00:00,       1.023
07/05/2007 00:00,       1.030
08/05/2007 00:00,       1.061
09/05/2007 00:00,       1.057
10/05/2007 00:00,       1.053
11/05/2007 00:00,       1.050
12/05/2007 00:00,       1.050
13/05/2007 00:00,       1.047
14/05/2007 00:00,       1.044
15/05/2007 00:00,       1.045
16/05/2007 00:00,       1.043
17/05/2007 00:00,       1.041
18/05/2007 00:00,       1.044
19/05/2007 00:00,       1.044
20/05/2007 00:00,       1.044
21/05/2007 00:00,       1.044
22/05/2007 00:00,       1.045
23/05/2007 00:00,       1.054
24/05/2007 00:00,       1.065
25/05/2007 00:00,       1.064
26/05/2007 00:00,       1.064
27/05/2007 00:00,       1.060
28/05/2007 00:00,       1.060
29/05/2007 00:00,       1.061
30/05/2007 00:00,       1.061
31/05/2007 00:00,       1.072
01/06/2007 00:00,       1.114
02/06/2007 00:00,       1.138
03/06/2007 00:00,       1.126
04/06/2007 00:00,       1.116
05/06/2007 00:00,       1.142
06/06/2007 00:00,       1.159
07/06/2007 00:00,       1.139
08/06/2007 00:00,       1.130
09/06/2007 00:00,       1.140
10/06/2007 00:00,       1.128
11/06/2007 00:00,       1.127
12/06/2007 00:00,       1.155
13/06/2007 00:00,       1.151
14/06/2007 00:00,       1.130
15/06/2007 00:00,       1.116
16/06/2007 00:00,       1.108
17/06/2007 00:00,       1.103
18/06/2007 00:00,       1.097
19/06/2007 00:00,       1.110
20/06/2007 00:00,       1.125
21/06/2007 00:00,       1.140
22/06/2007 00:00,       1.147
23/06/2007 00:00,       1.153
24/06/2007 00:00,       1.130
25/06/2007 00:00,       1.117
26/06/2007 00:00,       1.110
27/06/2007 00:00,       1.104
28/06/2007 00:00,       1.104
29/06/2007 00:00,       1.109
30/06/2007 00:00,       1.123
01/07/2007 00:00,       1.120
02/07/2007 00:00,       1.119
03/07/2007 00:00,       1.130
04/07/2007 00:00,       1.142
05/07/2007 00:00,       1.179
06/07/2007 00:00,       1.187
07/07/2007 00:00,       1.245
08/07/2007 00:00,       1.370
09/07/2007 00:00,       1.250
10/07/2007 00:00,       1.211
11/07/2007 00:00,       1.191
12/07/2007 00:00,       1.182
13/07/2007 00:00,       1.180
14/07/2007 00:00,       1.185
15/07/2007 00:00,       1.172
16/07/2007 00:00,       1.162
17/07/2007 00:00,       1.174
18/07/2007 00:00,       1.219
19/07/2007 00:00,       1.192
20/07/2007 00:00,       1.174
21/07/2007 00:00,       1.162
22/07/2007 00:00,       1.155
23/07/2007 00:00,       1.148
24/07/2007 00:00,       1.142
25/07/2007 00:00,       1.136
26/07/2007 00:00,       1.131
27/07/2007 00:00,       1.131
28/07/2007 00:00,       1.144
29/07/2007 00:00,       1.215
30/07/2007 00:00,       1.256
31/07/2007 00:00,       1.196
01/08/2007 00:00,       1.183
02/08/2007 00:00,       1.197
03/08/2007 00:00,       1.237
04/08/2007 00:00,       1.190
05/08/2007 00:00,       1.170
06/08/2007 00:00,       1.161
07/08/2007 00:00,       1.155
08/08/2007 00:00,       1.178
09/08/2007 00:00,       1.200
10/08/2007 00:00,       1.180
11/08/2007 00:00,       1.165
12/08/2007 00:00,       1.155
13/08/2007 00:00,       1.158
14/08/2007 00:00,       1.161
15/08/2007 00:00,       1.150
16/08/2007 00:00,       1.145
17/08/2007 00:00,       1.256
18/08/2007 00:00,       1.228
19/08/2007 00:00,       1.189
20/08/2007 00:00,       1.175
21/08/2007 00:00,       1.161
22/08/2007 00:00,       1.152
23/08/2007 00:00,       1.146
24/08/2007 00:00,       1.141
25/08/2007 00:00,       1.136
26/08/2007 00:00,       1.131
27/08/2007 00:00,       1.124
28/08/2007 00:00,       1.119
29/08/2007 00:00,       1.115
30/08/2007 00:00,       1.112
31/08/2007 00:00,       1.111
01/09/2007 00:00,       1.109
02/09/2007 00:00,       1.109
03/09/2007 00:00,       1.113
04/09/2007 00:00,       1.117
05/09/2007 00:00,       1.113
06/09/2007 00:00,       1.108
07/09/2007 00:00,       1.104
08/09/2007 00:00,       1.099
09/09/2007 00:00,       1.094
10/09/2007 00:00,       1.093
11/09/2007 00:00,       1.097
12/09/2007 00:00,       1.107
13/09/2007 00:00,       1.113
14/09/2007 00:00,       1.112
15/09/2007 00:00,       1.106
16/09/2007 00:00,       1.105
17/09/2007 00:00,       1.109
18/09/2007 00:00,       1.114
19/09/2007 00:00,       1.111
20/09/2007 00:00,       1.103
21/09/2007 00:00,       1.096
22/09/2007 00:00,       1.091
23/09/2007 00:00,       1.083
24/09/2007 00:00,       1.079
25/09/2007 00:00,       1.076
26/09/2007 00:00,       1.075
27/09/2007 00:00,       1.082
28/09/2007 00:00,       1.100
29/09/2007 00:00,       1.146
30/09/2007 00:00,       1.139
01/10/2007 00:00,       1.117
02/10/2007 00:00,       1.105
03/10/2007 00:00,       1.097
04/10/2007 00:00,       1.089
05/10/2007 00:00,       1.083
06/10/2007 00:00,       1.079
07/10/2007 00:00,       1.077
08/10/2007 00:00,       1.075
09/10/2007 00:00,       1.072
10/10/2007 00:00,       1.067
11/10/2007 00:00,       1.064
12/10/2007 00:00,       1.066
13/10/2007 00:00,       1.065
14/10/2007 00:00,       1.067
15/10/2007 00:00,       1.063
16/10/2007 00:00,       1.064
17/10/2007 00:00,       1.058
18/10/2007 00:00,       1.055
19/10/2007 00:00,       1.052
20/10/2007 00:00,       1.050
21/10/2007 00:00,       1.051
22/10/2007 00:00,       1.054
23/10/2007 00:00,       1.074
24/10/2007 00:00,       1.079
25/10/2007 00:00,       1.081
26/10/2007 00:00,       1.086
27/10/2007 00:00,       1.079
28/10/2007 00:00,       1.082
29/10/2007 00:00,       1.090
30/10/2007 00:00,       1.103
31/10/2007 00:00,       1.117
01/11/2007 00:00,       1.119
02/11/2007 00:00,       1.119
03/11/2007 00:00,       1.223
04/11/2007 00:00,       1.284
05/11/2007 00:00,       1.216
06/11/2007 00:00,       1.181
07/11/2007 00:00,       1.156
08/11/2007 00:00,       1.139
09/11/2007 00:00,       1.126
10/11/2007 00:00,       1.116
11/11/2007 00:00,       1.109
12/11/2007 00:00,       1.105
13/11/2007 00:00,       1.101
14/11/2007 00:00,       1.097
15/11/2007 00:00,       1.091
16/11/2007 00:00,       1.086
17/11/2007 00:00,       1.082
18/11/2007 00:00,       1.079
19/11/2007 00:00,       1.076
20/11/2007 00:00,       1.075
21/11/2007 00:00,       1.084
22/11/2007 00:00,       1.087
23/11/2007 00:00,       1.082
24/11/2007 00:00,       1.083
25/11/2007 00:00,       1.084
26/11/2007 00:00,       1.080
27/11/2007 00:00,       1.075
28/11/2007 00:00,       1.072
29/11/2007 00:00,       1.072
30/11/2007 00:00,       1.071
01/12/2007 00:00,       1.069
02/12/2007 00:00,       1.068
03/12/2007 00:00,       1.065
04/12/2007 00:00,       1.062
05/12/2007 00:00,       1.061
06/12/2007 00:00,       1.064
07/12/2007 00:00,       1.063
08/12/2007 00:00,       1.061
09/12/2007 00:00,       1.061
10/12/2007 00:00,       1.060
11/12/2007 00:00,       1.059
12/12/2007 00:00,       1.060
13/12/2007 00:00,       1.059
14/12/2007 00:00,       1.058
15/12/2007 00:00,       1.057
16/12/2007 00:00,       1.057
17/12/2007 00:00,       1.056
18/12/2007 00:00,       1.055
19/12/2007 00:00,       1.054
20/12/2007 00:00,       1.053
21/12/2007 00:00,       1.073
22/12/2007 00:00,       1.073
23/12/2007 00:00,       1.060
24/12/2007 00:00,       1.055
25/12/2007 00:00,       1.053
26/12/2007 00:00,       1.051
27/12/2007 00:00,       1.048
28/12/2007 00:00,       1.045
29/12/2007 00:00,       1.044
30/12/2007 00:00,       1.042
31/12/2007 00:00,       1.040
01/01/2008 00:00,       1.038
02/01/2008 00:00,       1.036
03/01/2008 00:00,       1.034
04/01/2008 00:00,       1.029
05/01/2008 00:00,       1.025
06/01/2008 00:00,       1.022
07/01/2008 00:00,       1.022
08/01/2008 00:00,       1.022
09/01/2008 00:00,       1.022
10/01/2008 00:00,       1.022
11/01/2008 00:00,       1.029
12/01/2008 00:00,       1.021
13/01/2008 00:00,       1.010
14/01/2008 00:00,       1.013
15/01/2008 00:00,       1.013
16/01/2008 00:00,       1.012
17/01/2008 00:00,       1.012
18/01/2008 00:00,       1.013
19/01/2008 00:00,       1.012
20/01/2008 00:00,       1.012
21/01/2008 00:00,       1.011
22/01/2008 00:00,       1.010
23/01/2008 00:00,       1.011
24/01/2008 00:00,       1.013
25/01/2008 00:00,       1.012
26/01/2008 00:00,       1.010
27/01/2008 00:00,       1.008
28/01/2008 00:00,       1.008
29/01/2008 00:00,       1.008
30/01/2008 00:00,       1.009
31/01/2008 00:00,       1.009
01/02/2008 00:00,       1.007
02/02/2008 00:00,       1.007
03/02/2008 00:00,       1.006
04/02/2008 00:00,       1.010
05/02/2008 00:00,       1.010
06/02/2008 00:00,       1.011
07/02/2008 00:00,       1.013
08/02/2008 00:00,       1.011
09/02/2008 00:00,       1.007
10/02/2008 00:00,       1.006
11/02/2008 00:00,       1.007
12/02/2008 00:00,       1.007
13/02/2008 00:00,       1.005
14/02/2008 00:00,       1.005
15/02/2008 00:00,       1.005
16/02/2008 00:00,       1.004
17/02/2008 00:00,       1.002
18/02/2008 00:00,       1.005
19/02/2008 00:00,       1.006
20/02/2008 00:00,       1.018
21/02/2008 00:00,       1.013
22/02/2008 00:00,       1.010
23/02/2008 00:00,       1.011
24/02/2008 00:00,       1.011
25/02/2008 00:00,       1.011
26/02/2008 00:00,       1.011
27/02/2008 00:00,       1.011
28/02/2008 00:00,       1.010
29/02/2008 00:00,       1.009
01/03/2008 00:00,       1.009
02/03/2008 00:00,       1.006
03/03/2008 00:00,       1.007
04/03/2008 00:00,       1.010
05/03/2008 00:00,       1.008
06/03/2008 00:00,       1.008
07/03/2008 00:00,       1.010
08/03/2008 00:00,       1.011
09/03/2008 00:00,       1.007
10/03/2008 00:00,       1.009
11/03/2008 00:00,       1.010
12/03/2008 00:00,       1.008
13/03/2008 00:00,       1.012
14/03/2008 00:00,       1.021
15/03/2008 00:00,       1.025
16/03/2008 00:00,       1.026
17/03/2008 00:00,       1.029
18/03/2008 00:00,       1.038
19/03/2008 00:00,       1.029
20/03/2008 00:00,       1.022
21/03/2008 00:00,       1.023
22/03/2008 00:00,       1.021
23/03/2008 00:00,       1.020
24/03/2008 00:00,       1.019
25/03/2008 00:00,       1.024
26/03/2008 00:00,       1.027
27/03/2008 00:00,       1.027
28/03/2008 00:00,       1.026
29/03/2008 00:00,       1.024
30/03/2008 00:00,       1.024
31/03/2008 00:00,       1.025
01/04/2008 00:00,       1.023
02/04/2008 00:00,       1.029
03/04/2008 00:00,       1.043
04/04/2008 00:00,       1.041
05/04/2008 00:00,       1.039
06/04/2008 00:00,       1.039
07/04/2008 00:00,       1.038
08/04/2008 00:00,       1.038
09/04/2008 00:00,       1.038
10/04/2008 00:00,       1.038
11/04/2008 00:00,       1.038
12/04/2008 00:00,       1.037
13/04/2008 00:00,       1.037
14/04/2008 00:00,       1.035
15/04/2008 00:00,       1.035
16/04/2008 00:00,       1.034
17/04/2008 00:00,       1.033
18/04/2008 00:00,       1.033
19/04/2008 00:00,       1.032
20/04/2008 00:00,       1.032
21/04/2008 00:00,       1.030
22/04/2008 00:00,       1.031
23/04/2008 00:00,       1.031
24/04/2008 00:00,       1.030
25/04/2008 00:00,       1.030
26/04/2008 00:00,       1.034
27/04/2008 00:00,       1.035
28/04/2008 00:00,       1.036
29/04/2008 00:00,       1.033
30/04/2008 00:00,       1.033
01/05/2008 00:00,       1.033
02/05/2008 00:00,       1.032
03/05/2008 00:00,       1.032
04/05/2008 00:00,       1.030
05/05/2008 00:00,       1.028
06/05/2008 00:00,       1.030
07/05/2008 00:00,       1.032
08/05/2008 00:00,       1.030
09/05/2008 00:00,       1.029
10/05/2008 00:00,       1.029
11/05/2008 00:00,       1.028
12/05/2008 00:00,       1.028
13/05/2008 00:00,       1.027
14/05/2008 00:00,       1.026
15/05/2008 00:00,       1.028
16/05/2008 00:00,       1.032
17/05/2008 00:00,       1.042
18/05/2008 00:00,       1.031
19/05/2008 00:00,       1.029
20/05/2008 00:00,       1.029
21/05/2008 00:00,       1.029
22/05/2008 00:00,       1.026
23/05/2008 00:00,       1.025
24/05/2008 00:00,       1.025
25/05/2008 00:00,       1.025
26/05/2008 00:00,       1.026
27/05/2008 00:00,       1.028
28/05/2008 00:00,       1.025
29/05/2008 00:00,       1.025
30/05/2008 00:00,       1.027
31/05/2008 00:00,       1.027
01/06/2008 00:00,       1.025
02/06/2008 00:00,       1.026
03/06/2008 00:00,       1.027
04/06/2008 00:00,       1.027
05/06/2008 00:00,       1.028
06/06/2008 00:00,       1.034
07/06/2008 00:00,       1.035
08/06/2008 00:00,       1.035
09/06/2008 00:00,       1.039
10/06/2008 00:00,       1.045
11/06/2008 00:00,       1.061
12/06/2008 00:00,       1.066
13/06/2008 00:00,       1.072
14/06/2008 00:00,       1.087
15/06/2008 00:00,       1.088
16/06/2008 00:00,       1.083
17/06/2008 00:00,       1.075
18/06/2008 00:00,       1.072
19/06/2008 00:00,       1.086
20/06/2008 00:00,       1.083
21/06/2008 00:00,       1.093
22/06/2008 00:00,       1.090
23/06/2008 00:00,       1.083
24/06/2008 00:00,       1.079
25/06/2008 00:00,       1.077
26/06/2008 00:00,       1.073
27/06/2008 00:00,       1.069
28/06/2008 00:00,       1.066
29/06/2008 00:00,       1.065
30/06/2008 00:00,       1.073
01/07/2008 00:00,       1.078
02/07/2008 00:00,       1.075
03/07/2008 00:00,       1.081
04/07/2008 00:00,       1.084
05/07/2008 00:00,       1.077
06/07/2008 00:00,       1.072
07/07/2008 00:00,       1.076
08/07/2008 00:00,       1.096
09/07/2008 00:00,       1.124
10/07/2008 00:00,       1.130
11/07/2008 00:00,       1.146
12/07/2008 00:00,       1.131
13/07/2008 00:00,       1.111
14/07/2008 00:00,       1.106
15/07/2008 00:00,       1.166
16/07/2008 00:00,       1.190
17/07/2008 00:00,       1.150
18/07/2008 00:00,       1.138
19/07/2008 00:00,       1.129
20/07/2008 00:00,       1.123
21/07/2008 00:00,       1.155
22/07/2008 00:00,       1.159
23/07/2008 00:00,       1.138
24/07/2008 00:00,       1.122
25/07/2008 00:00,       1.113
26/07/2008 00:00,       1.105
27/07/2008 00:00,       1.110
28/07/2008 00:00,       1.127
29/07/2008 00:00,       1.139
30/07/2008 00:00,       1.130
31/07/2008 00:00,       1.153
01/08/2008 00:00,       1.166
02/08/2008 00:00,       1.209
03/08/2008 00:00,       1.165
04/08/2008 00:00,       1.150
05/08/2008 00:00,       1.180
06/08/2008 00:00,       1.185
07/08/2008 00:00,       1.281
08/08/2008 00:00,       1.244
09/08/2008 00:00,       1.243
10/08/2008 00:00,       1.416
11/08/2008 00:00,       1.357
12/08/2008 00:00,       1.273
13/08/2008 00:00,       1.246
14/08/2008 00:00,       1.236
15/08/2008 00:00,       1.211
16/08/2008 00:00,       1.293
17/08/2008 00:00,       1.330
18/08/2008 00:00,       1.252
19/08/2008 00:00,       1.220
20/08/2008 00:00,       1.201
21/08/2008 00:00,       1.331
22/08/2008 00:00,       1.364
23/08/2008 00:00,       1.297
24/08/2008 00:00,       1.264
25/08/2008 00:00,       1.236
26/08/2008 00:00,       1.213
27/08/2008 00:00,       1.198
28/08/2008 00:00,       1.186
29/08/2008 00:00,       1.177
30/08/2008 00:00,       1.177
31/08/2008 00:00,       1.250
01/09/2008 00:00,       1.279
02/09/2008 00:00,       1.341
03/09/2008 00:00,       1.246
04/09/2008 00:00,       1.214
05/09/2008 00:00,       1.197
06/09/2008 00:00,       1.187
07/09/2008 00:00,       1.179
08/09/2008 00:00,       1.172
09/09/2008 00:00,       1.165
10/09/2008 00:00,       1.158
11/09/2008 00:00,       1.156
12/09/2008 00:00,       1.160
13/09/2008 00:00,       1.155
14/09/2008 00:00,       1.145
15/09/2008 00:00,       1.142
16/09/2008 00:00,       1.162
17/09/2008 00:00,       1.162
18/09/2008 00:00,       1.147
19/09/2008 00:00,       1.137
20/09/2008 00:00,       1.129
21/09/2008 00:00,       1.124
22/09/2008 00:00,       1.126
23/09/2008 00:00,       1.134
24/09/2008 00:00,       1.150
25/09/2008 00:00,       1.163
26/09/2008 00:00,       1.144
27/09/2008 00:00,       1.130
28/09/2008 00:00,       1.118
29/09/2008 00:00,       1.111
30/09/2008 00:00,       1.106
01/10/2008 00:00,       1.105
02/10/2008 00:00,       1.103
03/10/2008 00:00,       1.101
04/10/2008 00:00,       1.101
05/10/2008 00:00,       1.099
06/10/2008 00:00,       1.101
07/10/2008 00:00,       1.101
08/10/2008 00:00,       1.101
09/10/2008 00:00,       1.102
10/10/2008 00:00,       1.100
11/10/2008 00:00,       1.095
12/10/2008 00:00,       1.091
13/10/2008 00:00,       1.084
14/10/2008 00:00,       1.080
15/10/2008 00:00,       1.078
16/10/2008 00:00,       1.074
17/10/2008 00:00,       1.072
18/10/2008 00:00,       1.067
19/10/2008 00:00,       1.062
20/10/2008 00:00,       1.062
21/10/2008 00:00,       1.067
22/10/2008 00:00,       1.059
23/10/2008 00:00,       1.059
24/10/2008 00:00,       1.055
25/10/2008 00:00,       1.054
26/10/2008 00:00,       1.052
27/10/2008 00:00,       1.052
28/10/2008 00:00,       1.051
29/10/2008 00:00,       1.050
30/10/2008 00:00,       1.048
31/10/2008 00:00,       1.046
01/11/2008 00:00,       1.045
02/11/2008 00:00,       1.048
03/11/2008 00:00,       1.050
04/11/2008 00:00,       1.049
05/11/2008 00:00,       1.050
06/11/2008 00:00,       1.049
07/11/2008 00:00,       1.046
08/11/2008 00:00,       1.043
09/11/2008 00:00,       1.042
10/11/2008 00:00,       1.041
11/11/2008 00:00,       1.039
12/11/2008 00:00,       1.034
13/11/2008 00:00,       1.032
14/11/2008 00:00,       1.032
15/11/2008 00:00,       1.030
16/11/2008 00:00,       1.027
17/11/2008 00:00,       1.025
18/11/2008 00:00,       1.026
19/11/2008 00:00,       1.025
20/11/2008 00:00,       1.021
21/11/2008 00:00,       1.020
22/11/2008 00:00,       1.021
23/11/2008 00:00,       1.018
24/11/2008 00:00,       1.016
25/11/2008 00:00,       1.015
26/11/2008 00:00,       1.016
27/11/2008 00:00,       1.018
28/11/2008 00:00,       1.021
29/11/2008 00:00,       1.018
30/11/2008 00:00,       1.014
01/12/2008 00:00,       1.012
02/12/2008 00:00,       1.009
03/12/2008 00:00,       1.007
04/12/2008 00:00,       1.007
05/12/2008 00:00,       1.007
06/12/2008 00:00,       1.004
07/12/2008 00:00,       1.001
08/12/2008 00:00,       0.999
09/12/2008 00:00,       0.999
10/12/2008 00:00,       0.998
11/12/2008 00:00,       0.998
12/12/2008 00:00,       1.010
13/12/2008 00:00,       1.015
14/12/2008 00:00,       1.056
15/12/2008 00:00,       1.070
16/12/2008 00:00,       1.068
17/12/2008 00:00,       1.061
18/12/2008 00:00,       1.055
19/12/2008 00:00,       1.048
20/12/2008 00:00,       1.046
21/12/2008 00:00,       1.042
22/12/2008 00:00,       1.035
23/12/2008 00:00,       1.035
24/12/2008 00:00,       1.031
25/12/2008 00:00,       1.029
26/12/2008 00:00,       1.030
27/12/2008 00:00,       1.030
28/12/2008 00:00,       1.027
29/12/2008 00:00,       1.025
30/12/2008 00:00,       1.026
31/12/2008 00:00,       1.026
01/01/2009 00:00,       1.025
02/01/2009 00:00,       1.024
03/01/2009 00:00,       1.024
04/01/2009 00:00,       1.024
05/01/2009 00:00,       1.024
06/01/2009 00:00,       1.024
07/01/2009 00:00,       1.024
08/01/2009 00:00,       1.024
09/01/2009 00:00,       1.024
10/01/2009 00:00,       1.024
11/01/2009 00:00,       1.023
12/01/2009 00:00,       1.021
13/01/2009 00:00,       1.020
14/01/2009 00:00,       1.019
15/01/2009 00:00,       1.020
16/01/2009 00:00,       1.021
17/01/2009 00:00,       1.020
18/01/2009 00:00,       1.019
19/01/2009 00:00,       1.017
20/01/2009 00:00,       1.017
21/01/2009 00:00,       1.019
22/01/2009 00:00,       1.020
23/01/2009 00:00,       1.019
24/01/2009 00:00,       1.017
25/01/2009 00:00,       1.018
26/01/2009 00:00,       1.019
27/01/2009 00:00,       1.017
28/01/2009 00:00,       1.016
29/01/2009 00:00,       1.011
30/01/2009 00:00,       1.008
31/01/2009 00:00,       1.009
01/02/2009 00:00,       1.013
02/02/2009 00:00,       1.015
03/02/2009 00:00,       1.018
04/02/2009 00:00,       1.018
05/02/2009 00:00,       1.018
06/02/2009 00:00,       1.017
07/02/2009 00:00,       1.016
08/02/2009 00:00,       1.012
09/02/2009 00:00,       1.011
10/02/2009 00:00,       1.014
11/02/2009 00:00,       1.016
12/02/2009 00:00,       1.017
13/02/2009 00:00,       1.017
14/02/2009 00:00,       1.016
15/02/2009 00:00,       1.014
16/02/2009 00:00,       1.014
17/02/2009 00:00,       1.015
18/02/2009 00:00,       1.014
19/02/2009 00:00,       1.021
20/02/2009 00:00,       1.025
21/02/2009 00:00,       1.024
22/02/2009 00:00,       1.020
23/02/2009 00:00,       1.015
24/02/2009 00:00,       1.015
25/02/2009 00:00,       1.015
26/02/2009 00:00,       1.014
27/02/2009 00:00,       1.013
28/02/2009 00:00,       1.014
01/03/2009 00:00,       1.011
02/03/2009 00:00,       1.015
03/03/2009 00:00,       1.027
04/03/2009 00:00,       1.019
05/03/2009 00:00,       1.019
06/03/2009 00:00,       1.020
07/03/2009 00:00,       1.020
08/03/2009 00:00,       1.018
09/03/2009 00:00,       1.016
10/03/2009 00:00,       1.014
11/03/2009 00:00,       1.016
12/03/2009 00:00,       1.016
13/03/2009 00:00,       1.016
14/03/2009 00:00,       1.023
15/03/2009 00:00,       1.023
16/03/2009 00:00,       1.024
17/03/2009 00:00,       1.025
18/03/2009 00:00,       1.026
19/03/2009 00:00,       1.031
20/03/2009 00:00,       1.034
21/03/2009 00:00,       1.032
22/03/2009 00:00,       1.034
23/03/2009 00:00,       1.034
24/03/2009 00:00,       1.030
25/03/2009 00:00,       1.030
26/03/2009 00:00,       1.022
27/03/2009 00:00,       1.019
28/03/2009 00:00,       1.018
29/03/2009 00:00,       1.018
30/03/2009 00:00,       1.017
31/03/2009 00:00,       1.016
01/04/2009 00:00,       1.015
02/04/2009 00:00,       1.016
03/04/2009 00:00,       1.017
04/04/2009 00:00,       1.016
05/04/2009 00:00,       1.015
06/04/2009 00:00,       1.014
07/04/2009 00:00,       1.017
08/04/2009 00:00,       1.018
09/04/2009 00:00,       1.018
10/04/2009 00:00,       1.017
11/04/2009 00:00,       1.016
12/04/2009 00:00,       1.016
13/04/2009 00:00,       1.016
14/04/2009 00:00,       1.017
15/04/2009 00:00,       1.022
16/04/2009 00:00,       1.023
17/04/2009 00:00,       1.020
18/04/2009 00:00,       1.019
19/04/2009 00:00,       1.018
20/04/2009 00:00,       1.018
21/04/2009 00:00,       1.018
22/04/2009 00:00,       1.016
23/04/2009 00:00,       1.019
24/04/2009 00:00,       1.025
25/04/2009 00:00,       1.028
26/04/2009 00:00,       1.025
27/04/2009 00:00,       1.025
28/04/2009 00:00,       1.023
29/04/2009 00:00,       1.020
30/04/2009 00:00,       1.020
01/05/2009 00:00,       1.029
02/05/2009 00:00,       1.028
03/05/2009 00:00,       1.022
04/05/2009 00:00,       1.021
05/05/2009 00:00,       1.021
06/05/2009 00:00,       1.021
07/05/2009 00:00,       1.022
08/05/2009 00:00,       1.022
09/05/2009 00:00,       1.022
10/05/2009 00:00,       1.021
11/05/2009 00:00,       1.021
12/05/2009 00:00,       1.021
13/05/2009 00:00,       1.021
14/05/2009 00:00,       1.021
15/05/2009 00:00,       1.022
16/05/2009 00:00,       1.021
17/05/2009 00:00,       1.020
18/05/2009 00:00,       1.021
19/05/2009 00:00,       1.020
20/05/2009 00:00,       1.021
21/05/2009 00:00,       1.021
22/05/2009 00:00,       1.021
23/05/2009 00:00,       1.034
24/05/2009 00:00,       1.037
25/05/2009 00:00,       1.045
26/05/2009 00:00,       1.067
27/05/2009 00:00,       1.117
28/05/2009 00:00,       1.092
29/05/2009 00:00,       1.079
30/05/2009 00:00,       1.071
31/05/2009 00:00,       1.066
01/06/2009 00:00,       1.062
02/06/2009 00:00,       1.061
03/06/2009 00:00,       1.062
04/06/2009 00:00,       1.061
05/06/2009 00:00,       1.058
06/06/2009 00:00,       1.065
07/06/2009 00:00,       1.067
08/06/2009 00:00,       1.074
09/06/2009 00:00,       1.084
10/06/2009 00:00,       1.123
11/06/2009 00:00,       1.116
12/06/2009 00:00,       1.095
13/06/2009 00:00,       1.086
14/06/2009 00:00,       1.082
15/06/2009 00:00,       1.084
16/06/2009 00:00,       1.128
17/06/2009 00:00,       1.106
18/06/2009 00:00,       1.093
19/06/2009 00:00,       1.084
20/06/2009 00:00,       1.078
21/06/2009 00:00,       1.076
22/06/2009 00:00,       1.073
23/06/2009 00:00,       1.072
24/06/2009 00:00,       1.077
25/06/2009 00:00,       1.138
26/06/2009 00:00,       1.134
27/06/2009 00:00,       1.124
28/06/2009 00:00,       1.119
29/06/2009 00:00,       1.108
30/06/2009 00:00,       1.103
01/07/2009 00:00,       1.121
02/07/2009 00:00,       1.193
03/07/2009 00:00,       1.181
04/07/2009 00:00,       1.161
05/07/2009 00:00,       1.152
06/07/2009 00:00,       1.142
07/07/2009 00:00,       1.140
08/07/2009 00:00,       1.127
09/07/2009 00:00,       1.117
10/07/2009 00:00,       1.110
11/07/2009 00:00,       1.175
12/07/2009 00:00,       1.355
13/07/2009 00:00,       1.623
14/07/2009 00:00,       1.593
15/07/2009 00:00,       1.734
16/07/2009 00:00,       1.815
17/07/2009 00:00,       1.352
18/07/2009 00:00,       1.283
19/07/2009 00:00,       1.251
20/07/2009 00:00,       1.226
21/07/2009 00:00,       1.200
22/07/2009 00:00,       1.242
23/07/2009 00:00,       1.299
24/07/2009 00:00,       1.226
25/07/2009 00:00,       1.201
26/07/2009 00:00,       1.187
27/07/2009 00:00,       1.187
28/07/2009 00:00,       1.236
29/07/2009 00:00,       1.260
30/07/2009 00:00,       1.238
31/07/2009 00:00,       1.289
01/08/2009 00:00,       1.246
02/08/2009 00:00,       1.291
03/08/2009 00:00,       1.237
04/08/2009 00:00,       1.214
05/08/2009 00:00,       1.237
06/08/2009 00:00,       1.213
07/08/2009 00:00,       1.194
08/08/2009 00:00,       1.190
09/08/2009 00:00,       1.174
10/08/2009 00:00,       1.173
11/08/2009 00:00,       1.180
12/08/2009 00:00,       1.169
13/08/2009 00:00,       1.162
14/08/2009 00:00,       1.157
15/08/2009 00:00,       1.150
16/08/2009 00:00,       1.151
17/08/2009 00:00,       1.234
18/08/2009 00:00,       1.205
19/08/2009 00:00,       1.176
20/08/2009 00:00,       1.159
21/08/2009 00:00,       1.150
22/08/2009 00:00,       1.149
23/08/2009 00:00,       1.152
24/08/2009 00:00,       1.243
25/08/2009 00:00,       1.436
26/08/2009 00:00,       1.312
27/08/2009 00:00,       1.242
28/08/2009 00:00,       1.214
29/08/2009 00:00,       1.260
30/08/2009 00:00,       1.337
31/08/2009 00:00,       1.279
01/09/2009 00:00,       1.283
02/09/2009 00:00,       1.235
03/09/2009 00:00,       1.212
04/09/2009 00:00,       1.240
05/09/2009 00:00,       1.242
06/09/2009 00:00,       1.215
07/09/2009 00:00,       1.228
08/09/2009 00:00,       1.232
09/09/2009 00:00,       1.202
10/09/2009 00:00,       1.190
11/09/2009 00:00,       1.179
12/09/2009 00:00,       1.167
13/09/2009 00:00,       1.157
14/09/2009 00:00,       1.154
15/09/2009 00:00,       1.154
16/09/2009 00:00,       1.149
17/09/2009 00:00,       1.166
18/09/2009 00:00,       1.220
19/09/2009 00:00,       1.181
20/09/2009 00:00,       1.167
21/09/2009 00:00,       1.258
22/09/2009 00:00,       1.463
23/09/2009 00:00,       1.341
24/09/2009 00:00,       1.273
25/09/2009 00:00,       1.235
26/09/2009 00:00,       1.290
27/09/2009 00:00,       1.337
28/09/2009 00:00,       1.295
29/09/2009 00:00,       1.258
30/09/2009 00:00,       1.221
01/10/2009 00:00,       1.195
02/10/2009 00:00,       1.187
03/10/2009 00:00,       1.210
04/10/2009 00:00,       1.192
05/10/2009 00:00,       1.181
06/10/2009 00:00,       1.173
07/10/2009 00:00,       1.166
08/10/2009 00:00,       1.157
09/10/2009 00:00,       1.149
10/10/2009 00:00,       1.144
11/10/2009 00:00,       1.141
12/10/2009 00:00,       1.137
13/10/2009 00:00,       1.236
14/10/2009 00:00,       1.322
15/10/2009 00:00,       1.283
16/10/2009 00:00,       1.270
17/10/2009 00:00,       1.236
18/10/2009 00:00,       1.211
19/10/2009 00:00,       1.188
20/10/2009 00:00,       1.170
21/10/2009 00:00,       1.157
22/10/2009 00:00,       1.148
23/10/2009 00:00,       1.140
24/10/2009 00:00,       1.135
25/10/2009 00:00,       1.132
26/10/2009 00:00,       1.128
27/10/2009 00:00,       1.125
28/10/2009 00:00,       1.119
29/10/2009 00:00,       1.114
30/10/2009 00:00,       1.109
31/10/2009 00:00,       1.105
01/11/2009 00:00,       1.102
02/11/2009 00:00,       1.095
03/11/2009 00:00,       1.093
04/11/2009 00:00,       1.089
05/11/2009 00:00,       1.087
06/11/2009 00:00,       1.085
07/11/2009 00:00,       1.084
08/11/2009 00:00,       1.082
09/11/2009 00:00,       1.076
10/11/2009 00:00,       1.068
11/11/2009 00:00,       1.069
12/11/2009 00:00,       1.069
13/11/2009 00:00,       1.062
14/11/2009 00:00,       1.056
15/11/2009 00:00,       1.052
16/11/2009 00:00,       1.053
17/11/2009 00:00,       1.049
18/11/2009 00:00,       1.047
19/11/2009 00:00,       1.048
20/11/2009 00:00,       1.047
21/11/2009 00:00,       1.050
22/11/2009 00:00,       1.062
23/11/2009 00:00,       1.070
24/11/2009 00:00,       1.063
25/11/2009 00:00,       1.060
26/11/2009 00:00,       1.057
27/11/2009 00:00,       1.053
28/11/2009 00:00,       1.057
29/11/2009 00:00,       1.106
30/11/2009 00:00,       1.140
01/12/2009 00:00,       1.120
02/12/2009 00:00,       1.109
03/12/2009 00:00,       1.092
04/12/2009 00:00,       1.080
05/12/2009 00:00,       1.071
06/12/2009 00:00,       1.067
07/12/2009 00:00,       1.062
08/12/2009 00:00,       1.070
09/12/2009 00:00,       1.072
10/12/2009 00:00,       1.070
11/12/2009 00:00,       1.071
12/12/2009 00:00,       1.068
13/12/2009 00:00,       1.063
14/12/2009 00:00,       1.062
15/12/2009 00:00,       1.058
16/12/2009 00:00,       1.050
17/12/2009 00:00,       1.053
18/12/2009 00:00,       1.050
19/12/2009 00:00,       1.055
20/12/2009 00:00,       1.052
21/12/2009 00:00,       1.052
22/12/2009 00:00,       1.047
23/12/2009 00:00,       1.038
24/12/2009 00:00,       1.033
25/12/2009 00:00,       1.031
26/12/2009 00:00,       1.028
27/12/2009 00:00,       1.026
28/12/2009 00:00,       1.024
29/12/2009 00:00,       1.021
30/12/2009 00:00,       1.019
31/12/2009 00:00,       1.015
01/01/2010 00:00,       1.015
02/01/2010 00:00,       1.015
03/01/2010 00:00,       1.016
04/01/2010 00:00,       1.016
05/01/2010 00:00,       1.017
06/01/2010 00:00,       1.017
07/01/2010 00:00,       1.015
08/01/2010 00:00,       1.013
09/01/2010 00:00,       1.011
10/01/2010 00:00,       1.010
11/01/2010 00:00,       1.007
12/01/2010 00:00,       1.032
13/01/2010 00:00,       1.025
14/01/2010 00:00,       1.019
15/01/2010 00:00,       1.017
16/01/2010 00:00,       1.017
17/01/2010 00:00,       1.020
18/01/2010 00:00,       1.019
19/01/2010 00:00,       1.018
20/01/2010 00:00,       1.017
21/01/2010 00:00,       1.018
22/01/2010 00:00,       1.017
23/01/2010 00:00,       1.015
24/01/2010 00:00,       1.015
25/01/2010 00:00,       1.014
26/01/2010 00:00,       1.014
27/01/2010 00:00,       1.014
28/01/2010 00:00,       1.017
29/01/2010 00:00,       1.015
30/01/2010 00:00,       1.015
31/01/2010 00:00,       1.014
01/02/2010 00:00,       1.013
02/02/2010 00:00,       1.013
03/02/2010 00:00,       1.015
04/02/2010 00:00,       1.016
05/02/2010 00:00,       1.015
06/02/2010 00:00,       1.013
07/02/2010 00:00,       1.012
08/02/2010 00:00,       1.011
09/02/2010 00:00,       1.015
10/02/2010 00:00,       1.016
11/02/2010 00:00,       1.023
12/02/2010 00:00,       1.025
13/02/2010 00:00,       1.018
14/02/2010 00:00,       1.016
15/02/2010 00:00,       1.016
16/02/2010 00:00,       1.017
17/02/2010 00:00,       1.015
18/02/2010 00:00,       1.015
19/02/2010 00:00,       1.016
20/02/2010 00:00,       1.014
21/02/2010 00:00,       1.014
22/02/2010 00:00,       1.014
23/02/2010 00:00,       1.014
24/02/2010 00:00,       1.013
25/02/2010 00:00,       1.015
26/02/2010 00:00,       1.015
27/02/2010 00:00,       1.014
28/02/2010 00:00,       1.013
01/03/2010 00:00,       1.014
02/03/2010 00:00,       1.015
03/03/2010 00:00,       1.016
04/03/2010 00:00,       1.016
05/03/2010 00:00,       1.016
06/03/2010 00:00,       1.020
07/03/2010 00:00,       1.028
08/03/2010 00:00,       1.032
09/03/2010 00:00,       1.035
10/03/2010 00:00,       1.029
11/03/2010 00:00,       1.027
12/03/2010 00:00,       1.026
13/03/2010 00:00,       1.027
14/03/2010 00:00,       1.028
15/03/2010 00:00,       1.029
16/03/2010 00:00,       1.033
17/03/2010 00:00,       1.035
18/03/2010 00:00,       1.034
19/03/2010 00:00,       1.038
20/03/2010 00:00,       1.037
21/03/2010 00:00,       1.034
22/03/2010 00:00,       1.033
23/03/2010 00:00,       1.034
24/03/2010 00:00,       1.034
25/03/2010 00:00,       1.033
26/03/2010 00:00,       1.028
27/03/2010 00:00,       1.019
28/03/2010 00:00,       1.022
29/03/2010 00:00,       1.022
30/03/2010 00:00,       1.019
31/03/2010 00:00,       1.018
01/04/2010 00:00,       1.018
02/04/2010 00:00,       1.018
03/04/2010 00:00,       1.018
04/04/2010 00:00,       1.018
05/04/2010 00:00,       1.017
06/04/2010 00:00,       1.018
07/04/2010 00:00,       1.019
08/04/2010 00:00,       1.019
09/04/2010 00:00,       1.023
10/04/2010 00:00,       1.027
11/04/2010 00:00,       1.025
12/04/2010 00:00,       1.020
13/04/2010 00:00,       1.019
14/04/2010 00:00,       1.019
15/04/2010 00:00,       1.019
16/04/2010 00:00,       1.019
17/04/2010 00:00,       1.019
18/04/2010 00:00,       1.019
19/04/2010 00:00,       1.021
20/04/2010 00:00,       1.021
21/04/2010 00:00,       1.021
22/04/2010 00:00,       1.020
23/04/2010 00:00,       1.019
24/04/2010 00:00,       1.017
25/04/2010 00:00,       1.019
26/04/2010 00:00,       1.019
27/04/2010 00:00,       1.021
28/04/2010 00:00,       1.021
29/04/2010 00:00,       1.021
30/04/2010 00:00,       1.021
01/05/2010 00:00,       1.020
02/05/2010 00:00,       1.020
03/05/2010 00:00,       1.020
04/05/2010 00:00,       1.024
05/05/2010 00:00,       1.025
06/05/2010 00:00,       1.022
07/05/2010 00:00,       1.021
08/05/2010 00:00,       1.023
09/05/2010 00:00,       1.022
10/05/2010 00:00,       1.020
11/05/2010 00:00,       1.021
12/05/2010 00:00,       1.022
13/05/2010 00:00,       1.021
14/05/2010 00:00,       1.021
15/05/2010 00:00,       1.021
16/05/2010 00:00,       1.025
17/05/2010 00:00,       1.026
18/05/2010 00:00,       1.027
19/05/2010 00:00,       1.028
20/05/2010 00:00,       1.030
21/05/2010 00:00,       1.027
22/05/2010 00:00,       1.023
23/05/2010 00:00,       1.024
24/05/2010 00:00,       1.029
25/05/2010 00:00,       1.030
26/05/2010 00:00,       1.026
27/05/2010 00:00,       1.024
28/05/2010 00:00,       1.024
29/05/2010 00:00,       1.032
30/05/2010 00:00,       1.032
31/05/2010 00:00,       1.029
01/06/2010 00:00,       1.051
02/06/2010 00:00,       1.080
03/06/2010 00:00,       1.069
04/06/2010 00:00,       1.061
05/06/2010 00:00,       1.058
06/06/2010 00:00,       1.056
07/06/2010 00:00,       1.056
08/06/2010 00:00,       1.059
09/06/2010 00:00,       1.073
10/06/2010 00:00,       1.076
11/06/2010 00:00,       1.087
12/06/2010 00:00,       1.085
13/06/2010 00:00,       1.083
14/06/2010 00:00,       1.080
15/06/2010 00:00,       1.081
16/06/2010 00:00,       1.074
17/06/2010 00:00,       1.078
18/06/2010 00:00,       1.082
19/06/2010 00:00,       1.090
20/06/2010 00:00,       1.092
21/06/2010 00:00,       1.098
22/06/2010 00:00,       1.093
23/06/2010 00:00,       1.086
24/06/2010 00:00,       1.082
25/06/2010 00:00,       1.089
26/06/2010 00:00,       1.094
27/06/2010 00:00,       1.106
28/06/2010 00:00,       1.101
29/06/2010 00:00,       1.147
30/06/2010 00:00,       1.264
01/07/2010 00:00,       1.203
02/07/2010 00:00,       1.169
03/07/2010 00:00,       1.148
04/07/2010 00:00,       1.136
05/07/2010 00:00,       1.128
06/07/2010 00:00,       1.118
07/07/2010 00:00,       1.115
08/07/2010 00:00,       1.113
09/07/2010 00:00,       1.111
10/07/2010 00:00,       1.117
11/07/2010 00:00,       1.149
12/07/2010 00:00,       1.151
13/07/2010 00:00,       1.135
14/07/2010 00:00,       1.146
15/07/2010 00:00,       1.223
16/07/2010 00:00,       1.181
17/07/2010 00:00,       1.156
18/07/2010 00:00,       1.145
19/07/2010 00:00,       1.177
20/07/2010 00:00,       1.191
21/07/2010 00:00,       1.166
22/07/2010 00:00,       1.154
23/07/2010 00:00,       1.146
24/07/2010 00:00,       1.141
25/07/2010 00:00,       1.137
26/07/2010 00:00,       1.132
27/07/2010 00:00,       1.127
28/07/2010 00:00,       1.123
29/07/2010 00:00,       1.122
30/07/2010 00:00,       1.123
31/07/2010 00:00,       1.138
01/08/2010 00:00,       1.318
02/08/2010 00:00,       1.276
03/08/2010 00:00,       1.225
04/08/2010 00:00,       1.283
05/08/2010 00:00,       1.342
06/08/2010 00:00,       1.243
07/08/2010 00:00,       1.209
08/08/2010 00:00,       1.191
09/08/2010 00:00,       1.197
10/08/2010 00:00,       1.214
11/08/2010 00:00,       1.184
12/08/2010 00:00,       1.166
13/08/2010 00:00,       1.158
14/08/2010 00:00,       1.176
15/08/2010 00:00,       1.369
16/08/2010 00:00,       1.289
17/08/2010 00:00,       1.256
18/08/2010 00:00,       1.225
19/08/2010 00:00,       1.449
20/08/2010 00:00,       1.349
21/08/2010 00:00,       1.255
22/08/2010 00:00,       1.229
23/08/2010 00:00,       1.209
24/08/2010 00:00,       1.321
25/08/2010 00:00,       1.760
26/08/2010 00:00,       1.604
27/08/2010 00:00,       1.364
28/08/2010 00:00,       1.303
29/08/2010 00:00,       1.266
30/08/2010 00:00,       1.242
31/08/2010 00:00,       1.226
01/09/2010 00:00,       1.222
02/09/2010 00:00,       1.281
03/09/2010 00:00,       1.526
04/09/2010 00:00,       1.832
05/09/2010 00:00,       1.581
06/09/2010 00:00,       1.419
07/09/2010 00:00,       1.326
08/09/2010 00:00,       1.285
09/09/2010 00:00,       1.283
10/09/2010 00:00,       1.308
11/09/2010 00:00,       1.277
12/09/2010 00:00,       1.246
13/09/2010 00:00,       1.229
14/09/2010 00:00,       1.948
15/09/2010 00:00,       1.393
16/09/2010 00:00,       1.326
17/09/2010 00:00,       1.289
18/09/2010 00:00,       1.263
19/09/2010 00:00,       1.258
20/09/2010 00:00,       1.259
21/09/2010 00:00,       1.262
22/09/2010 00:00,       1.262
23/09/2010 00:00,       1.245
24/09/2010 00:00,       1.233
25/09/2010 00:00,       1.220
26/09/2010 00:00,       1.216
27/09/2010 00:00,       1.207
28/09/2010 00:00,       1.210
29/09/2010 00:00,       1.211
30/09/2010 00:00,       1.202
01/10/2010 00:00,       1.193
02/10/2010 00:00,       1.185
03/10/2010 00:00,       1.173
04/10/2010 00:00,       1.166
05/10/2010 00:00,       1.161
06/10/2010 00:00,       1.158
07/10/2010 00:00,       1.155
08/10/2010 00:00,       1.152
09/10/2010 00:00,       1.151
10/10/2010 00:00,       1.151
11/10/2010 00:00,       1.146
12/10/2010 00:00,       1.138
13/10/2010 00:00,       1.141
14/10/2010 00:00,       1.168
15/10/2010 00:00,       1.252
16/10/2010 00:00,       1.255
17/10/2010 00:00,       1.204
18/10/2010 00:00,       1.182
19/10/2010 00:00,       1.170
20/10/2010 00:00,       1.160
21/10/2010 00:00,       1.151
22/10/2010 00:00,       1.141
23/10/2010 00:00,       1.136
24/10/2010 00:00,       1.132
25/10/2010 00:00,       1.130
26/10/2010 00:00,       1.126
27/10/2010 00:00,       1.123
28/10/2010 00:00,       1.120
29/10/2010 00:00,       1.124
30/10/2010 00:00,       1.210
31/10/2010 00:00,       1.233
01/11/2010 00:00,       1.180
02/11/2010 00:00,       1.155
03/11/2010 00:00,       1.144
04/11/2010 00:00,       1.144
05/11/2010 00:00,       1.140
06/11/2010 00:00,       1.132
07/11/2010 00:00,       1.124
08/11/2010 00:00,       1.116
09/11/2010 00:00,       1.107
10/11/2010 00:00,       1.105
11/11/2010 00:00,       1.103
12/11/2010 00:00,       1.101
13/11/2010 00:00,       1.103
14/11/2010 00:00,       1.108
15/11/2010 00:00,       1.117
16/11/2010 00:00,       1.121
17/11/2010 00:00,       1.112
18/11/2010 00:00,       1.110
19/11/2010 00:00,       1.105
20/11/2010 00:00,       1.098
21/11/2010 00:00,       1.097
22/11/2010 00:00,       1.088
23/11/2010 00:00,       1.080
24/11/2010 00:00,       1.074
25/11/2010 00:00,       1.086
26/11/2010 00:00,       1.091
27/11/2010 00:00,       1.115
28/11/2010 00:00,       1.125
29/11/2010 00:00,       1.145
30/11/2010 00:00,       1.126
01/12/2010 00:00,       1.117
02/12/2010 00:00,       1.111
03/12/2010 00:00,       1.132
04/12/2010 00:00,       1.143
05/12/2010 00:00,       1.115
06/12/2010 00:00,       1.099
07/12/2010 00:00,       1.090
08/12/2010 00:00,       1.102
09/12/2010 00:00,       1.167
10/12/2010 00:00,       1.134
11/12/2010 00:00,       1.115
12/12/2010 00:00,       1.106
13/12/2010 00:00,       1.117
14/12/2010 00:00,       1.109
15/12/2010 00:00,       1.095
16/12/2010 00:00,       1.086
17/12/2010 00:00,       1.080
18/12/2010 00:00,       1.078
19/12/2010 00:00,       1.081
20/12/2010 00:00,       1.100
21/12/2010 00:00,       1.118
22/12/2010 00:00,       1.103
23/12/2010 00:00,       1.099
24/12/2010 00:00,       1.091
25/12/2010 00:00,       1.083
26/12/2010 00:00,       1.078
27/12/2010 00:00,       1.074
28/12/2010 00:00,       1.069
29/12/2010 00:00,       1.064
30/12/2010 00:00,       1.061
31/12/2010 00:00,       1.056
01/01/2011 00:00,       1.053
02/01/2011 00:00,       1.048
03/01/2011 00:00,       1.045
04/01/2011 00:00,       1.043
05/01/2011 00:00,       1.042
06/01/2011 00:00,       1.041
07/01/2011 00:00,       1.039
08/01/2011 00:00,       1.038
09/01/2011 00:00,       1.038
10/01/2011 00:00,       1.036
11/01/2011 00:00,       1.037
12/01/2011 00:00,       1.038
13/01/2011 00:00,       1.046
14/01/2011 00:00,       1.064
15/01/2011 00:00,       1.071
16/01/2011 00:00,       1.079
17/01/2011 00:00,       1.069
18/01/2011 00:00,       1.061
19/01/2011 00:00,       1.055
20/01/2011 00:00,       1.050
21/01/2011 00:00,       1.046
22/01/2011 00:00,       1.043
23/01/2011 00:00,       1.041
24/01/2011 00:00,       1.040
25/01/2011 00:00,       1.039
26/01/2011 00:00,       1.039
27/01/2011 00:00,       1.037
28/01/2011 00:00,       1.036
29/01/2011 00:00,       1.034
30/01/2011 00:00,       1.030
31/01/2011 00:00,       1.028
01/02/2011 00:00,       1.029
02/02/2011 00:00,       1.029
03/02/2011 00:00,       1.028
04/02/2011 00:00,       1.028
05/02/2011 00:00,       1.028
06/02/2011 00:00,       1.027
07/02/2011 00:00,       1.026
08/02/2011 00:00,       1.027
09/02/2011 00:00,       1.028
10/02/2011 00:00,       1.027
11/02/2011 00:00,       1.033
12/02/2011 00:00,       1.032
13/02/2011 00:00,       1.030
14/02/2011 00:00,       1.030
15/02/2011 00:00,       1.029
16/02/2011 00:00,       1.028
17/02/2011 00:00,       1.029
18/02/2011 00:00,       1.061
19/02/2011 00:00,       1.355
20/02/2011 00:00,       1.193
21/02/2011 00:00,       1.143
22/02/2011 00:00,       1.119
23/02/2011 00:00,       1.102
24/02/2011 00:00,       1.091
25/02/2011 00:00,       1.085
26/02/2011 00:00,       1.080
27/02/2011 00:00,       1.076
28/02/2011 00:00,       1.073
01/03/2011 00:00,       1.070
02/03/2011 00:00,       1.066
03/03/2011 00:00,       1.064
04/03/2011 00:00,       1.062
05/03/2011 00:00,       1.059
06/03/2011 00:00,       1.057
07/03/2011 00:00,       1.055
08/03/2011 00:00,       1.060
09/03/2011 00:00,       1.067
10/03/2011 00:00,       1.072
11/03/2011 00:00,       1.071
12/03/2011 00:00,       1.069
13/03/2011 00:00,       1.067
14/03/2011 00:00,       1.065
15/03/2011 00:00,       1.063
16/03/2011 00:00,       1.061
17/03/2011 00:00,       1.058
18/03/2011 00:00,       1.058
19/03/2011 00:00,       1.058
20/03/2011 00:00,       1.059
21/03/2011 00:00,       1.060
22/03/2011 00:00,       1.069
23/03/2011 00:00,       1.079
24/03/2011 00:00,       1.086
25/03/2011 00:00,       1.104
26/03/2011 00:00,       1.100
27/03/2011 00:00,       1.088
28/03/2011 00:00,       1.085
29/03/2011 00:00,       1.080
30/03/2011 00:00,       1.076
31/03/2011 00:00,       1.072
01/04/2011 00:00,       1.070
02/04/2011 00:00,       1.068
03/04/2011 00:00,       1.067
04/04/2011 00:00,       1.065
05/04/2011 00:00,       1.064
06/04/2011 00:00,       1.062
07/04/2011 00:00,       1.061
08/04/2011 00:00,       1.058
09/04/2011 00:00,       1.058
10/04/2011 00:00,       1.062
11/04/2011 00:00,       1.069
12/04/2011 00:00,       1.078
13/04/2011 00:00,       1.089
14/04/2011 00:00,       1.094
15/04/2011 00:00,       1.089
16/04/2011 00:00,       1.083
17/04/2011 00:00,       1.080
18/04/2011 00:00,       1.075
19/04/2011 00:00,       1.072
20/04/2011 00:00,       1.070
21/04/2011 00:00,       1.070
22/04/2011 00:00,       1.069
23/04/2011 00:00,       1.068
24/04/2011 00:00,       1.068
25/04/2011 00:00,       1.067
26/04/2011 00:00,       1.069
27/04/2011 00:00,       1.066
28/04/2011 00:00,       1.061
29/04/2011 00:00,       1.060
30/04/2011 00:00,       1.060
01/05/2011 00:00,       1.071
02/05/2011 00:00,       1.088
03/05/2011 00:00,       1.090
04/05/2011 00:00,       1.090
05/05/2011 00:00,       1.105
06/05/2011 00:00,       1.098
07/05/2011 00:00,       1.097
08/05/2011 00:00,       1.087
09/05/2011 00:00,       1.078
10/05/2011 00:00,       1.073
11/05/2011 00:00,       1.076
12/05/2011 00:00,       1.095
13/05/2011 00:00,       1.116
14/05/2011 00:00,       1.128
15/05/2011 00:00,       1.115
16/05/2011 00:00,       1.102
17/05/2011 00:00,       1.095
18/05/2011 00:00,       1.093
19/05/2011 00:00,       1.085
20/05/2011 00:00,       1.082
21/05/2011 00:00,       1.081
22/05/2011 00:00,       1.084
23/05/2011 00:00,       1.165
24/05/2011 00:00,       1.195
25/05/2011 00:00,       1.199
26/05/2011 00:00,       1.190
27/05/2011 00:00,       1.159
28/05/2011 00:00,       1.147
29/05/2011 00:00,       1.147
30/05/2011 00:00,       1.154
31/05/2011 00:00,       1.139
01/06/2011 00:00,       1.127
02/06/2011 00:00,       1.117
03/06/2011 00:00,       1.112
04/06/2011 00:00,       1.110
05/06/2011 00:00,       1.108
06/06/2011 00:00,       1.119
07/06/2011 00:00,       1.117
08/06/2011 00:00,       1.121
09/06/2011 00:00,       1.129
10/06/2011 00:00,       1.157
11/06/2011 00:00,       1.177
12/06/2011 00:00,       1.159
13/06/2011 00:00,       1.142
14/06/2011 00:00,       1.132
15/06/2011 00:00,       1.125
16/06/2011 00:00,       1.120
17/06/2011 00:00,       1.129
18/06/2011 00:00,       1.163
19/06/2011 00:00,       1.147
20/06/2011 00:00,       1.148
21/06/2011 00:00,       1.618
22/06/2011 00:00,       1.273
23/06/2011 00:00,       1.219
24/06/2011 00:00,       1.226
25/06/2011 00:00,       1.230
26/06/2011 00:00,       1.191
27/06/2011 00:00,       1.173
28/06/2011 00:00,       1.162
29/06/2011 00:00,       1.155
30/06/2011 00:00,       1.150
01/07/2011 00:00,       1.146
02/07/2011 00:00,       1.151
03/07/2011 00:00,       1.211
04/07/2011 00:00,       1.209
05/07/2011 00:00,       1.288
06/07/2011 00:00,       1.248
07/07/2011 00:00,       1.326
08/07/2011 00:00,       1.259
09/07/2011 00:00,       1.222
10/07/2011 00:00,       1.210
11/07/2011 00:00,       1.200
12/07/2011 00:00,       1.191
13/07/2011 00:00,       1.182
14/07/2011 00:00,       1.183
15/07/2011 00:00,       1.177
16/07/2011 00:00,       1.169
17/07/2011 00:00,       1.171
18/07/2011 00:00,       1.251
19/07/2011 00:00,       1.206
20/07/2011 00:00,       1.195
21/07/2011 00:00,       1.182
22/07/2011 00:00,       1.171
23/07/2011 00:00,       1.164
24/07/2011 00:00,       1.164
25/07/2011 00:00,       1.202
26/07/2011 00:00,       1.211
27/07/2011 00:00,       1.191
28/07/2011 00:00,       1.173
29/07/2011 00:00,       1.162
30/07/2011 00:00,       1.157
31/07/2011 00:00,       1.166
01/08/2011 00:00,       1.157
02/08/2011 00:00,       1.149
03/08/2011 00:00,       1.143
04/08/2011 00:00,       1.145
05/08/2011 00:00,       1.261
06/08/2011 00:00,       1.252
07/08/2011 00:00,       1.236
08/08/2011 00:00,       1.246
09/08/2011 00:00,       1.264
10/08/2011 00:00,       1.276
11/08/2011 00:00,       1.247
12/08/2011 00:00,       1.214
13/08/2011 00:00,       1.195
14/08/2011 00:00,       1.185
15/08/2011 00:00,       1.178
16/08/2011 00:00,       1.177
17/08/2011 00:00,       1.517
18/08/2011 00:00,       1.308
19/08/2011 00:00,       1.307
20/08/2011 00:00,       1.277
21/08/2011 00:00,       1.238
22/08/2011 00:00,       1.215
23/08/2011 00:00,       1.197
24/08/2011 00:00,       1.183
25/08/2011 00:00,       1.172
26/08/2011 00:00,       1.166
27/08/2011 00:00,       1.161
28/08/2011 00:00,       1.160
29/08/2011 00:00,       1.159
30/08/2011 00:00,       1.154
31/08/2011 00:00,       1.157
01/09/2011 00:00,       1.157
02/09/2011 00:00,       1.153
03/09/2011 00:00,       1.145
04/09/2011 00:00,       1.140
05/09/2011 00:00,       1.138
06/09/2011 00:00,       1.140
07/09/2011 00:00,       1.139
08/09/2011 00:00,       1.153
09/09/2011 00:00,       1.161
10/09/2011 00:00,       1.159
11/09/2011 00:00,       1.179
12/09/2011 00:00,       1.193
13/09/2011 00:00,       1.173
14/09/2011 00:00,       1.158
15/09/2011 00:00,       1.148
16/09/2011 00:00,       1.141
17/09/2011 00:00,       1.135
18/09/2011 00:00,       1.131
19/09/2011 00:00,       1.126
20/09/2011 00:00,       1.132
21/09/2011 00:00,       1.153
22/09/2011 00:00,       1.143
23/09/2011 00:00,       1.132
24/09/2011 00:00,       1.128
25/09/2011 00:00,       1.122
26/09/2011 00:00,       1.124
27/09/2011 00:00,       1.122
28/09/2011 00:00,       1.121
29/09/2011 00:00,       1.144
30/09/2011 00:00,       1.183
01/10/2011 00:00,       1.222
02/10/2011 00:00,       1.207
03/10/2011 00:00,       1.170
04/10/2011 00:00,       1.152
05/10/2011 00:00,       1.145
06/10/2011 00:00,       1.151
07/10/2011 00:00,       1.162
08/10/2011 00:00,       1.156
09/10/2011 00:00,       1.149
10/10/2011 00:00,       1.141
11/10/2011 00:00,       1.138
12/10/2011 00:00,       1.134
13/10/2011 00:00,       1.129
14/10/2011 00:00,       1.129
15/10/2011 00:00,       1.128
16/10/2011 00:00,       1.135
17/10/2011 00:00,       1.135
18/10/2011 00:00,       1.123
19/10/2011 00:00,       1.113
20/10/2011 00:00,       1.107
21/10/2011 00:00,       1.106
22/10/2011 00:00,       1.108
23/10/2011 00:00,       1.126
24/10/2011 00:00,       1.127
25/10/2011 00:00,       1.124
26/10/2011 00:00,       1.129
27/10/2011 00:00,       1.124
28/10/2011 00:00,       1.115
29/10/2011 00:00,       1.112
30/10/2011 00:00,       1.112
31/10/2011 00:00,       1.115
01/11/2011 00:00,       1.109
02/11/2011 00:00,       1.102
03/11/2011 00:00,       1.098
04/11/2011 00:00,       1.094
05/11/2011 00:00,       1.088
06/11/2011 00:00,       1.085
07/11/2011 00:00,       1.084
08/11/2011 00:00,       1.082
09/11/2011 00:00,       1.079
10/11/2011 00:00,       1.075
11/11/2011 00:00,       1.072
12/11/2011 00:00,       1.071
13/11/2011 00:00,       1.070
14/11/2011 00:00,       1.066
15/11/2011 00:00,       1.057
16/11/2011 00:00,       1.059
17/11/2011 00:00,       1.057
18/11/2011 00:00,       1.053
19/11/2011 00:00,       1.054
20/11/2011 00:00,       1.054
21/11/2011 00:00,       1.053
22/11/2011 00:00,       1.052
23/11/2011 00:00,       1.049
24/11/2011 00:00,       1.048
25/11/2011 00:00,       1.050
26/11/2011 00:00,       1.059
27/11/2011 00:00,       1.058
28/11/2011 00:00,       1.055
29/11/2011 00:00,       1.048
30/11/2011 00:00,       1.051
01/12/2011 00:00,       1.050
02/12/2011 00:00,       1.048
03/12/2011 00:00,       1.047
04/12/2011 00:00,       1.045
05/12/2011 00:00,       1.043
06/12/2011 00:00,       1.042
07/12/2011 00:00,       1.039
08/12/2011 00:00,       1.037
09/12/2011 00:00,       1.042
10/12/2011 00:00,       1.046
11/12/2011 00:00,       1.046
12/12/2011 00:00,       1.044
13/12/2011 00:00,       1.044
14/12/2011 00:00,       1.042
15/12/2011 00:00,       1.041
16/12/2011 00:00,       1.040
17/12/2011 00:00,       1.043
18/12/2011 00:00,       1.055
19/12/2011 00:00,       1.059
20/12/2011 00:00,       1.061
21/12/2011 00:00,       1.067
22/12/2011 00:00,       1.064
23/12/2011 00:00,       1.058
24/12/2011 00:00,       1.050
25/12/2011 00:00,       1.047
26/12/2011 00:00,       1.044
27/12/2011 00:00,       1.041
28/12/2011 00:00,       1.038
29/12/2011 00:00,       1.036
30/12/2011 00:00,       1.034
31/12/2011 00:00,       1.030
01/01/2012 00:00,       1.027
02/01/2012 00:00,       1.024
03/01/2012 00:00,       1.024
04/01/2012 00:00,       1.025
05/01/2012 00:00,       1.024
06/01/2012 00:00,       1.022
07/01/2012 00:00,       1.024
08/01/2012 00:00,       1.025
09/01/2012 00:00,       1.023
10/01/2012 00:00,       1.025
11/01/2012 00:00,       1.025
12/01/2012 00:00,       1.024
13/01/2012 00:00,       1.025
14/01/2012 00:00,       1.026
15/01/2012 00:00,       1.025
16/01/2012 00:00,       1.024
17/01/2012 00:00,       1.021
18/01/2012 00:00,       1.023
19/01/2012 00:00,       1.025
20/01/2012 00:00,       1.025
21/01/2012 00:00,       1.025
22/01/2012 00:00,       1.024
23/01/2012 00:00,       1.023
24/01/2012 00:00,       1.022
25/01/2012 00:00,       1.024
26/01/2012 00:00,       1.025
27/01/2012 00:00,       1.024
28/01/2012 00:00,       1.023
29/01/2012 00:00,       1.023
30/01/2012 00:00,       1.025
31/01/2012 00:00,       1.024
01/02/2012 00:00,       1.023
02/02/2012 00:00,       1.025
03/02/2012 00:00,       1.025
04/02/2012 00:00,       1.024
05/02/2012 00:00,       1.031
06/02/2012 00:00,       1.030
07/02/2012 00:00,       1.030
08/02/2012 00:00,       1.030
09/02/2012 00:00,       1.029
10/02/2012 00:00,       1.028
11/02/2012 00:00,       1.029
12/02/2012 00:00,       1.027
13/02/2012 00:00,       1.026
14/02/2012 00:00,       1.026
15/02/2012 00:00,       1.025
16/02/2012 00:00,       1.026
17/02/2012 00:00,       1.026
18/02/2012 00:00,       1.025
19/02/2012 00:00,       1.025
20/02/2012 00:00,       1.025
21/02/2012 00:00,       1.026
22/02/2012 00:00,       1.027
23/02/2012 00:00,       1.026
24/02/2012 00:00,       1.024
25/02/2012 00:00,       1.020
26/02/2012 00:00,       1.020
27/02/2012 00:00,       1.024
28/02/2012 00:00,       1.025
29/02/2012 00:00,       1.026
01/03/2012 00:00,       1.028
02/03/2012 00:00,       1.028
03/03/2012 00:00,       1.027
04/03/2012 00:00,       1.027
05/03/2012 00:00,       1.027
06/03/2012 00:00,       1.027
07/03/2012 00:00,       1.026
08/03/2012 00:00,       1.025
09/03/2012 00:00,       1.025
10/03/2012 00:00,       1.025
11/03/2012 00:00,       1.025
12/03/2012 00:00,       1.025
13/03/2012 00:00,       1.025
14/03/2012 00:00,       1.025
15/03/2012 00:00,       1.028
16/03/2012 00:00,       1.027
17/03/2012 00:00,       1.027
18/03/2012 00:00,       1.025
19/03/2012 00:00,       1.025
20/03/2012 00:00,       1.027
21/03/2012 00:00,       1.039
22/03/2012 00:00,       1.031
23/03/2012 00:00,       1.030
24/03/2012 00:00,       1.030
25/03/2012 00:00,       1.029
26/03/2012 00:00,       1.028
27/03/2012 00:00,       1.028
28/03/2012 00:00,       1.028
29/03/2012 00:00,       1.027
30/03/2012 00:00,       1.027
31/03/2012 00:00,       1.026
01/04/2012 00:00,       1.026
02/04/2012 00:00,       1.025
03/04/2012 00:00,       1.026
04/04/2012 00:00,       1.026
05/04/2012 00:00,       1.025
06/04/2012 00:00,       1.025
07/04/2012 00:00,       1.025
08/04/2012 00:00,       1.026
09/04/2012 00:00,       1.028
10/04/2012 00:00,       1.027
11/04/2012 00:00,       1.026
12/04/2012 00:00,       1.025
13/04/2012 00:00,       1.026
14/04/2012 00:00,       1.026
15/04/2012 00:00,       1.025
16/04/2012 00:00,       1.026
17/04/2012 00:00,       1.027
18/04/2012 00:00,       1.027
19/04/2012 00:00,       1.027
20/04/2012 00:00,       1.026
21/04/2012 00:00,       1.030
22/04/2012 00:00,       1.033
23/04/2012 00:00,       1.037
24/04/2012 00:00,       1.032
25/04/2012 00:00,       1.035
26/04/2012 00:00,       1.032
27/04/2012 00:00,       1.032
28/04/2012 00:00,       1.031
29/04/2012 00:00,       1.030
30/04/2012 00:00,       1.030
01/05/2012 00:00,       1.033
02/05/2012 00:00,       1.034
03/05/2012 00:00,       1.031
04/05/2012 00:00,       1.034
05/05/2012 00:00,       1.035
06/05/2012 00:00,       1.032
07/05/2012 00:00,       1.031
08/05/2012 00:00,       1.030
09/05/2012 00:00,       1.050
10/05/2012 00:00,       1.055
11/05/2012 00:00,       1.056
12/05/2012 00:00,       1.061
13/05/2012 00:00,       1.065
14/05/2012 00:00,       1.068
15/05/2012 00:00,       1.066
16/05/2012 00:00,       1.066
17/05/2012 00:00,       1.066
18/05/2012 00:00,       1.065
19/05/2012 00:00,       1.065
20/05/2012 00:00,       1.068
21/05/2012 00:00,       1.068
22/05/2012 00:00,       1.068
23/05/2012 00:00,       1.068
24/05/2012 00:00,       1.093
25/05/2012 00:00,       1.133
26/05/2012 00:00,       1.131
27/05/2012 00:00,       1.109
28/05/2012 00:00,       1.096
29/05/2012 00:00,       1.093
30/05/2012 00:00,       1.089
31/05/2012 00:00,       1.084
01/06/2012 00:00,       1.081
02/06/2012 00:00,       1.074
03/06/2012 00:00,       1.072
04/06/2012 00:00,       1.108
05/06/2012 00:00,       1.299
06/06/2012 00:00,       1.215
07/06/2012 00:00,       1.160
08/06/2012 00:00,       1.134
09/06/2012 00:00,       1.118
10/06/2012 00:00,       1.108
11/06/2012 00:00,       1.102
12/06/2012 00:00,       1.098
13/06/2012 00:00,       1.095
14/06/2012 00:00,       1.106
15/06/2012 00:00,       1.164
16/06/2012 00:00,       1.182
17/06/2012 00:00,       1.187
18/06/2012 00:00,       1.166
19/06/2012 00:00,       1.200
20/06/2012 00:00,       1.199
21/06/2012 00:00,       1.729
22/06/2012 00:00,       1.821
23/06/2012 00:00,       1.389
24/06/2012 00:00,       1.291
25/06/2012 00:00,       1.253
26/06/2012 00:00,       1.245
27/06/2012 00:00,       1.231
28/06/2012 00:00,       1.208
29/06/2012 00:00,       1.348
30/06/2012 00:00,       1.374
01/07/2012 00:00,       1.363
02/07/2012 00:00,       1.312
03/07/2012 00:00,       1.254
04/07/2012 00:00,       1.247
05/07/2012 00:00,       1.266
06/07/2012 00:00,       1.227
07/07/2012 00:00,       1.210
08/07/2012 00:00,       1.200
09/07/2012 00:00,       1.194
10/07/2012 00:00,       1.234
11/07/2012 00:00,       1.257
12/07/2012 00:00,       1.221
13/07/2012 00:00,       1.213
14/07/2012 00:00,       1.615
15/07/2012 00:00,       1.415
16/07/2012 00:00,       1.344
17/07/2012 00:00,       1.273
18/07/2012 00:00,       1.245
19/07/2012 00:00,       1.226
20/07/2012 00:00,       1.239
21/07/2012 00:00,       1.272
22/07/2012 00:00,       1.234
23/07/2012 00:00,       1.219
24/07/2012 00:00,       1.210
25/07/2012 00:00,       1.202
26/07/2012 00:00,       1.546
27/07/2012 00:00,       2.036
28/07/2012 00:00,       1.414
29/07/2012 00:00,       1.325
30/07/2012 00:00,       1.310
31/07/2012 00:00,       1.292
01/08/2012 00:00,       1.263
02/08/2012 00:00,       1.246
03/08/2012 00:00,       1.250
04/08/2012 00:00,       1.245
05/08/2012 00:00,       1.314
06/08/2012 00:00,       1.278
07/08/2012 00:00,       1.235
08/08/2012 00:00,       1.220
09/08/2012 00:00,       1.238
10/08/2012 00:00,       1.223
11/08/2012 00:00,       1.216
12/08/2012 00:00,       1.210
13/08/2012 00:00,       1.202
14/08/2012 00:00,       1.238
15/08/2012 00:00,       1.263
16/08/2012 00:00,       1.590
17/08/2012 00:00,       2.175
18/08/2012 00:00,       1.512
19/08/2012 00:00,       1.467
20/08/2012 00:00,       1.343
21/08/2012 00:00,       1.302
22/08/2012 00:00,       1.289
23/08/2012 00:00,       1.582
24/08/2012 00:00,       1.628
25/08/2012 00:00,       1.347
26/08/2012 00:00,       1.331
27/08/2012 00:00,       1.285
28/08/2012 00:00,       1.265
29/08/2012 00:00,       1.248
30/08/2012 00:00,       1.259
31/08/2012 00:00,       1.243
01/09/2012 00:00,       1.238
02/09/2012 00:00,       1.227
03/09/2012 00:00,       1.215
04/09/2012 00:00,       1.203
05/09/2012 00:00,       1.239
06/09/2012 00:00,       1.414
07/09/2012 00:00,       1.457
08/09/2012 00:00,       1.285
09/09/2012 00:00,       1.247
10/09/2012 00:00,       1.229
11/09/2012 00:00,       1.217
12/09/2012 00:00,       1.206
13/09/2012 00:00,       1.201
14/09/2012 00:00,       1.201
15/09/2012 00:00,       1.202
16/09/2012 00:00,       1.208
17/09/2012 00:00,       1.204
18/09/2012 00:00,       1.199
19/09/2012 00:00,       1.196
20/09/2012 00:00,       1.196
21/09/2012 00:00,       1.194
22/09/2012 00:00,       1.185
23/09/2012 00:00,       1.176
24/09/2012 00:00,       1.174
25/09/2012 00:00,       1.172
26/09/2012 00:00,       1.168
27/09/2012 00:00,       1.159
28/09/2012 00:00,       1.152
29/09/2012 00:00,       1.198
30/09/2012 00:00,       1.189
01/10/2012 00:00,       1.172
02/10/2012 00:00,       1.162
03/10/2012 00:00,       1.155
04/10/2012 00:00,       1.147
05/10/2012 00:00,       1.140
06/10/2012 00:00,       1.137
07/10/2012 00:00,       1.139
08/10/2012 00:00,       1.140
09/10/2012 00:00,       1.139
10/10/2012 00:00,       1.141
11/10/2012 00:00,       1.208
12/10/2012 00:00,       1.240
13/10/2012 00:00,       1.191
14/10/2012 00:00,       1.166
15/10/2012 00:00,       1.149
16/10/2012 00:00,       1.138
17/10/2012 00:00,       1.131
18/10/2012 00:00,       1.126
19/10/2012 00:00,       1.122
20/10/2012 00:00,       1.119
21/10/2012 00:00,       1.115
22/10/2012 00:00,       1.110
23/10/2012 00:00,       1.106
24/10/2012 00:00,       1.104
25/10/2012 00:00,       1.104
26/10/2012 00:00,       1.102
27/10/2012 00:00,       1.102
28/10/2012 00:00,       1.104
29/10/2012 00:00,       1.102
30/10/2012 00:00,       1.097
31/10/2012 00:00,       1.092
01/11/2012 00:00,       1.090
02/11/2012 00:00,       1.089
03/11/2012 00:00,       1.087
04/11/2012 00:00,       1.080
05/11/2012 00:00,       1.078
06/11/2012 00:00,       1.096
07/11/2012 00:00,       1.116
08/11/2012 00:00,       1.112
09/11/2012 00:00,       1.100
10/11/2012 00:00,       1.090
11/11/2012 00:00,       1.083
12/11/2012 00:00,       1.077
13/11/2012 00:00,       1.072
14/11/2012 00:00,       1.071
15/11/2012 00:00,       1.070
16/11/2012 00:00,       1.071
17/11/2012 00:00,       1.071
18/11/2012 00:00,       1.071
19/11/2012 00:00,       1.069
20/11/2012 00:00,       1.065
21/11/2012 00:00,       1.061
22/11/2012 00:00,       1.057
23/11/2012 00:00,       1.056
24/11/2012 00:00,       1.054
25/11/2012 00:00,       1.054
26/11/2012 00:00,       1.053
27/11/2012 00:00,       1.055
28/11/2012 00:00,       1.057
29/11/2012 00:00,       1.055
30/11/2012 00:00,       1.053
01/12/2012 00:00,       1.049
02/12/2012 00:00,       1.048
03/12/2012 00:00,       1.048
04/12/2012 00:00,       1.049
05/12/2012 00:00,       1.049
06/12/2012 00:00,       1.047
07/12/2012 00:00,       1.046
08/12/2012 00:00,       1.044
09/12/2012 00:00,       1.043
10/12/2012 00:00,       1.042
11/12/2012 00:00,       1.041
12/12/2012 00:00,       1.039
13/12/2012 00:00,       1.037
14/12/2012 00:00,       1.040
15/12/2012 00:00,       1.039
16/12/2012 00:00,       1.039
17/12/2012 00:00,       1.040
18/12/2012 00:00,       1.042
19/12/2012 00:00,       1.043
20/12/2012 00:00,       1.041
21/12/2012 00:00,       1.037
22/12/2012 00:00,       1.035
23/12/2012 00:00,       1.033
24/12/2012 00:00,       1.032
25/12/2012 00:00,       1.033
26/12/2012 00:00,       1.033
27/12/2012 00:00,       1.032
28/12/2012 00:00,       1.032
29/12/2012 00:00,       1.032
30/12/2012 00:00,       1.032
31/12/2012 00:00,       1.031
01/01/2013 00:00,       1.030
02/01/2013 00:00,       1.031
03/01/2013 00:00,       1.029
04/01/2013 00:00,       1.025
05/01/2013 00:00,       1.026
06/01/2013 00:00,       1.027
07/01/2013 00:00,       1.029
08/01/2013 00:00,       1.029
09/01/2013 00:00,       1.029
10/01/2013 00:00,       1.028
11/01/2013 00:00,       1.028
12/01/2013 00:00,       1.030
13/01/2013 00:00,       1.036
14/01/2013 00:00,       1.034
15/01/2013 00:00,       1.032
16/01/2013 00:00,       1.030
17/01/2013 00:00,       1.028
18/01/2013 00:00,       1.028
19/01/2013 00:00,       1.028
20/01/2013 00:00,       1.028
21/01/2013 00:00,       1.029
22/01/2013 00:00,       1.028
23/01/2013 00:00,       1.028
24/01/2013 00:00,       1.027
25/01/2013 00:00,       1.027
26/01/2013 00:00,       1.027
27/01/2013 00:00,       1.028
28/01/2013 00:00,       1.034
29/01/2013 00:00,       1.033
30/01/2013 00:00,       1.031
31/01/2013 00:00,       1.033
01/02/2013 00:00,       1.032
02/02/2013 00:00,       1.031
03/02/2013 00:00,       1.032
04/02/2013 00:00,       1.032
05/02/2013 00:00,       1.030
06/02/2013 00:00,       1.029
07/02/2013 00:00,       1.029
08/02/2013 00:00,       1.028
09/02/2013 00:00,       1.028
10/02/2013 00:00,       1.028
11/02/2013 00:00,       1.028
12/02/2013 00:00,       1.029
13/02/2013 00:00,       1.029
14/02/2013 00:00,       1.030
15/02/2013 00:00,       1.029
16/02/2013 00:00,       1.027
17/02/2013 00:00,       1.026
18/02/2013 00:00,       1.024
19/02/2013 00:00,       1.025
20/02/2013 00:00,       1.026
21/02/2013 00:00,       1.028
22/02/2013 00:00,       1.029
23/02/2013 00:00,       1.027
24/02/2013 00:00,       1.025
25/02/2013 00:00,       1.033
26/02/2013 00:00,       1.034
27/02/2013 00:00,       1.034
28/02/2013 00:00,       1.032
01/03/2013 00:00,       1.029
02/03/2013 00:00,       1.029
03/03/2013 00:00,       1.028
04/03/2013 00:00,       1.027
05/03/2013 00:00,       1.028
06/03/2013 00:00,       1.028
07/03/2013 00:00,       1.029
08/03/2013 00:00,       1.029
09/03/2013 00:00,       1.031
10/03/2013 00:00,       1.029
11/03/2013 00:00,       1.027
12/03/2013 00:00,       1.033
13/03/2013 00:00,       1.048
14/03/2013 00:00,       1.035
15/03/2013 00:00,       1.027
16/03/2013 00:00,       1.028
17/03/2013 00:00,       1.029
18/03/2013 00:00,       1.029
19/03/2013 00:00,       1.028
20/03/2013 00:00,       1.028
21/03/2013 00:00,       1.032
22/03/2013 00:00,       1.032
23/03/2013 00:00,       1.032
24/03/2013 00:00,       1.030
25/03/2013 00:00,       1.031
26/03/2013 00:00,       1.029
27/03/2013 00:00,       1.030
28/03/2013 00:00,       1.031
29/03/2013 00:00,       1.030
30/03/2013 00:00,       1.032
31/03/2013 00:00,       1.033
01/04/2013 00:00,       1.032
02/04/2013 00:00,       1.032
03/04/2013 00:00,       1.032
04/04/2013 00:00,       1.030
05/04/2013 00:00,       1.030
06/04/2013 00:00,       1.030
07/04/2013 00:00,       1.030
08/04/2013 00:00,       1.030
09/04/2013 00:00,       1.031
10/04/2013 00:00,       1.031
11/04/2013 00:00,       1.030
12/04/2013 00:00,       1.030
13/04/2013 00:00,       1.030
14/04/2013 00:00,       1.031
15/04/2013 00:00,       1.039
16/04/2013 00:00,       1.034
17/04/2013 00:00,       1.032
18/04/2013 00:00,       1.032
19/04/2013 00:00,       1.032
20/04/2013 00:00,       1.031
21/04/2013 00:00,       1.039
22/04/2013 00:00,       1.040
23/04/2013 00:00,       1.038
24/04/2013 00:00,       1.040
25/04/2013 00:00,       1.039
26/04/2013 00:00,       1.036
27/04/2013 00:00,       1.034
28/04/2013 00:00,       1.040
29/04/2013 00:00,       1.038
30/04/2013 00:00,       1.034
01/05/2013 00:00,       1.033
02/05/2013 00:00,       1.033
03/05/2013 00:00,       1.030
04/05/2013 00:00,       1.031
05/05/2013 00:00,       1.032
06/05/2013 00:00,       1.034
07/05/2013 00:00,       1.034
08/05/2013 00:00,       1.032
09/05/2013 00:00,       1.032
10/05/2013 00:00,       1.033
11/05/2013 00:00,       1.033
12/05/2013 00:00,       1.041
13/05/2013 00:00,       1.043
14/05/2013 00:00,       1.042
15/05/2013 00:00,       1.041
16/05/2013 00:00,       1.041
17/05/2013 00:00,       1.040
18/05/2013 00:00,       1.039
19/05/2013 00:00,       1.037
20/05/2013 00:00,       1.036
21/05/2013 00:00,       1.037
22/05/2013 00:00,       1.043
23/05/2013 00:00,       1.043
24/05/2013 00:00,       1.040
25/05/2013 00:00,       1.039
26/05/2013 00:00,       1.038
27/05/2013 00:00,       1.038
28/05/2013 00:00,       1.037
29/05/2013 00:00,       1.036
30/05/2013 00:00,       1.036
31/05/2013 00:00,       1.038
01/06/2013 00:00,       1.070
02/06/2013 00:00,       1.162
03/06/2013 00:00,       1.175
04/06/2013 00:00,       1.130
05/06/2013 00:00,       1.112
06/06/2013 00:00,       1.102
07/06/2013 00:00,       1.097
08/06/2013 00:00,       1.117
09/06/2013 00:00,       1.126
10/06/2013 00:00,       1.108
11/06/2013 00:00,       1.100
12/06/2013 00:00,       1.144
13/06/2013 00:00,       1.288
14/06/2013 00:00,       1.267
15/06/2013 00:00,       1.229
16/06/2013 00:00,       1.226
17/06/2013 00:00,       1.206
18/06/2013 00:00,       1.179
19/06/2013 00:00,       1.172
20/06/2013 00:00,       1.158
21/06/2013 00:00,       1.156
22/06/2013 00:00,       1.237
23/06/2013 00:00,       1.222
24/06/2013 00:00,       1.198
25/06/2013 00:00,       1.174
26/06/2013 00:00,       1.160
27/06/2013 00:00,       1.150
28/06/2013 00:00,       1.144
29/06/2013 00:00,       1.138
30/06/2013 00:00,       1.137
01/07/2013 00:00,       1.136
02/07/2013 00:00,       1.139
03/07/2013 00:00,       1.140
04/07/2013 00:00,       1.138
05/07/2013 00:00,       1.169
06/07/2013 00:00,       1.180
07/07/2013 00:00,       1.237
08/07/2013 00:00,       1.248
09/07/2013 00:00,       1.197
10/07/2013 00:00,       1.176
11/07/2013 00:00,       1.165
12/07/2013 00:00,       1.158
13/07/2013 00:00,       1.175
14/07/2013 00:00,       1.260
15/07/2013 00:00,       1.233
16/07/2013 00:00,       1.236
17/07/2013 00:00,       1.216
18/07/2013 00:00,       1.418
19/07/2013 00:00,       1.833
20/07/2013 00:00,       1.602
21/07/2013 00:00,       1.480
22/07/2013 00:00,       2.071
23/07/2013 00:00,       1.688
24/07/2013 00:00,       1.395
25/07/2013 00:00,       1.314
26/07/2013 00:00,       1.286
27/07/2013 00:00,       1.262
28/07/2013 00:00,       1.246
29/07/2013 00:00,       1.282
30/07/2013 00:00,       1.291
31/07/2013 00:00,       1.261
01/08/2013 00:00,       1.241
02/08/2013 00:00,       1.235
03/08/2013 00:00,       1.334
04/08/2013 00:00,       1.498
05/08/2013 00:00,       1.330
06/08/2013 00:00,       1.337
07/08/2013 00:00,       1.301
08/08/2013 00:00,       1.272
09/08/2013 00:00,       1.248
10/08/2013 00:00,       1.242
11/08/2013 00:00,       1.231
12/08/2013 00:00,       1.221
13/08/2013 00:00,       1.272
14/08/2013 00:00,       1.383
15/08/2013 00:00,       1.317
16/08/2013 00:00,       1.528
17/08/2013 00:00,       2.353
18/08/2013 00:00,       2.077
19/08/2013 00:00,       1.613
20/08/2013 00:00,       1.417
21/08/2013 00:00,       1.599
22/08/2013 00:00,       1.746
23/08/2013 00:00,       1.473
24/08/2013 00:00,       1.378
25/08/2013 00:00,       1.332
26/08/2013 00:00,       1.305
27/08/2013 00:00,       1.290
28/08/2013 00:00,       1.270
29/08/2013 00:00,       1.470
30/08/2013 00:00,       1.516
31/08/2013 00:00,       1.325
01/09/2013 00:00,       1.281
02/09/2013 00:00,       1.254
03/09/2013 00:00,       1.244
04/09/2013 00:00,       1.235
05/09/2013 00:00,       1.225
06/09/2013 00:00,       1.253
07/09/2013 00:00,       1.255
08/09/2013 00:00,       1.241
09/09/2013 00:00,       1.226
10/09/2013 00:00,       1.218
11/09/2013 00:00,       1.216
12/09/2013 00:00,       1.207
13/09/2013 00:00,       1.597
14/09/2013 00:00,       1.386
15/09/2013 00:00,       1.297
16/09/2013 00:00,       1.358
17/09/2013 00:00,       1.393
18/09/2013 00:00,       1.344
19/09/2013 00:00,       1.303
20/09/2013 00:00,       1.413
21/09/2013 00:00,       1.286
22/09/2013 00:00,       1.261
23/09/2013 00:00,       1.243
24/09/2013 00:00,       1.222
25/09/2013 00:00,       1.210
26/09/2013 00:00,       1.217
27/09/2013 00:00,       1.217
28/09/2013 00:00,       1.202
29/09/2013 00:00,       1.206
30/09/2013 00:00,       1.198
01/10/2013 00:00,       1.191
02/10/2013 00:00,       1.188
03/10/2013 00:00,       1.221
04/10/2013 00:00,       1.208
05/10/2013 00:00,       1.189
06/10/2013 00:00,       1.176
07/10/2013 00:00,       1.169
08/10/2013 00:00,       1.166
09/10/2013 00:00,       1.162
10/10/2013 00:00,       1.157
11/10/2013 00:00,       1.154
12/10/2013 00:00,       1.154
13/10/2013 00:00,       1.151
14/10/2013 00:00,       1.147
15/10/2013 00:00,       1.145
16/10/2013 00:00,       1.147
17/10/2013 00:00,       1.144
18/10/2013 00:00,       1.138
19/10/2013 00:00,       1.133
20/10/2013 00:00,       1.127
21/10/2013 00:00,       1.125
22/10/2013 00:00,       1.129
23/10/2013 00:00,       1.141
24/10/2013 00:00,       1.171
25/10/2013 00:00,       1.157
26/10/2013 00:00,       1.146
27/10/2013 00:00,       1.142
28/10/2013 00:00,       1.143
29/10/2013 00:00,       1.148
30/10/2013 00:00,       1.145
31/10/2013 00:00,       1.142
01/11/2013 00:00,       1.134
02/11/2013 00:00,       1.128
03/11/2013 00:00,       1.121
04/11/2013 00:00,       1.115
05/11/2013 00:00,       1.110
06/11/2013 00:00,       1.105
07/11/2013 00:00,       1.102
08/11/2013 00:00,       1.113
09/11/2013 00:00,       1.152
10/11/2013 00:00,       1.166
11/11/2013 00:00,       1.150
12/11/2013 00:00,       1.140
13/11/2013 00:00,       1.132
14/11/2013 00:00,       1.124
15/11/2013 00:00,       1.119
16/11/2013 00:00,       1.114
17/11/2013 00:00,       1.110
18/11/2013 00:00,       1.106
19/11/2013 00:00,       1.102
20/11/2013 00:00,       1.100
21/11/2013 00:00,       1.100
22/11/2013 00:00,       1.100
23/11/2013 00:00,       1.103
24/11/2013 00:00,       1.107
25/11/2013 00:00,       1.109
26/11/2013 00:00,       1.111
27/11/2013 00:00,       1.102
28/11/2013 00:00,       1.095
29/11/2013 00:00,       1.094
30/11/2013 00:00,       1.089
01/12/2013 00:00,       1.086
02/12/2013 00:00,       1.087
03/12/2013 00:00,       1.087
04/12/2013 00:00,       1.087
05/12/2013 00:00,       1.104
06/12/2013 00:00,       1.125
07/12/2013 00:00,       1.121
08/12/2013 00:00,       1.113
09/12/2013 00:00,       1.105
10/12/2013 00:00,       1.098
11/12/2013 00:00,       1.095
12/12/2013 00:00,       1.094
13/12/2013 00:00,       1.093
14/12/2013 00:00,       1.089
15/12/2013 00:00,       1.084
16/12/2013 00:00,       1.082
17/12/2013 00:00,       1.078
18/12/2013 00:00,       1.075
19/12/2013 00:00,       1.071
20/12/2013 00:00,       1.068
21/12/2013 00:00,       1.070
22/12/2013 00:00,       1.078
23/12/2013 00:00,       1.080
24/12/2013 00:00,       1.084
25/12/2013 00:00,       1.080
26/12/2013 00:00,       1.074
27/12/2013 00:00,       1.071
28/12/2013 00:00,       1.067
29/12/2013 00:00,       1.063
30/12/2013 00:00,       1.060
31/12/2013 00:00,       1.058
01/01/2014 00:00,       1.054
02/01/2014 00:00,       1.061
03/01/2014 00:00,       1.077
04/01/2014 00:00,       1.076
05/01/2014 00:00,       1.076
06/01/2014 00:00,       1.073
07/01/2014 00:00,       1.070
08/01/2014 00:00,       1.066
09/01/2014 00:00,       1.062
10/01/2014 00:00,       1.059
11/01/2014 00:00,       1.057
12/01/2014 00:00,       1.056
13/01/2014 00:00,       1.054
14/01/2014 00:00,       1.049
15/01/2014 00:00,       1.046
16/01/2014 00:00,       1.043
17/01/2014 00:00,       1.039
18/01/2014 00:00,       1.039
19/01/2014 00:00,       1.040
20/01/2014 00:00,       1.041
21/01/2014 00:00,       1.041
22/01/2014 00:00,       1.040
23/01/2014 00:00,       1.039
24/01/2014 00:00,       1.039
25/01/2014 00:00,       1.039
26/01/2014 00:00,       1.038
27/01/2014 00:00,       1.037
28/01/2014 00:00,       1.036
29/01/2014 00:00,       1.047
30/01/2014 00:00,       1.047
31/01/2014 00:00,       1.039
01/02/2014 00:00,       1.037
02/02/2014 00:00,       1.037
03/02/2014 00:00,       1.046
04/02/2014 00:00,       1.044
05/02/2014 00:00,       1.039
06/02/2014 00:00,       1.038
07/02/2014 00:00,       1.037
08/02/2014 00:00,       1.035
09/02/2014 00:00,       1.034
10/02/2014 00:00,       1.035
11/02/2014 00:00,       1.035
12/02/2014 00:00,       1.035
13/02/2014 00:00,       1.041
14/02/2014 00:00,       1.049
15/02/2014 00:00,       1.048
16/02/2014 00:00,       1.047
17/02/2014 00:00,       1.043
18/02/2014 00:00,       1.042
19/02/2014 00:00,       1.042
20/02/2014 00:00,       1.043
21/02/2014 00:00,       1.042
22/02/2014 00:00,       1.041
23/02/2014 00:00,       1.040
24/02/2014 00:00,       1.039
25/02/2014 00:00,       1.039
26/02/2014 00:00,       1.039
27/02/2014 00:00,       1.039
28/02/2014 00:00,       1.038
01/03/2014 00:00,       1.038
02/03/2014 00:00,       1.038
03/03/2014 00:00,       1.038
04/03/2014 00:00,       1.038
05/03/2014 00:00,       1.038
06/03/2014 00:00,       1.038
07/03/2014 00:00,       1.038
08/03/2014 00:00,       1.037
09/03/2014 00:00,       1.037
10/03/2014 00:00,       1.035
11/03/2014 00:00,       1.036
12/03/2014 00:00,       1.038
13/03/2014 00:00,       1.038
14/03/2014 00:00,       1.037
15/03/2014 00:00,       1.037
16/03/2014 00:00,       1.036
17/03/2014 00:00,       1.037
18/03/2014 00:00,       1.038
19/03/2014 00:00,       1.038
20/03/2014 00:00,       1.038
21/03/2014 00:00,       1.038
22/03/2014 00:00,       1.039
23/03/2014 00:00,       1.039
24/03/2014 00:00,       1.042
25/03/2014 00:00,       1.044
26/03/2014 00:00,       1.044
27/03/2014 00:00,       1.043
28/03/2014 00:00,       1.042
29/03/2014 00:00,       1.042
30/03/2014 00:00,       1.041
31/03/2014 00:00,       1.040
01/04/2014 00:00,       1.039
02/04/2014 00:00,       1.037
03/04/2014 00:00,       1.037
04/04/2014 00:00,       1.037
05/04/2014 00:00,       1.037
06/04/2014 00:00,       1.037
07/04/2014 00:00,       1.037
08/04/2014 00:00,       1.038
09/04/2014 00:00,       1.040
10/04/2014 00:00,       1.043
11/04/2014 00:00,       1.043
12/04/2014 00:00,       1.042
13/04/2014 00:00,       1.041
14/04/2014 00:00,       1.040
15/04/2014 00:00,       1.039
16/04/2014 00:00,       1.039
17/04/2014 00:00,       1.038
18/04/2014 00:00,       1.038
19/04/2014 00:00,       1.038
20/04/2014 00:00,       1.039
21/04/2014 00:00,       1.039
22/04/2014 00:00,       1.037
23/04/2014 00:00,       1.037
24/04/2014 00:00,       1.038
25/04/2014 00:00,       1.039
26/04/2014 00:00,       1.039
27/04/2014 00:00,       1.039
28/04/2014 00:00,       1.039
29/04/2014 00:00,       1.056
30/04/2014 00:00,       1.077
01/05/2014 00:00,       1.123
02/05/2014 00:00,       1.105
03/05/2014 00:00,       1.100
04/05/2014 00:00,       1.104
05/05/2014 00:00,       1.105
06/05/2014 00:00,       1.102
07/05/2014 00:00,       1.093
08/05/2014 00:00,       1.105
09/05/2014 00:00,       1.093
10/05/2014 00:00,       1.088
11/05/2014 00:00,       1.105
12/05/2014 00:00,       1.124
13/05/2014 00:00,       1.106
14/05/2014 00:00,       1.095
15/05/2014 00:00,       1.087
16/05/2014 00:00,       1.081
17/05/2014 00:00,       1.077
18/05/2014 00:00,       1.074
19/05/2014 00:00,       1.072
20/05/2014 00:00,       1.070
21/05/2014 00:00,       1.068
22/05/2014 00:00,       1.065
23/05/2014 00:00,       1.066
24/05/2014 00:00,       1.066
25/05/2014 00:00,       1.066
26/05/2014 00:00,       1.068
27/05/2014 00:00,       1.082
28/05/2014 00:00,       1.114
29/05/2014 00:00,       1.153
30/05/2014 00:00,       1.125
31/05/2014 00:00,       1.114
01/06/2014 00:00,       1.112
02/06/2014 00:00,       1.110
03/06/2014 00:00,       1.119
04/06/2014 00:00,       1.119
05/06/2014 00:00,       1.117
06/06/2014 00:00,       1.127
07/06/2014 00:00,       1.123
08/06/2014 00:00,       1.115
09/06/2014 00:00,       1.110
10/06/2014 00:00,       1.110
11/06/2014 00:00,       1.106
12/06/2014 00:00,       1.103
13/06/2014 00:00,       1.101
14/06/2014 00:00,       1.126
15/06/2014 00:00,       1.150
16/06/2014 00:00,       1.145
17/06/2014 00:00,       1.147
18/06/2014 00:00,       1.159
19/06/2014 00:00,       1.139
20/06/2014 00:00,       1.131
21/06/2014 00:00,       1.168
22/06/2014 00:00,       1.172
23/06/2014 00:00,       1.156
24/06/2014 00:00,       1.205
25/06/2014 00:00,       1.183
26/06/2014 00:00,       1.164
27/06/2014 00:00,       1.227
28/06/2014 00:00,       1.236
29/06/2014 00:00,       1.264
30/06/2014 00:00,       1.213
01/07/2014 00:00,       1.190
02/07/2014 00:00,       1.176
03/07/2014 00:00,       1.166
04/07/2014 00:00,       1.160
05/07/2014 00:00,       1.166
06/07/2014 00:00,       1.175
07/07/2014 00:00,       1.170
08/07/2014 00:00,       1.165
09/07/2014 00:00,       1.173
10/07/2014 00:00,       1.350
11/07/2014 00:00,       1.275
12/07/2014 00:00,       1.266
13/07/2014 00:00,       1.241
14/07/2014 00:00,       1.207
15/07/2014 00:00,       1.191
16/07/2014 00:00,       1.189
17/07/2014 00:00,       1.253
18/07/2014 00:00,       1.342
19/07/2014 00:00,       1.253
20/07/2014 00:00,       1.220
21/07/2014 00:00,       1.204
22/07/2014 00:00,       1.191
23/07/2014 00:00,       1.182
24/07/2014 00:00,       1.400
25/07/2014 00:00,       1.355
26/07/2014 00:00,       1.286
27/07/2014 00:00,       1.242
28/07/2014 00:00,       1.220
29/07/2014 00:00,       1.205
30/07/2014 00:00,       1.214
31/07/2014 00:00,       1.230
01/08/2014 00:00,       1.276
02/08/2014 00:00,       1.282
03/08/2014 00:00,       1.230
04/08/2014 00:00,       1.209
05/08/2014 00:00,       1.194
06/08/2014 00:00,       1.186
07/08/2014 00:00,       1.182
08/08/2014 00:00,       1.180
09/08/2014 00:00,       1.176
10/08/2014 00:00,       1.173
11/08/2014 00:00,       1.191
12/08/2014 00:00,       1.218
13/08/2014 00:00,       1.202
14/08/2014 00:00,       1.188
15/08/2014 00:00,       1.180
16/08/2014 00:00,       1.176
17/08/2014 00:00,       1.173
18/08/2014 00:00,       1.186
19/08/2014 00:00,       1.204
20/08/2014 00:00,       1.185
21/08/2014 00:00,       1.171
22/08/2014 00:00,       1.161
23/08/2014 00:00,       1.154
24/08/2014 00:00,       1.148
25/08/2014 00:00,       1.144
26/08/2014 00:00,       1.143
27/08/2014 00:00,       1.142
28/08/2014 00:00,       1.139
29/08/2014 00:00,       1.136
30/08/2014 00:00,       1.132
31/08/2014 00:00,       1.128
01/09/2014 00:00,       1.131
02/09/2014 00:00,       1.155
03/09/2014 00:00,       1.167
04/09/2014 00:00,       1.168
05/09/2014 00:00,       1.195
06/09/2014 00:00,       1.176
07/09/2014 00:00,       1.154
08/09/2014 00:00,       1.149
09/09/2014 00:00,       1.149
10/09/2014 00:00,       1.153
11/09/2014 00:00,       1.157
12/09/2014 00:00,       1.150
13/09/2014 00:00,       1.144
14/09/2014 00:00,       1.140
15/09/2014 00:00,       1.136
16/09/2014 00:00,       1.136
17/09/2014 00:00,       1.146
18/09/2014 00:00,       1.145
19/09/2014 00:00,       1.141
20/09/2014 00:00,       1.136
21/09/2014 00:00,       1.132
22/09/2014 00:00,       1.126
23/09/2014 00:00,       1.121
24/09/2014 00:00,       1.119
25/09/2014 00:00,       1.116
26/09/2014 00:00,       1.114
27/09/2014 00:00,       1.113
28/09/2014 00:00,       1.109
29/09/2014 00:00,       1.108
30/09/2014 00:00,       1.104
01/10/2014 00:00,       1.100
02/10/2014 00:00,       1.098
03/10/2014 00:00,       1.098
04/10/2014 00:00,       1.097
05/10/2014 00:00,       1.095
06/10/2014 00:00,       1.092
07/10/2014 00:00,       1.091
08/10/2014 00:00,       1.090
09/10/2014 00:00,       1.092
10/10/2014 00:00,       1.089
11/10/2014 00:00,       1.085
12/10/2014 00:00,       1.083
13/10/2014 00:00,       1.082
14/10/2014 00:00,       1.079
15/10/2014 00:00,       1.076
16/10/2014 00:00,       1.073
17/10/2014 00:00,       1.077
18/10/2014 00:00,       1.073
19/10/2014 00:00,       1.072
20/10/2014 00:00,       1.071
21/10/2014 00:00,       1.068
22/10/2014 00:00,       1.064
23/10/2014 00:00,       1.063
24/10/2014 00:00,       1.062
25/10/2014 00:00,       1.061
26/10/2014 00:00,       1.062
27/10/2014 00:00,       1.062
28/10/2014 00:00,       1.061
29/10/2014 00:00,       1.060
30/10/2014 00:00,       1.057
31/10/2014 00:00,       1.051
01/11/2014 00:00,       1.047
02/11/2014 00:00,       1.048
03/11/2014 00:00,       1.047
04/11/2014 00:00,       1.048
05/11/2014 00:00,       1.047
06/11/2014 00:00,       1.045
07/11/2014 00:00,       1.042
08/11/2014 00:00,       1.042
09/11/2014 00:00,       1.043
10/11/2014 00:00,       1.041
11/11/2014 00:00,       1.041
12/11/2014 00:00,       1.040
13/11/2014 00:00,       1.038
14/11/2014 00:00,       1.038
15/11/2014 00:00,       1.041
16/11/2014 00:00,       1.042
17/11/2014 00:00,       1.042
18/11/2014 00:00,       1.044
19/11/2014 00:00,       1.042
20/11/2014 00:00,       1.041
21/11/2014 00:00,       1.041
22/11/2014 00:00,       1.042
23/11/2014 00:00,       1.042
24/11/2014 00:00,       1.043
25/11/2014 00:00,       1.042
26/11/2014 00:00,       1.042
27/11/2014 00:00,       1.041
28/11/2014 00:00,       1.040
29/11/2014 00:00,       1.039
30/11/2014 00:00,       1.036
01/12/2014 00:00,       1.036
02/12/2014 00:00,       1.036
03/12/2014 00:00,       1.037
04/12/2014 00:00,       1.036
05/12/2014 00:00,       1.036
06/12/2014 00:00,       1.038
07/12/2014 00:00,       1.039
08/12/2014 00:00,       1.039
09/12/2014 00:00,       1.038
10/12/2014 00:00,       1.041
11/12/2014 00:00,       1.044
12/12/2014 00:00,       1.042
13/12/2014 00:00,       1.038
14/12/2014 00:00,       1.035
15/12/2014 00:00,       1.034
16/12/2014 00:00,       1.034
17/12/2014 00:00,       1.032
18/12/2014 00:00,       1.033
19/12/2014 00:00,       1.033
20/12/2014 00:00,       1.033
21/12/2014 00:00,       1.033
22/12/2014 00:00,       1.034
23/12/2014 00:00,       1.036
24/12/2014 00:00,       1.034
25/12/2014 00:00,       1.036
26/12/2014 00:00,       1.036
27/12/2014 00:00,       1.035
28/12/2014 00:00,       1.034
29/12/2014 00:00,       1.033
30/12/2014 00:00,       1.033
31/12/2014 00:00,       1.033
01/01/2015 00:00,       1.033
02/01/2015 00:00,       1.028
03/01/2015 00:00,       1.027
04/01/2015 00:00,       1.029
05/01/2015 00:00,       1.031
06/01/2015 00:00,       1.031
07/01/2015 00:00,       1.030
08/01/2015 00:00,       1.029
09/01/2015 00:00,       1.035
10/01/2015 00:00,       1.037
11/01/2015 00:00,       1.037
12/01/2015 00:00,       1.039
13/01/2015 00:00,       1.050
14/01/2015 00:00,       1.041
15/01/2015 00:00,       1.038
16/01/2015 00:00,       1.036
17/01/2015 00:00,       1.034
18/01/2015 00:00,       1.035
19/01/2015 00:00,       1.035
20/01/2015 00:00,       1.034
21/01/2015 00:00,       1.035
22/01/2015 00:00,       1.036
23/01/2015 00:00,       1.035
24/01/2015 00:00,       1.033
25/01/2015 00:00,       1.032
26/01/2015 00:00,       1.034
27/01/2015 00:00,       1.035
28/01/2015 00:00,       1.035
29/01/2015 00:00,       1.034
30/01/2015 00:00,       1.033
31/01/2015 00:00,       1.033
01/02/2015 00:00,       1.035
02/02/2015 00:00,       1.037
03/02/2015 00:00,       1.036
04/02/2015 00:00,       1.036
05/02/2015 00:00,       1.036
06/02/2015 00:00,       1.034
07/02/2015 00:00,       1.032
08/02/2015 00:00,       1.032
09/02/2015 00:00,       1.035
10/02/2015 00:00,       1.035
11/02/2015 00:00,       1.035
12/02/2015 00:00,       1.034
13/02/2015 00:00,       1.036
14/02/2015 00:00,       1.036
15/02/2015 00:00,       1.035
16/02/2015 00:00,       1.038
17/02/2015 00:00,       1.036
18/02/2015 00:00,       1.036
19/02/2015 00:00,       1.036
20/02/2015 00:00,       1.035
21/02/2015 00:00,       1.034
22/02/2015 00:00,       1.033
23/02/2015 00:00,       1.034
24/02/2015 00:00,       1.034
25/02/2015 00:00,       1.034
26/02/2015 00:00,       1.035
27/02/2015 00:00,       1.035
28/02/2015 00:00,       1.035
01/03/2015 00:00,       1.036
02/03/2015 00:00,       1.036
03/03/2015 00:00,       1.037
04/03/2015 00:00,       1.037
05/03/2015 00:00,       1.035
06/03/2015 00:00,       1.036
07/03/2015 00:00,       1.036
08/03/2015 00:00,       1.036
09/03/2015 00:00,       1.036
10/03/2015 00:00,       1.038
11/03/2015 00:00,       1.037
12/03/2015 00:00,       1.038
13/03/2015 00:00,       1.038
14/03/2015 00:00,       1.039
15/03/2015 00:00,       1.044
16/03/2015 00:00,       1.046
17/03/2015 00:00,       1.051
18/03/2015 00:00,       1.061
19/03/2015 00:00,       1.055
20/03/2015 00:00,       1.053
21/03/2015 00:00,       1.053
22/03/2015 00:00,       1.053
23/03/2015 00:00,       1.062
24/03/2015 00:00,       1.070
25/03/2015 00:00,       1.065
26/03/2015 00:00,       1.061
27/03/2015 00:00,       1.058
28/03/2015 00:00,       1.055
29/03/2015 00:00,       1.053
30/03/2015 00:00,       1.043
31/03/2015 00:00,       1.043
01/04/2015 00:00,       1.046
02/04/2015 00:00,       1.050
03/04/2015 00:00,       1.041
04/04/2015 00:00,       1.040
05/04/2015 00:00,       1.041
06/04/2015 00:00,       1.061
07/04/2015 00:00,       1.060
08/04/2015 00:00,       1.048
09/04/2015 00:00,       1.046
10/04/2015 00:00,       1.044
11/04/2015 00:00,       1.043
12/04/2015 00:00,       1.042
13/04/2015 00:00,       1.042
14/04/2015 00:00,       1.043
15/04/2015 00:00,       1.042
16/04/2015 00:00,       1.043
17/04/2015 00:00,       1.051
18/04/2015 00:00,       1.050
19/04/2015 00:00,       1.050
20/04/2015 00:00,       1.047
21/04/2015 00:00,       1.045
22/04/2015 00:00,       1.044
23/04/2015 00:00,       1.044
24/04/2015 00:00,       1.046
25/04/2015 00:00,       1.068
26/04/2015 00:00,       1.064
27/04/2015 00:00,       1.055
28/04/2015 00:00,       1.052
29/04/2015 00:00,       1.060
30/04/2015 00:00,       1.070
01/05/2015 00:00,       1.067
02/05/2015 00:00,       1.064
03/05/2015 00:00,       1.063
04/05/2015 00:00,       1.060
05/05/2015 00:00,       1.063
06/05/2015 00:00,       1.066
07/05/2015 00:00,       1.063
08/05/2015 00:00,       1.062
09/05/2015 00:00,       1.065
10/05/2015 00:00,       1.068
11/05/2015 00:00,       1.116
12/05/2015 00:00,       1.142
13/05/2015 00:00,       1.115
14/05/2015 00:00,       1.106
15/05/2015 00:00,       1.105
16/05/2015 00:00,       1.111
17/05/2015 00:00,       1.112
18/05/2015 00:00,       1.111
19/05/2015 00:00,       1.129
20/05/2015 00:00,       1.189
21/05/2015 00:00,       1.178
22/05/2015 00:00,       1.162
23/05/2015 00:00,       1.153
24/05/2015 00:00,       1.140
25/05/2015 00:00,       1.130
26/05/2015 00:00,       1.121
27/05/2015 00:00,       1.115
28/05/2015 00:00,       1.110
29/05/2015 00:00,       1.107
30/05/2015 00:00,       1.105
31/05/2015 00:00,       1.105
01/06/2015 00:00,       1.107
02/06/2015 00:00,       1.111
03/06/2015 00:00,       1.112
04/06/2015 00:00,       1.111
05/06/2015 00:00,       1.111
06/06/2015 00:00,       1.112
07/06/2015 00:00,       1.118
08/06/2015 00:00,       1.111
09/06/2015 00:00,       1.107
10/06/2015 00:00,       1.105
11/06/2015 00:00,       1.104
12/06/2015 00:00,       1.105
13/06/2015 00:00,       1.105
14/06/2015 00:00,       1.103
15/06/2015 00:00,       1.103
16/06/2015 00:00,       1.104
17/06/2015 00:00,       1.105
18/06/2015 00:00,       1.104
19/06/2015 00:00,       1.107
20/06/2015 00:00,       1.115
21/06/2015 00:00,       1.116
22/06/2015 00:00,       1.112
23/06/2015 00:00,       1.110
24/06/2015 00:00,       1.116
25/06/2015 00:00,       1.132
26/06/2015 00:00,       1.147
27/06/2015 00:00,       1.136
28/06/2015 00:00,       1.125
29/06/2015 00:00,       1.119
30/06/2015 00:00,       1.115
01/07/2015 00:00,       1.112
02/07/2015 00:00,       1.111
03/07/2015 00:00,       1.110
04/07/2015 00:00,       1.109
05/07/2015 00:00,       1.109
06/07/2015 00:00,       1.113
07/07/2015 00:00,       1.126
08/07/2015 00:00,       1.137
09/07/2015 00:00,       1.132
10/07/2015 00:00,       1.129
11/07/2015 00:00,       1.132
12/07/2015 00:00,       1.183
13/07/2015 00:00,       1.186
14/07/2015 00:00,       1.185
15/07/2015 00:00,       1.194
16/07/2015 00:00,       1.301
17/07/2015 00:00,       1.263
18/07/2015 00:00,       1.216
19/07/2015 00:00,       1.199
20/07/2015 00:00,       1.181
21/07/2015 00:00,       1.166
22/07/2015 00:00,       1.162
23/07/2015 00:00,       1.170
24/07/2015 00:00,       1.171
25/07/2015 00:00,       1.170
26/07/2015 00:00,       1.284
27/07/2015 00:00,       1.250
28/07/2015 00:00,       1.208
29/07/2015 00:00,       1.188
30/07/2015 00:00,       1.176
31/07/2015 00:00,       1.168
01/08/2015 00:00,       1.165
02/08/2015 00:00,       1.179
03/08/2015 00:00,       1.180
04/08/2015 00:00,       1.171
05/08/2015 00:00,       1.170
06/08/2015 00:00,       1.184
07/08/2015 00:00,       1.185
08/08/2015 00:00,       1.174
09/08/2015 00:00,       1.166
10/08/2015 00:00,       1.162
11/08/2015 00:00,       1.177
12/08/2015 00:00,       1.321
13/08/2015 00:00,       1.267
14/08/2015 00:00,       1.222
15/08/2015 00:00,       1.215
16/08/2015 00:00,       1.213
17/08/2015 00:00,       1.204
18/08/2015 00:00,       1.192
19/08/2015 00:00,       1.185
20/08/2015 00:00,       1.178
21/08/2015 00:00,       1.178
22/08/2015 00:00,       1.236
23/08/2015 00:00,       1.207
24/08/2015 00:00,       1.197
25/08/2015 00:00,       1.180
26/08/2015 00:00,       1.167
27/08/2015 00:00,       1.161
28/08/2015 00:00,       1.162
29/08/2015 00:00,       1.169
30/08/2015 00:00,       1.169
31/08/2015 00:00,       1.161
01/09/2015 00:00,       1.155
02/09/2015 00:00,       1.155
03/09/2015 00:00,       1.314
04/09/2015 00:00,       1.271
05/09/2015 00:00,       1.237
06/09/2015 00:00,       1.211
07/09/2015 00:00,       1.239
08/09/2015 00:00,       1.216
09/09/2015 00:00,       1.214
10/09/2015 00:00,       1.211
11/09/2015 00:00,       1.196
12/09/2015 00:00,       1.179
13/09/2015 00:00,       1.166
14/09/2015 00:00,       1.155
15/09/2015 00:00,       1.146
16/09/2015 00:00,       1.137
17/09/2015 00:00,       1.137
18/09/2015 00:00,       1.141
19/09/2015 00:00,       1.140
20/09/2015 00:00,       1.134
21/09/2015 00:00,       1.130
22/09/2015 00:00,       1.129
23/09/2015 00:00,       1.129
24/09/2015 00:00,       1.132
25/09/2015 00:00,       1.129
26/09/2015 00:00,       1.123
27/09/2015 00:00,       1.118
28/09/2015 00:00,       1.115
29/09/2015 00:00,       1.112
30/09/2015 00:00,       1.110
01/10/2015 00:00,       1.108
02/10/2015 00:00,       1.106
03/10/2015 00:00,       1.103
04/10/2015 00:00,       1.099
05/10/2015 00:00,       1.096
06/10/2015 00:00,       1.090
07/10/2015 00:00,       1.086
08/10/2015 00:00,       1.084
09/10/2015 00:00,       1.084
10/10/2015 00:00,       1.084
11/10/2015 00:00,       1.092
12/10/2015 00:00,       1.095
13/10/2015 00:00,       1.095
14/10/2015 00:00,       1.093
15/10/2015 00:00,       1.090
16/10/2015 00:00,       1.087
17/10/2015 00:00,       1.087
18/10/2015 00:00,       1.083
19/10/2015 00:00,       1.082
20/10/2015 00:00,       1.076
21/10/2015 00:00,       1.076
22/10/2015 00:00,       1.075
23/10/2015 00:00,       1.072
24/10/2015 00:00,       1.068
25/10/2015 00:00,       1.066
26/10/2015 00:00,       1.069
27/10/2015 00:00,       1.066
28/10/2015 00:00,       1.064
29/10/2015 00:00,       1.063
30/10/2015 00:00,       1.061
31/10/2015 00:00,       1.060
01/11/2015 00:00,       1.055
02/11/2015 00:00,       1.053
03/11/2015 00:00,       1.059
04/11/2015 00:00,       1.062
05/11/2015 00:00,       1.067
06/11/2015 00:00,       1.067
07/11/2015 00:00,       1.068
08/11/2015 00:00,       1.068
09/11/2015 00:00,       1.062
10/11/2015 00:00,       1.058
11/11/2015 00:00,       1.055
12/11/2015 00:00,       1.052
13/11/2015 00:00,       1.051
14/11/2015 00:00,       1.051
15/11/2015 00:00,       1.050
16/11/2015 00:00,       1.049
17/11/2015 00:00,       1.047
18/11/2015 00:00,       1.043
19/11/2015 00:00,       1.040
20/11/2015 00:00,       1.039
21/11/2015 00:00,       1.038
22/11/2015 00:00,       1.037
23/11/2015 00:00,       1.036
24/11/2015 00:00,       1.034
25/11/2015 00:00,       1.033
26/11/2015 00:00,       1.037
27/11/2015 00:00,       1.034
28/11/2015 00:00,       1.034
29/11/2015 00:00,       1.034
30/11/2015 00:00,       1.032
01/12/2015 00:00,       1.032
02/12/2015 00:00,       1.033
03/12/2015 00:00,       1.032
04/12/2015 00:00,       1.031
05/12/2015 00:00,       1.030
06/12/2015 00:00,       1.030
07/12/2015 00:00,       1.030
08/12/2015 00:00,       1.033
09/12/2015 00:00,       1.030
10/12/2015 00:00,       1.033
11/12/2015 00:00,       1.041
12/12/2015 00:00,       1.035
13/12/2015 00:00,       1.031
14/12/2015 00:00,       1.030
15/12/2015 00:00,       1.032
16/12/2015 00:00,       1.031
17/12/2015 00:00,       1.028
18/12/2015 00:00,       1.027
19/12/2015 00:00,       1.028
20/12/2015 00:00,       1.029
21/12/2015 00:00,       1.027
22/12/2015 00:00,       1.028
23/12/2015 00:00,       1.028
24/12/2015 00:00,       1.028
25/12/2015 00:00,       1.027
26/12/2015 00:00,       1.031
27/12/2015 00:00,       1.028
28/12/2015 00:00,       1.027
29/12/2015 00:00,       1.027
30/12/2015 00:00,       1.025
31/12/2015 00:00,       1.027
01/01/2016 00:00,       1.025
02/01/2016 00:00,       1.027
03/01/2016 00:00,       1.029
04/01/2016 00:00,       1.029
05/01/2016 00:00,       1.028
06/01/2016 00:00,       1.027
07/01/2016 00:00,       1.026
08/01/2016 00:00,       1.027
09/01/2016 00:00,       1.027
10/01/2016 00:00,       1.029
11/01/2016 00:00,       1.031
12/01/2016 00:00,       1.030
13/01/2016 00:00,       1.026
14/01/2016 00:00,       1.026
15/01/2016 00:00,       1.026
16/01/2016 00:00,       1.026
17/01/2016 00:00,       1.025
18/01/2016 00:00,       1.025
19/01/2016 00:00,       1.026
20/01/2016 00:00,       1.029
21/01/2016 00:00,       1.029
22/01/2016 00:00,       1.031
23/01/2016 00:00,       1.031
24/01/2016 00:00,       1.028
25/01/2016 00:00,       1.028
26/01/2016 00:00,       1.028
27/01/2016 00:00,       1.028
28/01/2016 00:00,       1.028
29/01/2016 00:00,       1.034
30/01/2016 00:00,       1.037
31/01/2016 00:00,       1.032
01/02/2016 00:00,       1.029
02/02/2016 00:00,       1.061
03/02/2016 00:00,       1.102
04/02/2016 00:00,       1.132
05/02/2016 00:00,       1.091
06/02/2016 00:00,       1.070
07/02/2016 00:00,       1.059
08/02/2016 00:00,       1.051
09/02/2016 00:00,       1.046
10/02/2016 00:00,       1.042
11/02/2016 00:00,       1.039
12/02/2016 00:00,       1.036
13/02/2016 00:00,       1.034
14/02/2016 00:00,       1.032
15/02/2016 00:00,       1.033
16/02/2016 00:00,       1.035
17/02/2016 00:00,       1.034
18/02/2016 00:00,       1.034
19/02/2016 00:00,       1.034
20/02/2016 00:00,       1.033
21/02/2016 00:00,       1.031
22/02/2016 00:00,       1.029
23/02/2016 00:00,       1.032
24/02/2016 00:00,       1.036
25/02/2016 00:00,       1.037
26/02/2016 00:00,       1.034
27/02/2016 00:00,       1.033
28/02/2016 00:00,       1.031
29/02/2016 00:00,       1.031
01/03/2016 00:00,       1.031
02/03/2016 00:00,       1.031
03/03/2016 00:00,       1.032
04/03/2016 00:00,       1.032
05/03/2016 00:00,       1.032
06/03/2016 00:00,       1.031
07/03/2016 00:00,       1.033
08/03/2016 00:00,       1.034
09/03/2016 00:00,       1.033
10/03/2016 00:00,       1.035
11/03/2016 00:00,       1.035
12/03/2016 00:00,       1.034
13/03/2016 00:00,       1.032
14/03/2016 00:00,       1.032
15/03/2016 00:00,       1.032
16/03/2016 00:00,       1.032
17/03/2016 00:00,       1.031
18/03/2016 00:00,       1.038
19/03/2016 00:00,       1.034
20/03/2016 00:00,       1.033
21/03/2016 00:00,       1.031
22/03/2016 00:00,       1.031
23/03/2016 00:00,       1.031
24/03/2016 00:00,       1.033
25/03/2016 00:00,       1.033
26/03/2016 00:00,       1.033
27/03/2016 00:00,       1.033
28/03/2016 00:00,       1.033
29/03/2016 00:00,       1.033
30/03/2016 00:00,       1.032
31/03/2016 00:00,       1.032
01/04/2016 00:00,       1.032
02/04/2016 00:00,       1.031
03/04/2016 00:00,       1.031
04/04/2016 00:00,       1.032
05/04/2016 00:00,       1.032
06/04/2016 00:00,       1.036
07/04/2016 00:00,       1.035
08/04/2016 00:00,       1.035
09/04/2016 00:00,       1.035
10/04/2016 00:00,       1.034
11/04/2016 00:00,       1.034
12/04/2016 00:00,       1.035
13/04/2016 00:00,       1.035
14/04/2016 00:00,       1.035
15/04/2016 00:00,       1.035
16/04/2016 00:00,       1.037
17/04/2016 00:00,       1.038
18/04/2016 00:00,       1.037
19/04/2016 00:00,       1.036
20/04/2016 00:00,       1.035
21/04/2016 00:00,       1.034
22/04/2016 00:00,       1.035
23/04/2016 00:00,       1.035
24/04/2016 00:00,       1.034
25/04/2016 00:00,       1.034
26/04/2016 00:00,       1.033
27/04/2016 00:00,       1.034
28/04/2016 00:00,       1.040
29/04/2016 00:00,       1.048
30/04/2016 00:00,       1.045
01/05/2016 00:00,       1.044
02/05/2016 00:00,       1.042
03/05/2016 00:00,       1.045
04/05/2016 00:00,       1.042
05/05/2016 00:00,       1.038
06/05/2016 00:00,       1.037
07/05/2016 00:00,       1.036
08/05/2016 00:00,       1.037
09/05/2016 00:00,       1.044
10/05/2016 00:00,       1.045
11/05/2016 00:00,       1.040
12/05/2016 00:00,       1.038
13/05/2016 00:00,       1.040
14/05/2016 00:00,       1.066
15/05/2016 00:00,       1.072
16/05/2016 00:00,       1.075
17/05/2016 00:00,       1.070
18/05/2016 00:00,       1.066
19/05/2016 00:00,       1.063
20/05/2016 00:00,       1.062
21/05/2016 00:00,       1.060
22/05/2016 00:00,       1.060
23/05/2016 00:00,       1.061
24/05/2016 00:00,       1.061
25/05/2016 00:00,       1.061
26/05/2016 00:00,       1.063
27/05/2016 00:00,       1.080
28/05/2016 00:00,       1.134
29/05/2016 00:00,       1.179
30/05/2016 00:00,       1.144
31/05/2016 00:00,       1.121
01/06/2016 00:00,       1.109
02/06/2016 00:00,       1.105
03/06/2016 00:00,       1.099
04/06/2016 00:00,       1.093
05/06/2016 00:00,       1.090
06/06/2016 00:00,       1.095
07/06/2016 00:00,       1.113
08/06/2016 00:00,       1.136
09/06/2016 00:00,       1.132
10/06/2016 00:00,       1.195
11/06/2016 00:00,       1.176
12/06/2016 00:00,       1.172
13/06/2016 00:00,       1.147
14/06/2016 00:00,       1.132
15/06/2016 00:00,       1.123
16/06/2016 00:00,       1.117
17/06/2016 00:00,       1.120
18/06/2016 00:00,       1.162
19/06/2016 00:00,       1.181
20/06/2016 00:00,       1.163
21/06/2016 00:00,       1.152
22/06/2016 00:00,       1.183
23/06/2016 00:00,       1.189
24/06/2016 00:00,       1.289
25/06/2016 00:00,       1.233
26/06/2016 00:00,       1.196
27/06/2016 00:00,       1.178
28/06/2016 00:00,       1.187
29/06/2016 00:00,       1.186
30/06/2016 00:00,       1.183
01/07/2016 00:00,       1.226
02/07/2016 00:00,       1.197
03/07/2016 00:00,       1.210
04/07/2016 00:00,       1.356
05/07/2016 00:00,       2.516
06/07/2016 00:00,       2.123
07/07/2016 00:00,       1.843
08/07/2016 00:00,       1.456
09/07/2016 00:00,       1.346
10/07/2016 00:00,       1.387
11/07/2016 00:00,       1.386
12/07/2016 00:00,       2.010
13/07/2016 00:00,       1.562
14/07/2016 00:00,       1.400
15/07/2016 00:00,       1.352
16/07/2016 00:00,       1.330
17/07/2016 00:00,       1.309
18/07/2016 00:00,       1.293
19/07/2016 00:00,       1.277
20/07/2016 00:00,       1.268
21/07/2016 00:00,       1.264
22/07/2016 00:00,       1.261
23/07/2016 00:00,       1.347
24/07/2016 00:00,       1.890
25/07/2016 00:00,       1.828
26/07/2016 00:00,       1.826
27/07/2016 00:00,       1.823
28/07/2016 00:00,       1.469
29/07/2016 00:00,       1.398
30/07/2016 00:00,       1.361
31/07/2016 00:00,       1.345
01/08/2016 00:00,       1.602
02/08/2016 00:00,       1.637
03/08/2016 00:00,       1.443
04/08/2016 00:00,       1.380
05/08/2016 00:00,       1.343
06/08/2016 00:00,       1.325
07/08/2016 00:00,       1.312
08/08/2016 00:00,       1.301
09/08/2016 00:00,       1.289
10/08/2016 00:00,       1.384
11/08/2016 00:00,       1.506
12/08/2016 00:00,       1.327
13/08/2016 00:00,       1.296
14/08/2016 00:00,       1.275
15/08/2016 00:00,       1.270
16/08/2016 00:00,       1.263
17/08/2016 00:00,       1.255
18/08/2016 00:00,       1.262
19/08/2016 00:00,       1.591
20/08/2016 00:00,       1.409
21/08/2016 00:00,       1.367
22/08/2016 00:00,       1.317
23/08/2016 00:00,       1.290
24/08/2016 00:00,       1.262
25/08/2016 00:00,       1.248
26/08/2016 00:00,       1.238
27/08/2016 00:00,       1.236
28/08/2016 00:00,       1.227
29/08/2016 00:00,       1.219
30/08/2016 00:00,       1.241
31/08/2016 00:00,       1.318
01/09/2016 00:00,       1.270
02/09/2016 00:00,       1.243
03/09/2016 00:00,       1.245
04/09/2016 00:00,       1.262
05/09/2016 00:00,       1.230
06/09/2016 00:00,       1.218
07/09/2016 00:00,       1.209
08/09/2016 00:00,       1.245
09/09/2016 00:00,       1.705
10/09/2016 00:00,       1.324
11/09/2016 00:00,       1.273
12/09/2016 00:00,       1.697
13/09/2016 00:00,       1.973
14/09/2016 00:00,       2.973
15/09/2016 00:00,       2.301
16/09/2016 00:00,       1.637
17/09/2016 00:00,       1.473
18/09/2016 00:00,       1.456
19/09/2016 00:00,       1.397
20/09/2016 00:00,       1.350
21/09/2016 00:00,       1.487
22/09/2016 00:00,       1.362
23/09/2016 00:00,       1.323
24/09/2016 00:00,       1.311
25/09/2016 00:00,       1.324
26/09/2016 00:00,       1.291
27/09/2016 00:00,       1.291
28/09/2016 00:00,       1.359
29/09/2016 00:00,       2.565
30/09/2016 00:00,       2.412
01/10/2016 00:00,       1.627
02/10/2016 00:00,       1.489
03/10/2016 00:00,       2.035
04/10/2016 00:00,       2.141
05/10/2016 00:00,       1.588
06/10/2016 00:00,       1.417
07/10/2016 00:00,       1.331
08/10/2016 00:00,       1.303
09/10/2016 00:00,       1.290
10/10/2016 00:00,       1.292
11/10/2016 00:00,       1.289
12/10/2016 00:00,       1.298
13/10/2016 00:00,       1.284
14/10/2016 00:00,       1.263
15/10/2016 00:00,       1.243
16/10/2016 00:00,       1.430
17/10/2016 00:00,       1.387
18/10/2016 00:00,       1.664
19/10/2016 00:00,       1.420
20/10/2016 00:00,       1.309
21/10/2016 00:00,       1.351
22/10/2016 00:00,       1.312
23/10/2016 00:00,       1.270
24/10/2016 00:00,       1.256
25/10/2016 00:00,       1.239
26/10/2016 00:00,       1.231
27/10/2016 00:00,       1.230
28/10/2016 00:00,       1.219
29/10/2016 00:00,       1.213
30/10/2016 00:00,       1.204
31/10/2016 00:00,       1.200
01/11/2016 00:00,       1.198
02/11/2016 00:00,       1.204
03/11/2016 00:00,       1.200
04/11/2016 00:00,       1.192
05/11/2016 00:00,       1.184
06/11/2016 00:00,       1.179
07/11/2016 00:00,       1.177
08/11/2016 00:00,       1.176
09/11/2016 00:00,       1.173
10/11/2016 00:00,       1.164
11/11/2016 00:00,       1.163
12/11/2016 00:00,       1.180
13/11/2016 00:00,       1.186
14/11/2016 00:00,       1.188
15/11/2016 00:00,       1.173
16/11/2016 00:00,       1.166
17/11/2016 00:00,       1.159
18/11/2016 00:00,       1.150
19/11/2016 00:00,       1.144
20/11/2016 00:00,       1.141
21/11/2016 00:00,       1.136
22/11/2016 00:00,       1.136
23/11/2016 00:00,       1.135
24/11/2016 00:00,       1.135
25/11/2016 00:00,       1.130
26/11/2016 00:00,       1.126
27/11/2016 00:00,       1.123
28/11/2016 00:00,       1.122
29/11/2016 00:00,       1.120
30/11/2016 00:00,       1.117
01/12/2016 00:00,       1.115
02/12/2016 00:00,       1.114
03/12/2016 00:00,       1.113
04/12/2016 00:00,       1.112
05/12/2016 00:00,       1.110
06/12/2016 00:00,       1.104
07/12/2016 00:00,       1.102
08/12/2016 00:00,       1.107
09/12/2016 00:00,       1.118
10/12/2016 00:00,       1.118
11/12/2016 00:00,       1.109
12/12/2016 00:00,       1.102
13/12/2016 00:00,       1.096
14/12/2016 00:00,       1.093
15/12/2016 00:00,       1.092
16/12/2016 00:00,       1.091
17/12/2016 00:00,       1.088
18/12/2016 00:00,       1.086
19/12/2016 00:00,       1.085
20/12/2016 00:00,       1.081
21/12/2016 00:00,       1.080
22/12/2016 00:00,       1.083
23/12/2016 00:00,       1.082
24/12/2016 00:00,       1.078
25/12/2016 00:00,       1.077
26/12/2016 00:00,       1.081
27/12/2016 00:00,       1.093
28/12/2016 00:00,       1.198
29/12/2016 00:00,       1.207
30/12/2016 00:00,       1.149
31/12/2016 00:00,       1.126
01/01/2017 00:00,       1.116
02/01/2017 00:00,       1.109
03/01/2017 00:00,       1.106
04/01/2017 00:00,       1.104
05/01/2017 00:00,       1.101
06/01/2017 00:00,       1.097
07/01/2017 00:00,       1.090
08/01/2017 00:00,       1.084
09/01/2017 00:00,       1.081
10/01/2017 00:00,       1.076
11/01/2017 00:00,       1.074
12/01/2017 00:00,       1.075
13/01/2017 00:00,       1.082
14/01/2017 00:00,       1.089
15/01/2017 00:00,       1.098
16/01/2017 00:00,       1.092
17/01/2017 00:00,       1.081
18/01/2017 00:00,       1.075
19/01/2017 00:00,       1.074
20/01/2017 00:00,       1.133
21/01/2017 00:00,       1.145
22/01/2017 00:00,       1.115
23/01/2017 00:00,       1.104
24/01/2017 00:00,       1.107
25/01/2017 00:00,       1.128
26/01/2017 00:00,       1.114
27/01/2017 00:00,       1.103
28/01/2017 00:00,       1.092
29/01/2017 00:00,       1.089
30/01/2017 00:00,       1.086
31/01/2017 00:00,       1.083
01/02/2017 00:00,       1.080
02/02/2017 00:00,       1.078
03/02/2017 00:00,       1.077
04/02/2017 00:00,       1.075
05/02/2017 00:00,       1.078
06/02/2017 00:00,       1.094
07/02/2017 00:00,       1.109
08/02/2017 00:00,       1.118
09/02/2017 00:00,       1.101
10/02/2017 00:00,       1.091
11/02/2017 00:00,       1.085
12/02/2017 00:00,       1.079
13/02/2017 00:00,       1.074
14/02/2017 00:00,       1.073
15/02/2017 00:00,       1.073
16/02/2017 00:00,       1.071
17/02/2017 00:00,       1.067
18/02/2017 00:00,       1.073
19/02/2017 00:00,       1.075
20/02/2017 00:00,       1.073
21/02/2017 00:00,       1.071
22/02/2017 00:00,       1.066
23/02/2017 00:00,       1.064
24/02/2017 00:00,       1.066
25/02/2017 00:00,       1.065
26/02/2017 00:00,       1.066
27/02/2017 00:00,       1.065
28/02/2017 00:00,       1.063
01/03/2017 00:00,       1.061
02/03/2017 00:00,       1.059
03/03/2017 00:00,       1.058
04/03/2017 00:00,       1.059
05/03/2017 00:00,       1.058
06/03/2017 00:00,       1.056
07/03/2017 00:00,       1.060
08/03/2017 00:00,       1.060
09/03/2017 00:00,       1.058
10/03/2017 00:00,       1.057
11/03/2017 00:00,       1.057
12/03/2017 00:00,       1.064
13/03/2017 00:00,       1.068
14/03/2017 00:00,       1.065
15/03/2017 00:00,       1.070
16/03/2017 00:00,       1.069
17/03/2017 00:00,       1.066
18/03/2017 00:00,       1.061
19/03/2017 00:00,       1.058
20/03/2017 00:00,       1.057
21/03/2017 00:00,       1.055
22/03/2017 00:00,       1.054
23/03/2017 00:00,       1.053
24/03/2017 00:00,       1.055
25/03/2017 00:00,       1.056
26/03/2017 00:00,       1.056
27/03/2017 00:00,       1.056
28/03/2017 00:00,       1.054
29/03/2017 00:00,       1.054
30/03/2017 00:00,       1.055
31/03/2017 00:00,       1.054
01/04/2017 00:00,       1.055
02/04/2017 00:00,       1.059
03/04/2017 00:00,       1.060
04/04/2017 00:00,       1.061
05/04/2017 00:00,       1.061
06/04/2017 00:00,       1.060
07/04/2017 00:00,       1.058
08/04/2017 00:00,       1.056
09/04/2017 00:00,       1.060
10/04/2017 00:00,       1.064
11/04/2017 00:00,       1.064
12/04/2017 00:00,       1.064
13/04/2017 00:00,       1.064
14/04/2017 00:00,       1.063
15/04/2017 00:00,       1.062
16/04/2017 00:00,       1.062
17/04/2017 00:00,       1.062
18/04/2017 00:00,       1.062
19/04/2017 00:00,       1.060
20/04/2017 00:00,       1.066
21/04/2017 00:00,       1.078
22/04/2017 00:00,       1.094
23/04/2017 00:00,       1.097
24/04/2017 00:00,       1.097
25/04/2017 00:00,       1.112
26/04/2017 00:00,       1.126
27/04/2017 00:00,       1.110
28/04/2017 00:00,       1.108
29/04/2017 00:00,       1.101
30/04/2017 00:00,       1.095
01/05/2017 00:00,       1.091
02/05/2017 00:00,       1.091
03/05/2017 00:00,       1.091
04/05/2017 00:00,       1.096
05/05/2017 00:00,       1.095
06/05/2017 00:00,       1.093
07/05/2017 00:00,       1.090
08/05/2017 00:00,       1.088
09/05/2017 00:00,       1.086
10/05/2017 00:00,       1.084
11/05/2017 00:00,       1.087
12/05/2017 00:00,       1.087
13/05/2017 00:00,       1.085
14/05/2017 00:00,       1.085
15/05/2017 00:00,       1.084
16/05/2017 00:00,       1.087
17/05/2017 00:00,       1.092
18/05/2017 00:00,       1.095
19/05/2017 00:00,       1.102
20/05/2017 00:00,       1.117
21/05/2017 00:00,       1.136
22/05/2017 00:00,       1.120
23/05/2017 00:00,       1.110
24/05/2017 00:00,       1.109
25/05/2017 00:00,       1.117
26/05/2017 00:00,       1.124
27/05/2017 00:00,       1.113
28/05/2017 00:00,       1.128
29/05/2017 00:00,       1.160
30/05/2017 00:00,       1.137
31/05/2017 00:00,       1.138
01/06/2017 00:00,       1.128
02/06/2017 00:00,       1.118
03/06/2017 00:00,       1.113
04/06/2017 00:00,       1.110
05/06/2017 00:00,       1.109
06/06/2017 00:00,       1.112
07/06/2017 00:00,       1.114
08/06/2017 00:00,       1.118
09/06/2017 00:00,       1.117
10/06/2017 00:00,       1.116
11/06/2017 00:00,       1.117
12/06/2017 00:00,       1.117
13/06/2017 00:00,       1.115
14/06/2017 00:00,       1.115
15/06/2017 00:00,       1.114
16/06/2017 00:00,       1.112
17/06/2017 00:00,       1.110
18/06/2017 00:00,       1.108
19/06/2017 00:00,       1.108
20/06/2017 00:00,       1.108
21/06/2017 00:00,       1.107
22/06/2017 00:00,       1.107
23/06/2017 00:00,       1.107
24/06/2017 00:00,       1.106
25/06/2017 00:00,       1.106
26/06/2017 00:00,       1.107
27/06/2017 00:00,       1.109
28/06/2017 00:00,       1.117
29/06/2017 00:00,       1.136
30/06/2017 00:00,       1.170
01/07/2017 00:00,       1.167
02/07/2017 00:00,       1.148
03/07/2017 00:00,       1.140
04/07/2017 00:00,       1.211
05/07/2017 00:00,       1.299
06/07/2017 00:00,       1.236
07/07/2017 00:00,       1.189
08/07/2017 00:00,       1.173
09/07/2017 00:00,       1.223
10/07/2017 00:00,       1.206
11/07/2017 00:00,       1.177
12/07/2017 00:00,       1.164
13/07/2017 00:00,       1.154
14/07/2017 00:00,       1.155
15/07/2017 00:00,       1.168
16/07/2017 00:00,       1.159
17/07/2017 00:00,       1.210
18/07/2017 00:00,       1.725
19/07/2017 00:00,       1.385
20/07/2017 00:00,       1.274
21/07/2017 00:00,       1.228
22/07/2017 00:00,       1.205
23/07/2017 00:00,       1.190
24/07/2017 00:00,       1.198
25/07/2017 00:00,       1.198
26/07/2017 00:00,       1.185
27/07/2017 00:00,       1.184
28/07/2017 00:00,       1.183
29/07/2017 00:00,       1.181
30/07/2017 00:00,       1.243
31/07/2017 00:00,       1.447
01/08/2017 00:00,       1.360
02/08/2017 00:00,       1.252
03/08/2017 00:00,       1.351
04/08/2017 00:00,       1.378
05/08/2017 00:00,       1.904
06/08/2017 00:00,       2.440
07/08/2017 00:00,       1.655
08/08/2017 00:00,       1.409
09/08/2017 00:00,       1.333
10/08/2017 00:00,       1.284
11/08/2017 00:00,       1.335
12/08/2017 00:00,       1.298
13/08/2017 00:00,       1.262
14/08/2017 00:00,       1.235
15/08/2017 00:00,       1.421
16/08/2017 00:00,       1.963
17/08/2017 00:00,       1.927
18/08/2017 00:00,       1.652
19/08/2017 00:00,       1.437
20/08/2017 00:00,       1.368
21/08/2017 00:00,       1.507
22/08/2017 00:00,       1.436
23/08/2017 00:00,       1.455
24/08/2017 00:00,       1.534
25/08/2017 00:00,       1.406
26/08/2017 00:00,       1.361
27/08/2017 00:00,       1.342
28/08/2017 00:00,       1.344
29/08/2017 00:00,       1.336
30/08/2017 00:00,       1.324
31/08/2017 00:00,       1.311
01/09/2017 00:00,       1.303
02/09/2017 00:00,       1.296
03/09/2017 00:00,       1.797
04/09/2017 00:00,       1.585
05/09/2017 00:00,       1.366
06/09/2017 00:00,       1.305
07/09/2017 00:00,       1.284
08/09/2017 00:00,       1.284
09/09/2017 00:00,       1.263
10/09/2017 00:00,       1.250
11/09/2017 00:00,       1.240
12/09/2017 00:00,       1.232
13/09/2017 00:00,       1.235
14/09/2017 00:00,       1.250
15/09/2017 00:00,       1.237
16/09/2017 00:00,       1.247
17/09/2017 00:00,       1.232
18/09/2017 00:00,       1.214
19/09/2017 00:00,       1.211
20/09/2017 00:00,       1.209
21/09/2017 00:00,       1.202
22/09/2017 00:00,       1.193
23/09/2017 00:00,       1.190
24/09/2017 00:00,       1.192
25/09/2017 00:00,       1.237
26/09/2017 00:00,       1.260
27/09/2017 00:00,       1.220
28/09/2017 00:00,       1.203
29/09/2017 00:00,       1.190
30/09/2017 00:00,       1.184
01/10/2017 00:00,       1.178
02/10/2017 00:00,       1.175
03/10/2017 00:00,       1.174
04/10/2017 00:00,       1.170
05/10/2017 00:00,       1.165
06/10/2017 00:00,       1.162
07/10/2017 00:00,       1.164
08/10/2017 00:00,       1.163
09/10/2017 00:00,       1.159
10/10/2017 00:00,       1.153
11/10/2017 00:00,       1.157
12/10/2017 00:00,       1.283
13/10/2017 00:00,       1.206
14/10/2017 00:00,       1.183
15/10/2017 00:00,       1.173
16/10/2017 00:00,       1.167
17/10/2017 00:00,       1.160
18/10/2017 00:00,       1.151
19/10/2017 00:00,       1.145
20/10/2017 00:00,       1.139
21/10/2017 00:00,       1.132
22/10/2017 00:00,       1.136
23/10/2017 00:00,       1.138
24/10/2017 00:00,       1.143
25/10/2017 00:00,       1.147
26/10/2017 00:00,       1.147
27/10/2017 00:00,       1.144
28/10/2017 00:00,       1.139
29/10/2017 00:00,       1.132
30/10/2017 00:00,       1.129
31/10/2017 00:00,       1.128
01/11/2017 00:00,       1.135
02/11/2017 00:00,       1.134
03/11/2017 00:00,       1.131
04/11/2017 00:00,       1.122
05/11/2017 00:00,       1.119
06/11/2017 00:00,       1.115
07/11/2017 00:00,       1.111
08/11/2017 00:00,       1.109
09/11/2017 00:00,       1.108
10/11/2017 00:00,       1.106
11/11/2017 00:00,       1.103
12/11/2017 00:00,       1.102
13/11/2017 00:00,       1.093
14/11/2017 00:00,       1.089
15/11/2017 00:00,       1.094
16/11/2017 00:00,       1.103
17/11/2017 00:00,       1.127
18/11/2017 00:00,       1.148
19/11/2017 00:00,       1.156
20/11/2017 00:00,       1.135
21/11/2017 00:00,       1.116
22/11/2017 00:00,       1.105
23/11/2017 00:00,       1.098
24/11/2017 00:00,       1.094
25/11/2017 00:00,       1.092
26/11/2017 00:00,       1.092
27/11/2017 00:00,       1.093
28/11/2017 00:00,       1.092
29/11/2017 00:00,       1.090
30/11/2017 00:00,       1.084
01/12/2017 00:00,       1.095
02/12/2017 00:00,       1.112
03/12/2017 00:00,       1.138
04/12/2017 00:00,       1.135
05/12/2017 00:00,       1.125
06/12/2017 00:00,       1.120
07/12/2017 00:00,       1.115
08/12/2017 00:00,       1.114
09/12/2017 00:00,       1.109
10/12/2017 00:00,       1.110
11/12/2017 00:00,       1.104
12/12/2017 00:00,       1.097
13/12/2017 00:00,       1.089
14/12/2017 00:00,       1.080
15/12/2017 00:00,       1.074
16/12/2017 00:00,       1.076
17/12/2017 00:00,       1.075
18/12/2017 00:00,       1.074
19/12/2017 00:00,       1.076
20/12/2017 00:00,       1.084
21/12/2017 00:00,       1.112
22/12/2017 00:00,       1.100
23/12/2017 00:00,       1.088
24/12/2017 00:00,       1.083
25/12/2017 00:00,       1.078
26/12/2017 00:00,       1.073
27/12/2017 00:00,       1.067
28/12/2017 00:00,       1.065
29/12/2017 00:00,       1.065
30/12/2017 00:00,       1.065
31/12/2017 00:00,       1.063
01/01/2018 00:00,       1.062
02/01/2018 00:00,       1.061
03/01/2018 00:00,       1.058
04/01/2018 00:00,       1.056
05/01/2018 00:00,       1.054
06/01/2018 00:00,       1.051
07/01/2018 00:00,       1.050
08/01/2018 00:00,       1.049
09/01/2018 00:00,       1.047
10/01/2018 00:00,       1.045
11/01/2018 00:00,       1.044
12/01/2018 00:00,       1.044
13/01/2018 00:00,       1.045
14/01/2018 00:00,       1.045
15/01/2018 00:00,       1.045
16/01/2018 00:00,       1.044
17/01/2018 00:00,       1.042
18/01/2018 00:00,       1.039
19/01/2018 00:00,       1.039
20/01/2018 00:00,       1.044
21/01/2018 00:00,       1.046
22/01/2018 00:00,       1.041
23/01/2018 00:00,       1.039
24/01/2018 00:00,       1.038
25/01/2018 00:00,       1.038
26/01/2018 00:00,       1.038
27/01/2018 00:00,       1.037
28/01/2018 00:00,       1.036
29/01/2018 00:00,       1.040
30/01/2018 00:00,       1.040
31/01/2018 00:00,       1.038
01/02/2018 00:00,       1.038
02/02/2018 00:00,       1.037
03/02/2018 00:00,       1.037
04/02/2018 00:00,       1.037
05/02/2018 00:00,       1.035
06/02/2018 00:00,       1.036
07/02/2018 00:00,       1.036
08/02/2018 00:00,       1.036
09/02/2018 00:00,       1.036
10/02/2018 00:00,       1.036
11/02/2018 00:00,       1.035
12/02/2018 00:00,       1.034
13/02/2018 00:00,       1.036
14/02/2018 00:00,       1.035
15/02/2018 00:00,       1.035
16/02/2018 00:00,       1.037
17/02/2018 00:00,       1.037
18/02/2018 00:00,       1.037
19/02/2018 00:00,       1.038
20/02/2018 00:00,       1.037
21/02/2018 00:00,       1.037
22/02/2018 00:00,       1.038
23/02/2018 00:00,       1.038
24/02/2018 00:00,       1.038
25/02/2018 00:00,       1.040
26/02/2018 00:00,       1.039
27/02/2018 00:00,       1.038
28/02/2018 00:00,       1.033
01/03/2018 00:00,       1.033
02/03/2018 00:00,       1.036
03/03/2018 00:00,       1.036
04/03/2018 00:00,       1.035
05/03/2018 00:00,       1.035
06/03/2018 00:00,       1.035
07/03/2018 00:00,       1.036
08/03/2018 00:00,       1.036
09/03/2018 00:00,       1.035
10/03/2018 00:00,       1.034
11/03/2018 00:00,       1.034
12/03/2018 00:00,       1.036
13/03/2018 00:00,       1.035
14/03/2018 00:00,       1.036
15/03/2018 00:00,       1.037
16/03/2018 00:00,       1.040
17/03/2018 00:00,       1.038
18/03/2018 00:00,       1.039
19/03/2018 00:00,       1.037
20/03/2018 00:00,       1.038
21/03/2018 00:00,       1.038
22/03/2018 00:00,       1.037
23/03/2018 00:00,       1.037
24/03/2018 00:00,       1.036
25/03/2018 00:00,       1.034
26/03/2018 00:00,       1.037
27/03/2018 00:00,       1.038
28/03/2018 00:00,       1.039
29/03/2018 00:00,       1.039
30/03/2018 00:00,       1.039
31/03/2018 00:00,       1.038
01/04/2018 00:00,       1.039
02/04/2018 00:00,       1.039
03/04/2018 00:00,       1.038
04/04/2018 00:00,       1.039
05/04/2018 00:00,       1.039
06/04/2018 00:00,       1.040
07/04/2018 00:00,       1.040
08/04/2018 00:00,       1.039
09/04/2018 00:00,       1.036
10/04/2018 00:00,       1.036
11/04/2018 00:00,       1.036
12/04/2018 00:00,       1.038
13/04/2018 00:00,       1.040
14/04/2018 00:00,       1.048
15/04/2018 00:00,       1.043
16/04/2018 00:00,       1.042
17/04/2018 00:00,       1.043
18/04/2018 00:00,       1.042
19/04/2018 00:00,       1.043
20/04/2018 00:00,       1.043
21/04/2018 00:00,       1.044
22/04/2018 00:00,       1.042
23/04/2018 00:00,       1.042
24/04/2018 00:00,       1.042
25/04/2018 00:00,       1.041
26/04/2018 00:00,       1.042
27/04/2018 00:00,       1.043
28/04/2018 00:00,       1.044
29/04/2018 00:00,       1.044
30/04/2018 00:00,       1.043
01/05/2018 00:00,       1.043
02/05/2018 00:00,       1.043
03/05/2018 00:00,       1.053
04/05/2018 00:00,       1.056
05/05/2018 00:00,       1.132
06/05/2018 00:00,       1.117
07/05/2018 00:00,       1.096
08/05/2018 00:00,       1.088
09/05/2018 00:00,       1.086
10/05/2018 00:00,       1.084
11/05/2018 00:00,       1.084
12/05/2018 00:00,       1.087
13/05/2018 00:00,       1.109
14/05/2018 00:00,       1.101
15/05/2018 00:00,       1.097
16/05/2018 00:00,       1.102
17/05/2018 00:00,       1.104
18/05/2018 00:00,       1.113
19/05/2018 00:00,       1.109
20/05/2018 00:00,       1.103
21/05/2018 00:00,       1.099
22/05/2018 00:00,       1.099
23/05/2018 00:00,       1.097
24/05/2018 00:00,       1.095
25/05/2018 00:00,       1.094
26/05/2018 00:00,       1.092
27/05/2018 00:00,       1.092
28/05/2018 00:00,       1.091
29/05/2018 00:00,       1.092
30/05/2018 00:00,       1.092
31/05/2018 00:00,       1.090
01/06/2018 00:00,       1.095
02/06/2018 00:00,       1.097
03/06/2018 00:00,       1.094
04/06/2018 00:00,       1.093
05/06/2018 00:00,       1.093
06/06/2018 00:00,       1.091
07/06/2018 00:00,       1.089
08/06/2018 00:00,       1.088
09/06/2018 00:00,       1.104
10/06/2018 00:00,       1.155
11/06/2018 00:00,       1.144
12/06/2018 00:00,       1.136
13/06/2018 00:00,       1.155
14/06/2018 00:00,       1.162
15/06/2018 00:00,       1.192
16/06/2018 00:00,       1.184
17/06/2018 00:00,       1.158
18/06/2018 00:00,       1.162
19/06/2018 00:00,       1.165
20/06/2018 00:00,       1.153
21/06/2018 00:00,       1.142
22/06/2018 00:00,       1.133
23/06/2018 00:00,       1.128
24/06/2018 00:00,       1.127
25/06/2018 00:00,       1.139
26/06/2018 00:00,       1.143
27/06/2018 00:00,       1.132
28/06/2018 00:00,       1.126
29/06/2018 00:00,       1.123
30/06/2018 00:00,       1.131
01/07/2018 00:00,       1.141
02/07/2018 00:00,       1.131
03/07/2018 00:00,       1.123
04/07/2018 00:00,       1.117
05/07/2018 00:00,       1.113
06/07/2018 00:00,       1.119
07/07/2018 00:00,       1.190
08/07/2018 00:00,       1.201
09/07/2018 00:00,       1.170
10/07/2018 00:00,       1.153
11/07/2018 00:00,       1.146
12/07/2018 00:00,       1.151
13/07/2018 00:00,       1.151
14/07/2018 00:00,       1.144
15/07/2018 00:00,       1.137
16/07/2018 00:00,       1.132
17/07/2018 00:00,       1.129
18/07/2018 00:00,       1.132
19/07/2018 00:00,       1.143
20/07/2018 00:00,       1.165
21/07/2018 00:00,       1.175
22/07/2018 00:00,       1.157
23/07/2018 00:00,       1.157
24/07/2018 00:00,       1.168
25/07/2018 00:00,       1.182
26/07/2018 00:00,       1.185
27/07/2018 00:00,       1.175
28/07/2018 00:00,       1.160
29/07/2018 00:00,       1.152
30/07/2018 00:00,       1.152
31/07/2018 00:00,       1.154
01/08/2018 00:00,       1.165
02/08/2018 00:00,       1.168
03/08/2018 00:00,       1.400
04/08/2018 00:00,       1.375
05/08/2018 00:00,       1.235
06/08/2018 00:00,       1.667
07/08/2018 00:00,       1.379
08/08/2018 00:00,       1.543
09/08/2018 00:00,       1.368
10/08/2018 00:00,       1.257
11/08/2018 00:00,       1.279
12/08/2018 00:00,       1.271
13/08/2018 00:00,       1.234
14/08/2018 00:00,       1.219
15/08/2018 00:00,       1.204
16/08/2018 00:00,       1.193
17/08/2018 00:00,       1.184
18/08/2018 00:00,       1.205
19/08/2018 00:00,       1.236
20/08/2018 00:00,       1.203
21/08/2018 00:00,       1.188
22/08/2018 00:00,       1.190
23/08/2018 00:00,       1.183
24/08/2018 00:00,       1.172
25/08/2018 00:00,       1.163
26/08/2018 00:00,       1.157
27/08/2018 00:00,       1.160
28/08/2018 00:00,       1.179
29/08/2018 00:00,       1.168
30/08/2018 00:00,       1.159
31/08/2018 00:00,       1.178
01/09/2018 00:00,       1.206
02/09/2018 00:00,       1.200
03/09/2018 00:00,       1.213
04/09/2018 00:00,       1.191
05/09/2018 00:00,       1.178
06/09/2018 00:00,       1.170
07/09/2018 00:00,       1.165
08/09/2018 00:00,       1.159
09/09/2018 00:00,       1.151
10/09/2018 00:00,       1.145
11/09/2018 00:00,       1.142
12/09/2018 00:00,       1.140
13/09/2018 00:00,       1.136
14/09/2018 00:00,       1.128
15/09/2018 00:00,       1.130
16/09/2018 00:00,       1.133
17/09/2018 00:00,       1.142
18/09/2018 00:00,       1.138
19/09/2018 00:00,       1.133
20/09/2018 00:00,       1.131
21/09/2018 00:00,       1.135
22/09/2018 00:00,       1.140
23/09/2018 00:00,       1.134
24/09/2018 00:00,       1.128
25/09/2018 00:00,       1.123
26/09/2018 00:00,       1.119
27/09/2018 00:00,       1.117
28/09/2018 00:00,       1.114
29/09/2018 00:00,       1.113
30/09/2018 00:00,       1.109
01/10/2018 00:00,       1.110
02/10/2018 00:00,       1.111
03/10/2018 00:00,       1.109
04/10/2018 00:00,       1.107
05/10/2018 00:00,       1.102
06/10/2018 00:00,       1.101
07/10/2018 00:00,       1.106
08/10/2018 00:00,       1.105
09/10/2018 00:00,       1.104
10/10/2018 00:00,       1.105
11/10/2018 00:00,       1.105
12/10/2018 00:00,       1.108
13/10/2018 00:00,       1.108
14/10/2018 00:00,       1.105
15/10/2018 00:00,       1.108
16/10/2018 00:00,       1.122
17/10/2018 00:00,       1.145
18/10/2018 00:00,       1.161
19/10/2018 00:00,       1.149
20/10/2018 00:00,       1.135
21/10/2018 00:00,       1.124
22/10/2018 00:00,       1.114
23/10/2018 00:00,       1.107
24/10/2018 00:00,       1.101
25/10/2018 00:00,       1.096
26/10/2018 00:00,       1.085
27/10/2018 00:00,       1.087
28/10/2018 00:00,       1.089
29/10/2018 00:00,       1.087
30/10/2018 00:00,       1.084
31/10/2018 00:00,       1.081
01/11/2018 00:00,       1.078
02/11/2018 00:00,       1.079
03/11/2018 00:00,       1.079
04/11/2018 00:00,       1.078
05/11/2018 00:00,       1.077
06/11/2018 00:00,       1.079
07/11/2018 00:00,       1.076
08/11/2018 00:00,       1.073
09/11/2018 00:00,       1.070
10/11/2018 00:00,       1.067
11/11/2018 00:00,       1.064
12/11/2018 00:00,       1.061
13/11/2018 00:00,       1.057
14/11/2018 00:00,       1.054
15/11/2018 00:00,       1.052
16/11/2018 00:00,       1.050
17/11/2018 00:00,       1.048
18/11/2018 00:00,       1.046
19/11/2018 00:00,       1.044
20/11/2018 00:00,       1.050
21/11/2018 00:00,       1.057
22/11/2018 00:00,       1.090
23/11/2018 00:00,       1.142
24/11/2018 00:00,       1.134
25/11/2018 00:00,       1.116
26/11/2018 00:00,       1.107
27/11/2018 00:00,       1.099
28/11/2018 00:00,       1.094
29/11/2018 00:00,       1.084
30/11/2018 00:00,       1.081
01/12/2018 00:00,       1.074
02/12/2018 00:00,       1.069
03/12/2018 00:00,       1.065
04/12/2018 00:00,       1.062
05/12/2018 00:00,       1.058
06/12/2018 00:00,       1.052
07/12/2018 00:00,       1.048
08/12/2018 00:00,       1.046
09/12/2018 00:00,       1.046
10/12/2018 00:00,       1.046
11/12/2018 00:00,       1.045
12/12/2018 00:00,       1.043
13/12/2018 00:00,       1.047
14/12/2018 00:00,       1.063
15/12/2018 00:00,       1.119
16/12/2018 00:00,       1.154
17/12/2018 00:00,       1.125
18/12/2018 00:00,       1.108
19/12/2018 00:00,       1.102
20/12/2018 00:00,       1.100
21/12/2018 00:00,       1.094
22/12/2018 00:00,       1.087
23/12/2018 00:00,       1.078
24/12/2018 00:00,       1.074
25/12/2018 00:00,       1.066
26/12/2018 00:00,       1.058
27/12/2018 00:00,       1.055
28/12/2018 00:00,       1.050
29/12/2018 00:00,       1.047
30/12/2018 00:00,       1.048
31/12/2018 00:00,       1.047
01/01/2019 00:00,       1.045
02/01/2019 00:00,       1.042
03/01/2019 00:00,       1.041
04/01/2019 00:00,       1.039
05/01/2019 00:00,       1.037
06/01/2019 00:00,       1.036
07/01/2019 00:00,       1.035
08/01/2019 00:00,       1.035
09/01/2019 00:00,       1.034
10/01/2019 00:00,       1.033
11/01/2019 00:00,       1.032
12/01/2019 00:00,       1.031
13/01/2019 00:00,       1.030
14/01/2019 00:00,       1.031
15/01/2019 00:00,       1.030
16/01/2019 00:00,       1.030
17/01/2019 00:00,       1.032
18/01/2019 00:00,       1.033
19/01/2019 00:00,       1.033
20/01/2019 00:00,       1.032
21/01/2019 00:00,       1.032
22/01/2019 00:00,       1.032
23/01/2019 00:00,       1.030
24/01/2019 00:00,       1.027
25/01/2019 00:00,       1.027
26/01/2019 00:00,       1.032
27/01/2019 00:00,       1.032
28/01/2019 00:00,       1.031
29/01/2019 00:00,       1.031
30/01/2019 00:00,       1.029
31/01/2019 00:00,       1.030
01/02/2019 00:00,       1.029
02/02/2019 00:00,       1.030
03/02/2019 00:00,       1.029
04/02/2019 00:00,       1.029
05/02/2019 00:00,       1.031
06/02/2019 00:00,       1.032
07/02/2019 00:00,       1.033
08/02/2019 00:00,       1.033
09/02/2019 00:00,       1.032
10/02/2019 00:00,       1.033
11/02/2019 00:00,       1.032
12/02/2019 00:00,       1.033
13/02/2019 00:00,       1.034
14/02/2019 00:00,       1.034
15/02/2019 00:00,       1.034
16/02/2019 00:00,       1.034
17/02/2019 00:00,       1.034
18/02/2019 00:00,       1.036
19/02/2019 00:00,       1.034
20/02/2019 00:00,       1.033
21/02/2019 00:00,       1.032
22/02/2019 00:00,       1.032
23/02/2019 00:00,       1.033
24/02/2019 00:00,       1.032
25/02/2019 00:00,       1.030
26/02/2019 00:00,       1.030
27/02/2019 00:00,       1.033
28/02/2019 00:00,       1.033
01/03/2019 00:00,       1.033
02/03/2019 00:00,       1.035
03/03/2019 00:00,       1.045
04/03/2019 00:00,       1.040
05/03/2019 00:00,       1.043
06/03/2019 00:00,       1.052
07/03/2019 00:00,       1.050
08/03/2019 00:00,       1.053
09/03/2019 00:00,       1.054
10/03/2019 00:00,       1.052
11/03/2019 00:00,       1.053
12/03/2019 00:00,       1.056
13/03/2019 00:00,       1.055
14/03/2019 00:00,       1.054
15/03/2019 00:00,       1.054
16/03/2019 00:00,       1.054
17/03/2019 00:00,       1.054
18/03/2019 00:00,       1.052
19/03/2019 00:00,       1.052
20/03/2019 00:00,       1.039
21/03/2019 00:00,       1.039
22/03/2019 00:00,       1.040
23/03/2019 00:00,       1.040
24/03/2019 00:00,       1.040
25/03/2019 00:00,       1.054
26/03/2019 00:00,       1.053
27/03/2019 00:00,       1.054
28/03/2019 00:00,       1.054
29/03/2019 00:00,       1.055
30/03/2019 00:00,       1.064
31/03/2019 00:00,       1.059
01/04/2019 00:00,       1.057
02/04/2019 00:00,       1.057
03/04/2019 00:00,       1.057
04/04/2019 00:00,       1.058
05/04/2019 00:00,       1.059
06/04/2019 00:00,       1.063
07/04/2019 00:00,       1.071
08/04/2019 00:00,       1.071
09/04/2019 00:00,       1.071
10/04/2019 00:00,       1.063
11/04/2019 00:00,       1.035
12/04/2019 00:00,       1.033
13/04/2019 00:00,       1.034
14/04/2019 00:00,       1.036
15/04/2019 00:00,       1.035
16/04/2019 00:00,       1.034
17/04/2019 00:00,       1.032
18/04/2019 00:00,       1.032
19/04/2019 00:00,       1.032
20/04/2019 00:00,       1.031
21/04/2019 00:00,       1.031
22/04/2019 00:00,       1.032
23/04/2019 00:00,       1.032
24/04/2019 00:00,       1.032
25/04/2019 00:00,       1.033
26/04/2019 00:00,       1.033
27/04/2019 00:00,       1.033
28/04/2019 00:00,       1.033
29/04/2019 00:00,       1.034
30/04/2019 00:00,       1.033
01/05/2019 00:00,       1.042
02/05/2019 00:00,       1.042
03/05/2019 00:00,       1.038
04/05/2019 00:00,       1.041
05/05/2019 00:00,       1.037
06/05/2019 00:00,       1.036
07/05/2019 00:00,       1.040
08/05/2019 00:00,       1.040
09/05/2019 00:00,       1.052
10/05/2019 00:00,       1.047
11/05/2019 00:00,       1.040
12/05/2019 00:00,       1.039
13/05/2019 00:00,       1.038
14/05/2019 00:00,       1.037
15/05/2019 00:00,       1.037
16/05/2019 00:00,       1.038
17/05/2019 00:00,       1.038
18/05/2019 00:00,       1.038
19/05/2019 00:00,       1.040
20/05/2019 00:00,       1.040
21/05/2019 00:00,       1.038
22/05/2019 00:00,       1.038
23/05/2019 00:00,       1.037
24/05/2019 00:00,       1.037
25/05/2019 00:00,       1.044
26/05/2019 00:00,       1.042
27/05/2019 00:00,       1.083
28/05/2019 00:00,       1.113
29/05/2019 00:00,       1.115
30/05/2019 00:00,       1.111
31/05/2019 00:00,       1.113
01/06/2019 00:00,       1.115
02/06/2019 00:00,       1.104
03/06/2019 00:00,       1.097
04/06/2019 00:00,       1.094
05/06/2019 00:00,       1.094
06/06/2019 00:00,       1.095
07/06/2019 00:00,       1.092
08/06/2019 00:00,       1.089
09/06/2019 00:00,       1.087
10/06/2019 00:00,       1.087
11/06/2019 00:00,       1.087
12/06/2019 00:00,       1.099
13/06/2019 00:00,       1.191
14/06/2019 00:00,       1.178
15/06/2019 00:00,       1.233
16/06/2019 00:00,       1.178
17/06/2019 00:00,       1.152
18/06/2019 00:00,       1.144
19/06/2019 00:00,       1.163
20/06/2019 00:00,       1.153
21/06/2019 00:00,       1.139
22/06/2019 00:00,       1.130
23/06/2019 00:00,       1.124
24/06/2019 00:00,       1.119
25/06/2019 00:00,       1.115
26/06/2019 00:00,       1.112
27/06/2019 00:00,       1.109
28/06/2019 00:00,       1.108
29/06/2019 00:00,       1.113
30/06/2019 00:00,       1.288
01/07/2019 00:00,       1.203
02/07/2019 00:00,       1.164
03/07/2019 00:00,       1.149
04/07/2019 00:00,       1.140
05/07/2019 00:00,       1.133
06/07/2019 00:00,       1.128
07/07/2019 00:00,       1.127
08/07/2019 00:00,       1.163
09/07/2019 00:00,       1.162
10/07/2019 00:00,       1.144
11/07/2019 00:00,       1.209
12/07/2019 00:00,       1.252
13/07/2019 00:00,       1.388
14/07/2019 00:00,       1.276
15/07/2019 00:00,       1.212
16/07/2019 00:00,       1.193
17/07/2019 00:00,       1.185
18/07/2019 00:00,       1.207
19/07/2019 00:00,       1.219
20/07/2019 00:00,       1.189
21/07/2019 00:00,       1.169
22/07/2019 00:00,       1.156
23/07/2019 00:00,       1.298
24/07/2019 00:00,       1.453
25/07/2019 00:00,       1.287
26/07/2019 00:00,       1.230
27/07/2019 00:00,       1.205
28/07/2019 00:00,       1.192
29/07/2019 00:00,       1.181
30/07/2019 00:00,       1.189
31/07/2019 00:00,       1.181
01/08/2019 00:00,       1.169
02/08/2019 00:00,       1.160
03/08/2019 00:00,       1.159
04/08/2019 00:00,       1.168
05/08/2019 00:00,       1.163
06/08/2019 00:00,       1.156
07/08/2019 00:00,       1.152
08/08/2019 00:00,       1.643
09/08/2019 00:00,       1.696
10/08/2019 00:00,       1.447
11/08/2019 00:00,       1.428
12/08/2019 00:00,       1.362
13/08/2019 00:00,       1.309
14/08/2019 00:00,       1.260
15/08/2019 00:00,       1.229
16/08/2019 00:00,       1.203
17/08/2019 00:00,       1.187
18/08/2019 00:00,       1.206
19/08/2019 00:00,       1.437
20/08/2019 00:00,       1.302
21/08/2019 00:00,       1.248
22/08/2019 00:00,       1.224
23/08/2019 00:00,       1.206
24/08/2019 00:00,       1.194
25/08/2019 00:00,       1.183
26/08/2019 00:00,       1.175
27/08/2019 00:00,       1.172
28/08/2019 00:00,       1.170
29/08/2019 00:00,       1.168
30/08/2019 00:00,       1.172
31/08/2019 00:00,       1.163
01/09/2019 00:00,       1.159
02/09/2019 00:00,       1.179
03/09/2019 00:00,       1.175
04/09/2019 00:00,       1.169
05/09/2019 00:00,       1.162
06/09/2019 00:00,       1.158
07/09/2019 00:00,       1.163
08/09/2019 00:00,       1.172
09/09/2019 00:00,       1.164
10/09/2019 00:00,       1.166
11/09/2019 00:00,       1.154
12/09/2019 00:00,       1.145
13/09/2019 00:00,       1.134
14/09/2019 00:00,       1.129
15/09/2019 00:00,       1.126
16/09/2019 00:00,       1.124
17/09/2019 00:00,       1.122
18/09/2019 00:00,       1.119
19/09/2019 00:00,       1.119
20/09/2019 00:00,       1.117
21/09/2019 00:00,       1.129
22/09/2019 00:00,       1.175
23/09/2019 00:00,       1.195
24/09/2019 00:00,       1.202
25/09/2019 00:00,       1.167
26/09/2019 00:00,       1.150
27/09/2019 00:00,       1.139
28/09/2019 00:00,       1.128
29/09/2019 00:00,       1.125
30/09/2019 00:00,       1.121
01/10/2019 00:00,       1.118
02/10/2019 00:00,       1.115
03/10/2019 00:00,       1.110
04/10/2019 00:00,       1.106
05/10/2019 00:00,       1.102
06/10/2019 00:00,       1.098
07/10/2019 00:00,       1.097
08/10/2019 00:00,       1.099
09/10/2019 00:00,       1.099
10/10/2019 00:00,       1.104
11/10/2019 00:00,       1.101
12/10/2019 00:00,       1.100
13/10/2019 00:00,       1.098
14/10/2019 00:00,       1.097
15/10/2019 00:00,       1.097
16/10/2019 00:00,       1.109
17/10/2019 00:00,       1.122
18/10/2019 00:00,       1.136
19/10/2019 00:00,       1.122
20/10/2019 00:00,       1.113
21/10/2019 00:00,       1.104
22/10/2019 00:00,       1.098
23/10/2019 00:00,       1.092
24/10/2019 00:00,       1.086
25/10/2019 00:00,       1.080
26/10/2019 00:00,       1.076
27/10/2019 00:00,       1.075
28/10/2019 00:00,       1.075
29/10/2019 00:00,       1.072
30/10/2019 00:00,       1.069
31/10/2019 00:00,       1.064
01/11/2019 00:00,       1.062
02/11/2019 00:00,       1.067
03/11/2019 00:00,       1.069
04/11/2019 00:00,       1.070
05/11/2019 00:00,       1.074
06/11/2019 00:00,       1.075
07/11/2019 00:00,       1.079
08/11/2019 00:00,       1.080
09/11/2019 00:00,       1.076
10/11/2019 00:00,       1.069
11/11/2019 00:00,       1.068
12/11/2019 00:00,       1.066
13/11/2019 00:00,       1.063
14/11/2019 00:00,       1.060
15/11/2019 00:00,       1.058
16/11/2019 00:00,       1.052
17/11/2019 00:00,       1.051
18/11/2019 00:00,       1.053
19/11/2019 00:00,       1.051
20/11/2019 00:00,       1.046
21/11/2019 00:00,       1.042
22/11/2019 00:00,       1.042
23/11/2019 00:00,       1.042
24/11/2019 00:00,       1.040
25/11/2019 00:00,       1.039
26/11/2019 00:00,       1.039
27/11/2019 00:00,       1.038
28/11/2019 00:00,       1.036
29/11/2019 00:00,       1.037
30/11/2019 00:00,       1.039
01/12/2019 00:00,       1.037
02/12/2019 00:00,       1.040
03/12/2019 00:00,       1.038
04/12/2019 00:00,       1.036
05/12/2019 00:00,       1.035
06/12/2019 00:00,       1.035
07/12/2019 00:00,       1.034
08/12/2019 00:00,       1.033
09/12/2019 00:00,       1.032
10/12/2019 00:00,       1.035
11/12/2019 00:00,       1.034
12/12/2019 00:00,       1.032
13/12/2019 00:00,       1.032
14/12/2019 00:00,       1.031
15/12/2019 00:00,       1.031
16/12/2019 00:00,       1.030
17/12/2019 00:00,       1.028
18/12/2019 00:00,       1.026
19/12/2019 00:00,       1.025
20/12/2019 00:00,       1.024
21/12/2019 00:00,       1.022
22/12/2019 00:00,       1.027
23/12/2019 00:00,       1.030
24/12/2019 00:00,       1.033
25/12/2019 00:00,       1.033
26/12/2019 00:00,       1.030
27/12/2019 00:00,       1.029
28/12/2019 00:00,       1.026
29/12/2019 00:00,       1.025
30/12/2019 00:00,       1.026
31/12/2019 00:00,       1.027
01/01/2020 00:00,       1.026
02/01/2020 00:00,       1.026
03/01/2020 00:00,       1.029
04/01/2020 00:00,       1.037
05/01/2020 00:00,       1.036
06/01/2020 00:00,       1.030
07/01/2020 00:00,       1.028
08/01/2020 00:00,       1.027
09/01/2020 00:00,       1.025
10/01/2020 00:00,       1.027
11/01/2020 00:00,       1.029
12/01/2020 00:00,       1.027
13/01/2020 00:00,       1.026
14/01/2020 00:00,       1.025
15/01/2020 00:00,       1.025
16/01/2020 00:00,       1.025
17/01/2020 00:00,       1.025
18/01/2020 00:00,       1.025
19/01/2020 00:00,       1.031
20/01/2020 00:00,       1.055
21/01/2020 00:00,       1.038
22/01/2020 00:00,       1.034
23/01/2020 00:00,       1.037
24/01/2020 00:00,       1.033
25/01/2020 00:00,       1.031
26/01/2020 00:00,       1.030
27/01/2020 00:00,       1.030
28/01/2020 00:00,       1.030
29/01/2020 00:00,       1.029
30/01/2020 00:00,       1.027
31/01/2020 00:00,       1.035
01/02/2020 00:00,       1.053
02/02/2020 00:00,       1.038
03/02/2020 00:00,       1.048
04/02/2020 00:00,       1.052
05/02/2020 00:00,       1.044
06/02/2020 00:00,       1.039
07/02/2020 00:00,       1.036
08/02/2020 00:00,       1.034
09/02/2020 00:00,       1.032
10/02/2020 00:00,       1.029
11/02/2020 00:00,       1.030
12/02/2020 00:00,       1.034
13/02/2020 00:00,       1.035
14/02/2020 00:00,       1.035
15/02/2020 00:00,       1.036
16/02/2020 00:00,       1.036
17/02/2020 00:00,       1.034
18/02/2020 00:00,       1.033
19/02/2020 00:00,       1.031
20/02/2020 00:00,       1.030
21/02/2020 00:00,       1.031
22/02/2020 00:00,       1.031
23/02/2020 00:00,       1.031
24/02/2020 00:00,       1.018
25/02/2020 00:00,       1.005
26/02/2020 00:00,       1.028
27/02/2020 00:00,       1.030
28/02/2020 00:00,       1.030
29/02/2020 00:00,       1.030
01/03/2020 00:00,       1.030
02/03/2020 00:00,       1.035
03/03/2020 00:00,       1.031
04/03/2020 00:00,       1.032
05/03/2020 00:00,       1.033
06/03/2020 00:00,       1.032
07/03/2020 00:00,       1.031
08/03/2020 00:00,       1.030
09/03/2020 00:00,       1.029
10/03/2020 00:00,       1.027
11/03/2020 00:00,       1.028
12/03/2020 00:00,       1.027
13/03/2020 00:00,       1.028
14/03/2020 00:00,       1.028
15/03/2020 00:00,       1.028
16/03/2020 00:00,       1.027
17/03/2020 00:00,       1.027
18/03/2020 00:00,       1.027
19/03/2020 00:00,       1.027
20/03/2020 00:00,       1.028
21/03/2020 00:00,       1.032
22/03/2020 00:00,       1.032
23/03/2020 00:00,       1.031
24/03/2020 00:00,       1.029
25/03/2020 00:00,       1.029
26/03/2020 00:00,       1.028
27/03/2020 00:00,       1.028
28/03/2020 00:00,       1.031
29/03/2020 00:00,       1.029
30/03/2020 00:00,       1.031
31/03/2020 00:00,       1.032
01/04/2020 00:00,       1.038
02/04/2020 00:00,       1.039
03/04/2020 00:00,       1.036
04/04/2020 00:00,       1.039
05/04/2020 00:00,       1.035
06/04/2020 00:00,       1.037
07/04/2020 00:00,       1.036
08/04/2020 00:00,       1.035
09/04/2020 00:00,       1.034
10/04/2020 00:00,       1.033
11/04/2020 00:00,       1.033
12/04/2020 00:00,       1.032
13/04/2020 00:00,       1.032
14/04/2020 00:00,       1.030
15/04/2020 00:00,       1.030
16/04/2020 00:00,       1.031
17/04/2020 00:00,       1.031
18/04/2020 00:00,       1.033
19/04/2020 00:00,       1.037
20/04/2020 00:00,       1.034
21/04/2020 00:00,       1.032
22/04/2020 00:00,       1.031
23/04/2020 00:00,       1.033
24/04/2020 00:00,       1.034
25/04/2020 00:00,       1.035
26/04/2020 00:00,       1.048
27/04/2020 00:00,       1.038
28/04/2020 00:00,       1.036
29/04/2020 00:00,       1.043
30/04/2020 00:00,       1.068
01/05/2020 00:00,       1.056
02/05/2020 00:00,       1.051
03/05/2020 00:00,       1.063
04/05/2020 00:00,       1.064
05/05/2020 00:00,       1.060
06/05/2020 00:00,       1.054
07/05/2020 00:00,       1.046
08/05/2020 00:00,       1.045
09/05/2020 00:00,       1.058
10/05/2020 00:00,       1.077
11/05/2020 00:00,       1.134
12/05/2020 00:00,       1.107
13/05/2020 00:00,       1.096
14/05/2020 00:00,       1.090
15/05/2020 00:00,       1.086
16/05/2020 00:00,       1.087
17/05/2020 00:00,       1.083
18/05/2020 00:00,       1.079
19/05/2020 00:00,       1.075
20/05/2020 00:00,       1.081
21/05/2020 00:00,       1.110
22/05/2020 00:00,       1.149
23/05/2020 00:00,       1.143
24/05/2020 00:00,       1.141
25/05/2020 00:00,       1.154
26/05/2020 00:00,       1.132
27/05/2020 00:00,       1.118
28/05/2020 00:00,       1.110
29/05/2020 00:00,       1.103
30/05/2020 00:00,       1.103
31/05/2020 00:00,       1.117
01/06/2020 00:00,       1.308
02/06/2020 00:00,       1.299
03/06/2020 00:00,       1.195
04/06/2020 00:00,       1.163
05/06/2020 00:00,       1.145
06/06/2020 00:00,       1.134
07/06/2020 00:00,       1.129
08/06/2020 00:00,       1.128
09/06/2020 00:00,       1.126
10/06/2020 00:00,       1.126
11/06/2020 00:00,       1.119
12/06/2020 00:00,       1.115
13/06/2020 00:00,       1.112
14/06/2020 00:00,       1.127
15/06/2020 00:00,       1.205
16/06/2020 00:00,       1.364
17/06/2020 00:00,       1.304
18/06/2020 00:00,       1.229
19/06/2020 00:00,       1.189
20/06/2020 00:00,       1.218
21/06/2020 00:00,       1.927
22/06/2020 00:00,       1.704
23/06/2020 00:00,       1.627
24/06/2020 00:00,       1.488
25/06/2020 00:00,       1.366
26/06/2020 00:00,       1.299
27/06/2020 00:00,       1.257
28/06/2020 00:00,       1.234
29/06/2020 00:00,       1.214
30/06/2020 00:00,       1.202
01/07/2020 00:00,       1.193
02/07/2020 00:00,       1.295
03/07/2020 00:00,       1.578
04/07/2020 00:00,       1.506
05/07/2020 00:00,       1.333
06/07/2020 00:00,       1.279
07/07/2020 00:00,       1.247
08/07/2020 00:00,       1.226
09/07/2020 00:00,       1.212
10/07/2020 00:00,       1.201
11/07/2020 00:00,       1.201
12/07/2020 00:00,       1.432
13/07/2020 00:00,       1.363
14/07/2020 00:00,       1.283
15/07/2020 00:00,       1.243
16/07/2020 00:00,       1.224
17/07/2020 00:00,       1.209
18/07/2020 00:00,       1.197
19/07/2020 00:00,       1.188
20/07/2020 00:00,       1.200
21/07/2020 00:00,       1.200
22/07/2020 00:00,       1.192
23/07/2020 00:00,       1.193
24/07/2020 00:00,       1.190
25/07/2020 00:00,       1.183
26/07/2020 00:00,       1.176
27/07/2020 00:00,       1.174
28/07/2020 00:00,       1.175
29/07/2020 00:00,       1.177
30/07/2020 00:00,       1.175
31/07/2020 00:00,       1.172
01/08/2020 00:00,       1.170
02/08/2020 00:00,       1.161
03/08/2020 00:00,       1.152
04/08/2020 00:00,       1.147
05/08/2020 00:00,       1.148
06/08/2020 00:00,       1.151
07/08/2020 00:00,       1.150
08/08/2020 00:00,       1.296
09/08/2020 00:00,       1.560
10/08/2020 00:00,       1.358
11/08/2020 00:00,       1.280
12/08/2020 00:00,       1.648
13/08/2020 00:00,       1.481
14/08/2020 00:00,       1.357
15/08/2020 00:00,       1.322
16/08/2020 00:00,       1.327
17/08/2020 00:00,       1.294
18/08/2020 00:00,       1.298
19/08/2020 00:00,       1.887
20/08/2020 00:00,       1.635
21/08/2020 00:00,       1.465
22/08/2020 00:00,       1.469
23/08/2020 00:00,       1.510
24/08/2020 00:00,       1.376
25/08/2020 00:00,       1.315
26/08/2020 00:00,       1.281
27/08/2020 00:00,       1.255
28/08/2020 00:00,       1.237
29/08/2020 00:00,       1.226
30/08/2020 00:00,       1.214
31/08/2020 00:00,       1.203
01/09/2020 00:00,       1.205
02/09/2020 00:00,       1.199
03/09/2020 00:00,       1.189
04/09/2020 00:00,       1.177
05/09/2020 00:00,       1.177
06/09/2020 00:00,       1.193
07/09/2020 00:00,       1.183
08/09/2020 00:00,       1.168
09/09/2020 00:00,       1.157
10/09/2020 00:00,       1.150
11/09/2020 00:00,       1.149
12/09/2020 00:00,       1.151
13/09/2020 00:00,       1.190
14/09/2020 00:00,       1.234
15/09/2020 00:00,       1.188
16/09/2020 00:00,       1.174
17/09/2020 00:00,       1.167
18/09/2020 00:00,       1.166
19/09/2020 00:00,       1.174
20/09/2020 00:00,       1.168
21/09/2020 00:00,       1.155
22/09/2020 00:00,       1.160
23/09/2020 00:00,       1.206
24/09/2020 00:00,       1.216
25/09/2020 00:00,       1.279
26/09/2020 00:00,       1.385
27/09/2020 00:00,       1.325
28/09/2020 00:00,       1.236
29/09/2020 00:00,       1.206
30/09/2020 00:00,       1.220
01/10/2020 00:00,       1.356
02/10/2020 00:00,       1.265
03/10/2020 00:00,       1.205
04/10/2020 00:00,       1.202
05/10/2020 00:00,       2.138
06/10/2020 00:00,       1.628
07/10/2020 00:00,       1.439
08/10/2020 00:00,""
09/10/2020 00:00,""
10/10/2020 00:00,""
11/10/2020 00:00,""
12/10/2020 00:00,""
13/10/2020 00:00,""
14/10/2020 00:00,""
15/10/2020 00:00,""
16/10/2020 00:00,""
17/10/2020 00:00,""
18/10/2020 00:00,""
19/10/2020 00:00,""
20/10/2020 00:00,""
21/10/2020 00:00,""
22/10/2020 00:00,""
23/10/2020 00:00,""
24/10/2020 00:00,""
25/10/2020 00:00,""
26/10/2020 00:00,""
27/10/2020 00:00,""
28/10/2020 00:00,""
29/10/2020 00:00,""
30/10/2020 00:00,""
31/10/2020 00:00,""
01/11/2020 00:00,""
02/11/2020 00:00,""
03/11/2020 00:00,""
04/11/2020 00:00,""
05/11/2020 00:00,""
06/11/2020 00:00,""
07/11/2020 00:00,""
08/11/2020 00:00,""
09/11/2020 00:00,""
10/11/2020 00:00,""
11/11/2020 00:00,""
12/11/2020 00:00,""
13/11/2020 00:00,""
14/11/2020 00:00,""
15/11/2020 00:00,""
16/11/2020 00:00,""
17/11/2020 00:00,""
18/11/2020 00:00,""
19/11/2020 00:00,""
20/11/2020 00:00,""
21/11/2020 00:00,""
22/11/2020 00:00,""
23/11/2020 00:00,""
24/11/2020 00:00,""
25/11/2020 00:00,""
26/11/2020 00:00,""
27/11/2020 00:00,""
28/11/2020 00:00,""
29/11/2020 00:00,""
30/11/2020 00:00,""
01/12/2020 00:00,""
02/12/2020 00:00,""
03/12/2020 00:00,""
04/12/2020 00:00,""
05/12/2020 00:00,""
06/12/2020 00:00,""
07/12/2020 00:00,""
08/12/2020 00:00,""
09/12/2020 00:00,""
10/12/2020 00:00,""
11/12/2020 00:00,""
12/12/2020 00:00,""
13/12/2020 00:00,""
14/12/2020 00:00,""
15/12/2020 00:00,""
16/12/2020 00:00,""
17/12/2020 00:00,""
18/12/2020 00:00,""
19/12/2020 00:00,""
20/12/2020 00:00,""
21/12/2020 00:00,""
22/12/2020 00:00,""
23/12/2020 00:00,""
24/12/2020 00:00,""
25/12/2020 00:00,""
26/12/2020 00:00,""
27/12/2020 00:00,""
28/12/2020 00:00,""
29/12/2020 00:00,""
30/12/2020 00:00,""
31/12/2020 00:00,""
01/01/2021 00:00,""
02/01/2021 00:00,""
03/01/2021 00:00,""
04/01/2021 00:00,""
05/01/2021 00:00,""
06/01/2021 00:00,""
07/01/2021 00:00,""
08/01/2021 00:00,""
09/01/2021 00:00,""
10/01/2021 00:00,""
11/01/2021 00:00,""
