models/HCHB/coorongtfvoperations/modelling/TFV/structure/dem_flow/zb_no_flow_002.asc
ncols         317
nrows         326
xllcorner     306235.69
yllcorner     6060815.6
cellsize      9.9790167000001
NODATA_value  -9999
[rows 297 to 323 of 326, columns 124 to 185 of 317]
-9999 -9999 -9999 -9999 -9999 -10 -10 -9.973739 -9.899715 -9.826847 -9.753504 -9.682039 -9.611939 -9.543122 -9.47549 -9.408963 -9.343532 -9.276761 -9.210108 -9.146805 -9.085848 -9.023197 -8.965324 -8.907774 -8.850461 -8.793343 -8.736405 -8.678242 -8.620788 -8.564034 -8.508614 -8.455129 -8.40228 -8.350129 -8.297663 -8.244526 -8.191986 -8.142537 -8.097189 -8.057935 -8.020111 -7.983325 -7.944198 -7.908 -7.872115 -7.836905 -7.802022 -7.767448 -7.73317 -7.699073 -7.665264 -7.632542 -7.599905 -7.568042 -7.536213 -7.504416 -7.472003 -7.457122 -7.444641 -7.428661 -7.414229 -7.398821
-9999 -9999 -9999 -9999 -9999 -9999 -9999 -10 -10 -9.929651 -9.857124 -9.785697 -9.715419 -9.64646 -9.575625 -9.508508 -9.442416 -9.377248 -9.31291 -9.249508 -9.185752 -9.127171 -9.068848 -9.009987 -8.949722 -8.890385 -8.833281 -8.776835 -8.721103 -8.66604 -8.610849 -8.554825 -8.499487 -8.444799 -8.390943 -8.339523 -8.290587 -8.241161 -8.199809 -8.16033 -8.121624 -8.081963 -8.046219 -8.010154 -7.974274 -7.938618 -7.903282 -7.868259 -7.833481 -7.798741 -7.764054 -7.730349 -7.698482 -7.666656 -7.634863 -7.603106 -7.574166 -7.556668 -7.544363 -7.528107 -7.513653 -7.498021
-9999 -9999 -9999 -9999 -9999 -9999 -9999 -9999 -9999 -10 -9.959144 -9.886943 -9.816148 -9.746558 -9.678145 -9.610831 -9.544492 -9.477788 -9.410438 -9.348715 -9.286381 -9.227537 -9.169037 -9.110315 -9.05165 -8.993567 -8.935399 -8.876409 -8.818131 -8.760769 -8.70579 -8.651465 -8.59784 -8.544702 -8.491265 -8.437279 -8.387058 -8.341317 -8.301486 -8.262961 -8.224913 -8.182038 -8.14506 -8.107936 -8.072393 -8.037188 -8.002301 -7.967723 -7.933333 -7.89841 -7.863279 -7.829185 -7.797201 -7.765249 -7.733332 -7.701292 -7.676365 -7.658185 -7.644637 -7.628278 -7.613214 -7.597604
-9999 -9999 -9999 -9999 -9999 -9999 -9999 -9999 -9999 -9999 -10 -9.988444 -9.917528 -9.847779 -9.777688 -9.709717 -9.64269 -9.576545 -9.512374 -9.448937 -9.389384 -9.33032 -9.271518 -9.209949 -9.148692 -9.090021 -9.032035 -8.974771 -8.918193 -8.862281 -8.805923 -8.749117 -8.692951 -8.637378 -8.584357 -8.535111 -8.485185 -8.442285 -8.401716 -8.36199 -8.323853 -8.285085 -8.247325 -8.210056 -8.173336 -8.136953 -8.100895 -8.065136 -8.029578 -7.994037 -7.960725 -7.928043 -7.896008 -7.864003 -7.832035 -7.799477 -7.778564 -7.759849 -7.745098 -7.728821 -7.713198 -7.698028
-9999 -9999 -9999 -9999 -9999 -9999 -9999 -9999 -9999 -9999 -9999 -9999 -10 -9.947324 -9.878132 -9.809933 -9.74265 -9.675874 -9.611582 -9.549564 -9.48975 -9.430301 -9.37017 -9.309959 -9.250308 -9.191361 -9.132033 -9.072228 -9.013134 -8.956451 -8.900646 -8.84555 -8.790982 -8.737211 -8.68257 -8.631579 -8.585446 -8.545019 -8.504926 -8.46517 -8.42249 -8.385207 -8.347726 -8.311107 -8.274837 -8.238213 -8.201706 -8.165447 -8.129248 -8.093196 -8.058663 -8.026573 -7.994574 -7.962607 -7.930676 -7.897714 -7.879737 -7.861515 -7.84556 -7.829364 -7.813181 -7.79845
-9999 -9999 -9999 -9999 -9999 -9999 -9999 -9999 -9999 -9999 -9999 -9999 -9999 -10 -9.977017 -9.908131 -9.840179 -9.775241 -9.712119 -9.651597 -9.591583 -9.531986 -9.470175 -9.407183 -9.346762 -9.287233 -9.228438 -9.170347 -9.112942 -9.056215 -8.998747 -8.941106 -8.884116 -8.829191 -8.779631 -8.729207 -8.685465 -8.644691 -8.60484 -8.565741 -8.522925 -8.484384 -8.445839 -8.40845 -8.371743 -8.335364 -8.299308 -8.263473 -8.227577 -8.192138 -8.157324 -8.125164 -8.093041 -8.060948 -8.028859 -7.996037 -7.978224 -7.963181 -7.946019 -7.929907 -7.913167 -7.898871
-9999 -9999 -9999 -9999 -9999 -9999 -9999 -9999 -9999 -9999 -9999 -9999 -9999 -9999 -9999 -10 -9.938901 -9.874674 -9.812859 -9.751964 -9.691564 -9.630023 -9.568264 -9.507049 -9.446558 -9.386807 -9.326325 -9.265722 -9.20711 -9.149829 -9.093263 -9.037264 -8.982045 -8.927682 -8.876101 -8.82953 -8.787495 -8.746312 -8.705427 -8.66438 -8.625972 -8.586651 -8.547998 -8.509769 -8.471886 -8.43434 -8.397102 -8.360083 -8.323111 -8.288907 -8.256184 -8.223971 -8.191793 -8.15965 -8.127045 -8.097805 -8.07765 -8.063152 -8.045615 -8.029527 -8.012531 -7.99851
-9999 -9999 -9999 -9999 -9999 -9999 -9999 -9999 -9999 -9999 -9999 -9999 -9999 -9999 -9999 -9999 -9999 -9.975302 -9.91381 -9.852846 -9.791841 -9.729529 -9.665903 -9.603502 -9.542432 -9.482106 -9.422504 -9.363602 -9.305398 -9.247912 -9.18926 -9.130856 -9.074025 -9.024152 -8.973229 -8.929593 -8.888243 -8.847691 -8.80763 -8.763018 -8.724194 -8.685298 -8.647165 -8.609389 -8.571951 -8.534844 -8.497414 -8.459752 -8.422338 -8.386979 -8.354665 -8.32249 -8.29035 -8.258244 -8.225229 -8.200004 -8.177308 -8.162434 -8.14465 -8.12825 -8.110984 -8.096425
-9999 -9999 -9999 -9999 -9999 -9999 -9999 -9999 -9999 -9999 -9999 -9999 -9999 -9999 -9999 -9999 -9999 -9999 -10 -9.952827 -9.889877 -9.826571 -9.763789 -9.701755 -9.640476 -9.579925 -9.518311 -9.457771 -9.399012 -9.340973 -9.283545 -9.226879 -9.172203 -9.120623 -9.073552 -9.02997 -8.987897 -8.946719 -8.906269 -8.863813 -8.823711 -8.78378 -8.744508 -8.706297 -8.668428 -8.630892 -8.593611 -8.556351 -8.52032 -8.485463 -8.453129 -8.42083 -8.388587 -8.356428 -8.323422 -8.302203 -8.278389 -8.262455 -8.244499 -8.227544 -8.210155 -8.195021
-9999 -9999 -9999 -9999 -9999 -9999 -9999 -9999 -9999 -9999 -9999 -9999 -9999 -9999 -9999 -9999 -9999 -9999 -9999 -9999 -9.987837 -9.924076 -9.860243 -9.797631 -9.735774 -9.674657 -9.614263 -9.554581 -9.495624 -9.437302 -9.377595 -9.318859 -9.268673 -9.217252 -9.173722 -9.131794 -9.09054 -9.048974 -9.004907 -8.964992 -8.925088 -8.88588 -8.846202 -8.806818 -8.767785 -8.729069 -8.690588 -8.652253 -8.61709 -8.584322 -8.551936 -8.519584 -8.487267 -8.454613 -8.421746 -8.400841 -8.380055 -8.362915 -8.345042 -8.327528 -8.310577 -8.295323
-9999 -9999 -9999 -9999 -9999 -9999 -9999 -9999 -9999 -9999 -9999 -9999 -9999 -9999 -9999 -9999 -9999 -9999 -9999 -9999 -9999 -10 -9.956956 -9.894144 -9.832081 -9.770754 -9.708431 -9.648195 -9.588684 -9.529825 -9.471713 -9.416724 -9.365144 -9.317576 -9.27374 -9.231448 -9.189569 -9.148159 -9.103544 -9.063184 -9.02287 -8.983223 -8.943943 -8.905013 -8.866429 -8.82812 -8.789891 -8.751478 -8.715295 -8.682755 -8.650407 -8.618093 -8.585812 -8.552798 -8.520071 -8.499326 -8.481721 -8.463376 -8.445585 -8.427512 -8.411 -8.395626
-9999 -9999 -9999 -9999 -9999 -9999 -9999 -9999 -9999 -9999 -9999 -9999 -9999 -9999 -9999 -9999 -9999 -9999 -9999 -9999 -9999 -9999 -9999 -9.989443 -9.926812 -9.864923 -9.803764 -9.743334 -9.683582 -9.624333 -9.563767 -9.513195 -9.461614 -9.417849 -9.375179 -9.332295 -9.289231 -9.246797 -9.2047 -9.163038 -9.121722 -9.080919 -9.040851 -9.001489 -8.962477 -8.923749 -8.885124 -8.848503 -8.8136 -8.781097 -8.748696 -8.71633 -8.683997 -8.650983 -8.621442 -8.598633 -8.581945 -8.563123 -8.545401 -8.527043 -8.51092 -8.49557
-9999 -9999 -9999 -9999 -9999 -9999 -9999 -9999 -9999 -9999 -9999 -9999 -9999 -9999 -9999 -9999 -9999 -9999 -9999 -9999 -9999 -9999 -9999 -9999 -9999 -9.959129 -9.897378 -9.836395 -9.776106 -9.716548 -9.661246 -9.609665 -9.561597 -9.517869 -9.474999 -9.432419 -9.390049 -9.345434 -9.30398 -9.26266 -9.221938 -9.181589 -9.141601 -9.10123 -9.061035 -9.021093 -8.981395 -8.9454 -8.912461 -8.879901 -8.847374 -8.814883 -8.782182 -8.749167 -8.723641 -8.698291 -8.681225 -8.662159 -8.644124 -8.625496 -8.608835 -8.592657
-9999 -9999 -9999 -9999 -9999 -9999 -9999 -9999 -9999 -9999 -9999 -9999 -9999 -9999 -9999 -9999 -9999 -9999 -9999 -9999 -9999 -9999 -9999 -9999 -9999 -9999 -9.991045 -9.929863 -9.869402 -9.80906 -9.757716 -9.706136 -9.66192 -9.617886 -9.574654 -9.531448 -9.488687 -9.444072 -9.402172 -9.360442 -9.319281 -9.278497 -9.238076 -9.198014 -9.158258 -9.118665 -9.079916 -9.043611 -9.010847 -8.978323 -8.945835 -8.913381 -8.880367 -8.847456 -8.823457 -8.797949 -8.780506 -8.761194 -8.742847 -8.723947 -8.706751 -8.689745
-9999 -9999 -9999 -9999 -9999 -9999 -9999 -9999 -9999 -9999 -9999 -9999 -9999 -9999 -9999 -9999 -9999 -9999 -9999 -9999 -9999 -9999 -9999 -9999 -9999 -9999 -9999 -9999 -9.961382 -9.905767 -9.854186 -9.805619 -9.761997 -9.718551 -9.675269 -9.631938 -9.587324 -9.544776 -9.502364 -9.459663 -9.417353 -9.375422 -9.334551 -9.294061 -9.253887 -9.213898 -9.176685 -9.141821 -9.109188 -9.076612 -9.044072 -9.011566 -8.978552 -8.945781 -8.921943 -8.898595 -8.880272 -8.860721 -8.841874 -8.822705 -8.804847 -8.786844
-9999 -9999 -9999 -9999 -9999 -9999 -9999 -9999 -9999 -9999 -9999 -9999 -9999 -9999 -9999 -9999 -9999 -9999 -9999 -9999 -9999 -9999 -9999 -9999 -9999 -9999 -9999 -9999 -9999 -10 -9.950657 -9.905942 -9.862016 -9.818205 -9.774298 -9.730576 -9.685962 -9.642968 -9.600232 -9.557997 -9.516143 -9.474663 -9.433551 -9.392769 -9.351599 -9.310535 -9.273716 -9.240597 -9.207865 -9.175165 -9.142499 -9.109751 -9.076736 -9.044106 -9.020428 -9.00026 -8.980733 -8.961264 -8.941857 -8.923128 -8.905149 -8.88657
-9999 -9999 -9999 -9999 -9999 -9999 -9999 -9999 -9999 -9999 -9999 -9999 -9999 -9999 -9999 -9999 -9999 -9999 -9999 -9999 -9999 -9999 -9999 -9999 -9999 -9999 -9999 -9999 -9999 -9999 -9999 -9999 -9.962102 -9.918119 -9.873327 -9.829213 -9.784599 -9.74116 -9.698014 -9.655339 -9.61305 -9.571138 -9.529598 -9.488397 -9.447437 -9.408098 -9.371926 -9.338938 -9.30624 -9.273578 -9.24095 -9.207935 -9.174922 -9.14508 -9.119616 -9.100735 -9.08063 -9.061274 -9.041555 -9.02333 -9.005452 -8.986296
-9999 -9999 -9999 -9999 -9999 -9999 -9999 -9999 -9999 -9999 -9999 -9999 -9999 -9999 -9999 -9999 -9999 -9999 -9999 -9999 -9999 -9999 -9999 -9999 -9999 -9999 -9999 -9999 -9999 -9999 -9999 -9999 -9999 -9999 -9.972467 -9.927851 -9.883764 -9.840023 -9.796711 -9.753785 -9.710354 -9.667614 -9.625646 -9.584025 -9.54267 -9.50487 -9.470137 -9.43728 -9.40453 -9.371815 -9.339134 -9.306121 -9.273166 -9.246074 -9.219274 -9.200016 -9.179668 -9.159998 -9.140008 -9.121244 -9.102559 -9.083159
-9999 -9999 -9999 -9999 -9999 -9999 -9999 -9999 -9999 -9999 -9999 -9999 -9999 -9999 -9999 -9999 -9999 -9999 -9999 -9999 -9999 -9999 -9999 -9999 -9999 -9999 -9999 -9999 -9999 -9999 -9999 -9999 -9999 -9999 -9999 -9999 -9.981955 -9.937804 -9.894054 -9.850697 -9.807725 -9.765136 -9.722907 -9.680978 -9.639511 -9.602032 -9.568687 -9.53583 -9.502955 -9.470116 -9.43732 -9.404305 -9.371489 -9.344559 -9.318932 -9.299297 -9.278703 -9.258721 -9.238461 -9.21916 -9.199646 -9.179714
-9999 -9999 -9999 -9999 -9999 -9999 -9999 -9999 -9999 -9999 -9999 -9999 -9999 -9999 -9999 -9999 -9999 -9999 -9999 -9999 -9999 -9999 -9999 -9999 -9999 -9999 -9999 -9999 -9999 -9999 -9999 -9999 -9999 -9999 -9999 -9999 -9999 -9999 -9.991397 -9.947603 -9.904201 -9.861183 -9.818535 -9.776211 -9.736281 -9.700242 -9.667029 -9.634157 -9.60132 -9.568518 -9.535504 -9.50249 -9.469815 -9.443045 -9.41859 -9.39858 -9.377738 -9.357445 -9.336913 -9.317076 -9.296734 -9.276268
-9999 -9999 -9999 -9999 -9999 -9999 -9999 -9999 -9999 -9999 -9999 -9999 -9999 -9999 -9999 -9999 -9999 -9999 -9999 -9999 -9999 -9999 -9999 -9999 -9999 -9999 -9999 -9999 -9999 -9999 -9999 -9999 -9999 -9999 -9999 -9999 -9999 -9999 -9999 -9999 -10 -9.957231 -9.914164 -9.871444 -9.833051 -9.798452 -9.76537 -9.732447 -9.699557 -9.666703 -9.633689 -9.600676 -9.568139 -9.54153 -9.518801 -9.49809 -9.476941 -9.456203 -9.435365 -9.414991 -9.393822 -9.372823
-9999 -9999 -9999 -9999 -9999 -9999 -9999 -9999 -9999 -9999 -9999 -9999 -9999 -9999 -9999 -9999 -9999 -9999 -9999 -9999 -9999 -9999 -9999 -9999 -9999 -9999 -9999 -9999 -9999 -9999 -9999 -9999 -9999 -9999 -9999 -9999 -9999 -9999 -9999 -9999 -9999 -9999 -9999 -9.967694 -9.930347 -9.896779 -9.863785 -9.830746 -9.797794 -9.764888 -9.731874 -9.698875 -9.668691 -9.640598 -9.619526 -9.598139 -9.577149 -9.556068 -9.53568 -9.514975 -9.493009 -9.470604
-9999 -9999 -9999 -9999 -9999 -9999 -9999 -9999 -9999 -9999 -9999 -9999 -9999 -9999 -9999 -9999 -9999 -9999 -9999 -9999 -9999 -9999 -9999 -9999 -9999 -9999 -9999 -9999 -9999 -9999 -9999 -9999 -9999 -9999 -9999 -9999 -9999 -9999 -9999 -9999 -9999 -9999 -9999 -9999 -9999 -9.99512 -9.962074 -9.929063 -9.896087 -9.863073 -9.830059 -9.7972 -9.767176 -9.740256 -9.718807 -9.697174 -9.675873 -9.654519 -9.633655 -9.61246 -9.59026 -9.56885
-9999 -9999 -9999 -9999 -9999 -9999 -9999 -9999 -9999 -9999 -9999 -9999 -9999 -9999 -9999 -9999 -9999 -9999 -9999 -9999 -9999 -9999 -9999 -9999 -9999 -9999 -9999 -9999 -9999 -9999 -9999 -9999 -9999 -9999 -9999 -9999 -9999 -9999 -9999 -9999 -9999 -9999 -9999 -9999 -9999 -9999 -9999 -9999 -9.994272 -9.961258 -9.928244 -9.895525 -9.865661 -9.839914 -9.818089 -9.79621 -9.774595 -9.752972 -9.73157 -9.709547 -9.686814 -9.664864
-9999 -9999 -9999 -9999 -9999 -9999 -9999 -9999 -9999 -9999 -9999 -9999 -9999 -9999 -9999 -9999 -9999 -9999 -9999 -9999 -9999 -9999 -9999 -9999 -9999 -9999 -9999 -9999 -9999 -9999 -9999 -9999 -9999 -9999 -9999 -9999 -9999 -9999 -9999 -9999 -9999 -9999 -9999 -9999 -9999 -9999 -9999 -9999 -9999 -9999 -9999 -9.993849 -9.964147 -9.939572 -9.917371 -9.895248 -9.873319 -9.851424 -9.829486 -9.806635 -9.783368 -9.760738
-9999 -9999 -9999 -9999 -9999 -9999 -9999 -9999 -9999 -9999 -9999 -9999 -9999 -9999 -9999 -9999 -9999 -9999 -9999 -9999 -9999 -9999 -9999 -9999 -9999 -9999 -9999 -9999 -9999 -9999 -9999 -9999 -9999 -9999 -9999 -9999 -9999 -9999 -9999 -9999 -9999 -9999 -9999 -9999 -9999 -9999 -9999 -9999 -9999 -9999 -9999 -9999 -9999 -9999 -9999 -9.994282 -9.972042 -9.949877 -9.927402 -9.903723 -9.879923 -9.856613
-9999 -9999 -9999 -9999 -9999 -9999 -9999 -9999 -9999 -9999 -9999 -9999 -9999 -9999 -9999 -9999 -9999 -9999 -9999 -9999 -9999 -9999 -9999 -9999 -9999 -9999 -9999 -9999 -9999 -9999 -9999 -9999 -9999 -9999 -9999 -9999 -9999 -9999 -9999 -9999 -9999 -9999 -9999 -9999 -9999 -9999 -9999 -9999 -9999 -9999 -9999 -9999 -9999 -9999 -9999 -9999 -9999 -9999 -9999 -10 -9.976477 -9.952489
