models/HCHB/coorongtfvoperations/modelling/TFV/structure/dem_flow/zb_no_flow_002.asc
ncols         317
nrows         326
xllcorner     306235.69
yllcorner     6060815.6
cellsize      9.9790167000001
NODATA_value  -9999
[rows 135 to 161 of 326, columns 62 to 123 of 317]
-4.230702 -4.208735 -4.186861 -4.165072 -4.143376 -4.121768 -4.100248 -4.078935 -4.057588 -4.037036 -4.016788 -3.997297 -3.980192 -3.962924 -3.945492 -3.927887 -3.910326 -3.892684 -3.87466 -3.856452 -3.838064 -3.818249 -3.797883 -3.776992 -3.755827 -3.729929 -3.703651 -3.677191 -3.645072 -3.614424 -3.580854 -3.547723 -3.513971 -3.482902 -3.455091 -3.428577 -3.403271 -3.376425 -3.351204 -3.329975 -3.309463 -3.290092 -3.27159 -3.253898 -3.24592 -3.237493 -3.229064 -3.220637 -3.212208 -3.203781 -3.195352 -3.186925 -3.178496 -3.170069 -3.16164 -3.153212 -3.144784 -3.136356 -3.127927 -3.1195 -3.111071 -3.097788
-4.275628 -4.253654 -4.231938 -4.210286 -4.188498 -4.166797 -4.145185 -4.12366 -4.102435 -4.081673 -4.061284 -4.041368 -4.02149 -4.001791 -3.984325 -3.966912 -3.949328 -3.931573 -3.913642 -3.895537 -3.877003 -3.858162 -3.838649 -3.818058 -3.792984 -3.768247 -3.742946 -3.712095 -3.683039 -3.649469 -3.616967 -3.583682 -3.549667 -3.515619 -3.484909 -3.45832 -3.431417 -3.405127 -3.38276 -3.358191 -3.337517 -3.317788 -3.298941 -3.285553 -3.277126 -3.268697 -3.26027 -3.251841 -3.243414 -3.234985 -3.226558 -3.218131 -3.209702 -3.201275 -3.192846 -3.184419 -3.17599 -3.167562 -3.159134 -3.150707 -3.142278 -3.133851
-4.321027 -4.29892 -4.276903 -4.254974 -4.23314 -4.211391 -4.189919 -4.168504 -4.14761 -4.126598 -4.105896 -4.085483 -4.065346 -4.045485 -4.02588 -4.006599 -3.988541 -3.970977 -3.953241 -3.93533 -3.91667 -3.897525 -3.877841 -3.85727 -3.832595 -3.807368 -3.779278 -3.751653 -3.718083 -3.686215 -3.652981 -3.61956 -3.586166 -3.551441 -3.517065 -3.486436 -3.459583 -3.434012 -3.410976 -3.386409 -3.365072 -3.344712 -3.325265 -3.31676 -3.308332 -3.299904 -3.291475 -3.283048 -3.27462 -3.266191 -3.257764 -3.249335 -3.240908 -3.232479 -3.224052 -3.215625 -3.207196 -3.198769 -3.19034 -3.181913 -3.173484 -3.165057
-4.365781 -4.343835 -4.321978 -4.300097 -4.278165 -4.256328 -4.234576 -4.213006 -4.191484 -4.170333 -4.14988 -4.129786 -4.109347 -4.089188 -4.069276 -4.049995 -4.030714 -4.011295 -3.992803 -3.974835 -3.956936 -3.93829 -3.918905 -3.895565 -3.870981 -3.846123 -3.817788 -3.786697 -3.755182 -3.72228 -3.68945 -3.656714 -3.621705 -3.587327 -3.552646 -3.518517 -3.488051 -3.463761 -3.439192 -3.416622 -3.395084 -3.374509 -3.356395 -3.347966 -3.339539 -3.33111 -3.322683 -3.314254 -3.305827 -3.297398 -3.28897 -3.280544 -3.272115 -3.263686 -3.255259 -3.246832 -3.238403 -3.229975 -3.221547 -3.213119 -3.204691 -3.196263
-4.410978 -4.388731 -4.366573 -4.344509 -4.322583 -4.300902 -4.279273 -4.258183 -4.23641 -4.214946 -4.193779 -4.172903 -4.152308 -4.131952 -4.112669 -4.09339 -4.07411 -4.054171 -4.034707 -4.015695 -3.997169 -3.978688 -3.958534 -3.935259 -3.911082 -3.883621 -3.855311 -3.823843 -3.791579 -3.759341 -3.727262 -3.692203 -3.65759 -3.622505 -3.588378 -3.553429 -3.521502 -3.491976 -3.467409 -3.444178 -3.42201 -3.400833 -3.387601 -3.379172 -3.370745 -3.362316 -3.353889 -3.34546 -3.337033 -3.328604 -3.320177 -3.311748 -3.303321 -3.294894 -3.286465 -3.278036 -3.269609 -3.261182 -3.252753 -3.244326 -3.235897 -3.227469
-4.455731 -4.433647 -4.411651 -4.389536 -4.36747 -4.345493 -4.323579 -4.301293 -4.27938 -4.258393 -4.237761 -4.216904 -4.196012 -4.175345 -4.156065 -4.136784 -4.116096 -4.095898 -4.076172 -4.056901 -4.038514 -4.017881 -3.99823 -3.974697 -3.949455 -3.923923 -3.892503 -3.860878 -3.829232 -3.797743 -3.762723 -3.727854 -3.692364 -3.658239 -3.622023 -3.590096 -3.556867 -3.524905 -3.495625 -3.471734 -3.448936 -3.427157 -3.418806 -3.410378 -3.401952 -3.393523 -3.385096 -3.376667 -3.368239 -3.359811 -3.351383 -3.342956 -3.334527 -3.326098 -3.317671 -3.309244 -3.300815 -3.292386 -3.283959 -3.275532 -3.267103 -3.258676
-4.500558 -4.478175 -4.455881 -4.433794 -4.411889 -4.38997 -4.36869 -4.346219 -4.323996 -4.302076 -4.280457 -4.259133 -4.238022 -4.218741 -4.19946 -4.178022 -4.157545 -4.138266 -4.118043 -4.098289 -4.077897 -4.057381 -4.036208 -4.013985 -3.990504 -3.961164 -3.930177 -3.899124 -3.867692 -3.833246 -3.798115 -3.762223 -3.7281 -3.690619 -3.657423 -3.623926 -3.59001 -3.559412 -3.528507 -3.499306 -3.476401 -3.458441 -3.450014 -3.441585 -3.433156 -3.424729 -3.416302 -3.407873 -3.399446 -3.391017 -3.38259 -3.374161 -3.365733 -3.357306 -3.348877 -3.340451 -3.332021 -3.323595 -3.315166 -3.306739 -3.29831 -3.289882
-4.545312 -4.523088 -4.500908 -4.478613 -4.456409 -4.434153 -4.411105 -4.388586 -4.366909 -4.345527 -4.324439 -4.302835 -4.281417 -4.262136 -4.242786 -4.220898 -4.19946 -4.178523 -4.15807 -4.13791 -4.117393 -4.096879 -4.074108 -4.049926 -4.025006 -3.999476 -3.968848 -3.937641 -3.903765 -3.868361 -3.832083 -3.797958 -3.759212 -3.724298 -3.690984 -3.655113 -3.622156 -3.591622 -3.560393 -3.531891 -3.503387 -3.489647 -3.481219 -3.47266 -3.463419 -3.454179 -3.444939 -3.435699 -3.426461 -3.41722 -3.40798 -3.39874 -3.389501 -3.380261 -3.371021 -3.361781 -3.352543 -3.3433 -3.33406 -3.324822 -3.317326 -3.312688
-4.589774 -4.567249 -4.545004 -4.522871 -4.500669 -4.478727 -4.45603 -4.433043 -4.410373 -4.388012 -4.365959 -4.344091 -4.324811 -4.305532 -4.282822 -4.260651 -4.238997 -4.219409 -4.199457 -4.17741 -4.156892 -4.134229 -4.110766 -4.085846 -4.060377 -4.033489 -4.004831 -3.974288 -3.938585 -3.902189 -3.866379 -3.827806 -3.791174 -3.757359 -3.720216 -3.6849 -3.654737 -3.62163 -3.593128 -3.564625 -3.534939 -3.507237 -3.497805 -3.488565 -3.479326 -3.470084 -3.460846 -3.451606 -3.442366 -3.433125 -3.423887 -3.414647 -3.405407 -3.396166 -3.386928 -3.377688 -3.36906 -3.362419 -3.356623 -3.353136 -3.355892 -3.389057
-4.634527 -4.612164 -4.589756 -4.567327 -4.544724 -4.520916 -4.497858 -4.47542 -4.453292 -4.431468 -4.40966 -4.387487 -4.368206 -4.345397 -4.324139 -4.30302 -4.280871 -4.259235 -4.237422 -4.216908 -4.194348 -4.171606 -4.146686 -4.121679 -4.094326 -4.065938 -4.036859 -4.007552 -3.972412 -3.934799 -3.896401 -3.858049 -3.822166 -3.785321 -3.747641 -3.716233 -3.682867 -3.654366 -3.621737 -3.594169 -3.564693 -3.538261 -3.513816 -3.5 -3.495231 -3.485991 -3.476751 -3.467513 -3.458273 -3.449032 -3.439792 -3.430552 -3.421314 -3.413921 -3.407511 -3.401516 -3.396371 -3.393583 -3.39579 -3.407251 -3.451008 -3.433613
-4.678668 -4.656216 -4.633856 -4.61137 -4.588768 -4.56554 -4.542092 -4.51867 -4.495571 -4.472784 -4.450257 -4.430882 -4.411376 -4.387621 -4.364213 -4.341349 -4.319013 -4.29824 -4.276922 -4.255253 -4.232248 -4.207526 -4.182606 -4.155162 -4.127046 -4.097966 -4.068469 -4.034883 -4.001297 -3.964036 -3.924924 -3.886976 -3.850423 -3.810385 -3.77705 -3.744104 -3.715601 -3.680967 -3.651564 -3.622153 -3.591403 -3.567904 -3.54484 -3.523444 -3.507357 -3.5 -3.492658 -3.483418 -3.474178 -3.465963 -3.458779 -3.452604 -3.446608 -3.440997 -3.436791 -3.434031 -3.435686 -3.439798 -3.461803 -3.5 -3.506561 -3.456465
-4.723375 -4.70088 -4.678242 -4.655298 -4.630725 -4.607128 -4.583932 -4.561059 -4.538497 -4.516232 -4.493556 -4.474277 -4.449548 -4.425533 -4.403589 -4.382152 -4.360403 -4.336937 -4.316421 -4.292369 -4.268365 -4.243445 -4.216 -4.188152 -4.159073 -4.129383 -4.095797 -4.062211 -4.028172 -3.991799 -3.951784 -3.913464 -3.873458 -3.837867 -3.805341 -3.772973 -3.740197 -3.706476 -3.679609 -3.644544 -3.621989 -3.596932 -3.572553 -3.555396 -3.535204 -3.522478 -3.513511 -3.504427 -3.497697 -3.491701 -3.485707 -3.480745 -3.477239 -3.47448 -3.475583 -3.479696 -3.489633 -3.503065 -3.513924 -3.525005 -3.54097 -3.495247
-4.767427 -4.744841 -4.722068 -4.698805 -4.67481 -4.65114 -4.626966 -4.603127 -4.579607 -4.556538 -4.536952 -4.513986 -4.490734 -4.467772 -4.443696 -4.420178 -4.396951 -4.376437 -4.352489 -4.329206 -4.304286 -4.276837 -4.249259 -4.22018 -4.1903 -4.156713 -4.123127 -4.089122 -4.053429 -4.015461 -3.976206 -3.936573 -3.898684 -3.866576 -3.829701 -3.798273 -3.763312 -3.733383 -3.69773 -3.675019 -3.649024 -3.621661 -3.603436 -3.577404 -3.564658 -3.551581 -3.541518 -3.531374 -3.522999 -3.517624 -3.513126 -3.509027 -3.508234 -3.508543 -3.509608 -3.515164 -3.521802 -3.530087 -3.540132 -3.551213 -3.565158 -3.53887
-4.811863 -4.789157 -4.765871 -4.740684 -4.716397 -4.692448 -4.668826 -4.645527 -4.622509 -4.599628 -4.579967 -4.554348 -4.528965 -4.504174 -4.481203 -4.459123 -4.43645 -4.41337 -4.390048 -4.365128 -4.337674 -4.310367 -4.281287 -4.251214 -4.217628 -4.184042 -4.150074 -4.11382 -4.07585 -4.037807 -3.998649 -3.959502 -3.924537 -3.886432 -3.853185 -3.820771 -3.786524 -3.751816 -3.726112 -3.701116 -3.670773 -3.651475 -3.62395 -3.605759 -3.589651 -3.578609 -3.568696 -3.558656 -3.550189 -3.543421 -3.538337 -3.532041 -3.532815 -3.533673 -3.535897 -3.542321 -3.549637 -3.556457 -3.566415 -3.577421 -3.589346 -3.582492
-4.855824 -4.832769 -4.808844 -4.78408 -4.759662 -4.735265 -4.71068 -4.686431 -4.662815 -4.643023 -4.616596 -4.592131 -4.568234 -4.544895 -4.521347 -4.496466 -4.475251 -4.450511 -4.425968 -4.398931 -4.371473 -4.342394 -4.312129 -4.278543 -4.245255 -4.211025 -4.174208 -4.13725 -4.098713 -4.060308 -4.020607 -3.981268 -3.944982 -3.908097 -3.875364 -3.839666 -3.805902 -3.777205 -3.752869 -3.719881 -3.699514 -3.670559 -3.64686 -3.630759 -3.618754 -3.606964 -3.593611 -3.581802 -3.575706 -3.569218 -3.56355 -3.555939 -3.557395 -3.5588 -3.562189 -3.565057 -3.575587 -3.583732 -3.593438 -3.603629 -3.614712 -3.626113
-4.899957 -4.876442 -4.850722 -4.825667 -4.800961 -4.776591 -4.752559 -4.728788 -4.705698 -4.682578 -4.657331 -4.632524 -4.606524 -4.581124 -4.557042 -4.535964 -4.510632 -4.486807 -4.460422 -4.432459 -4.403501 -4.373044 -4.339459 -4.306902 -4.271976 -4.234597 -4.198773 -4.159618 -4.121988 -4.082074 -4.040977 -3.999893 -3.96301 -3.928504 -3.892808 -3.859988 -3.8283 -3.801978 -3.76899 -3.747553 -3.717394 -3.690174 -3.67505 -3.656824 -3.644055 -3.631047 -3.620894 -3.608994 -3.599208 -3.592858 -3.585713 -3.579838 -3.58081 -3.582527 -3.584553 -3.589254 -3.602743 -3.611181 -3.619318 -3.629837 -3.640918 -3.654977
-4.943468 -4.918881 -4.893352 -4.868174 -4.843345 -4.818236 -4.793292 -4.769094 -4.748559 -4.721075 -4.693717 -4.668445 -4.643946 -4.620006 -4.595978 -4.571486 -4.547647 -4.521915 -4.493297 -4.464608 -4.43396 -4.400373 -4.368552 -4.332928 -4.294988 -4.259678 -4.221969 -4.18367 -4.14325 -4.102315 -4.062007 -4.020595 -3.981646 -3.945951 -3.913713 -3.879392 -3.851087 -3.818099 -3.794561 -3.76423 -3.736722 -3.717415 -3.696298 -3.683825 -3.672076 -3.65585 -3.642119 -3.634598 -3.625005 -3.618068 -3.6068 -3.603734 -3.602587 -3.606643 -3.60919 -3.615544 -3.624835 -3.636009 -3.645662 -3.656788 -3.667125 -3.679165
-4.987016 -4.96076 -4.934937 -4.909472 -4.884357 -4.859589 -4.835069 -4.811769 -4.785187 -4.758726 -4.732882 -4.707636 -4.68229 -4.655993 -4.633368 -4.608489 -4.583406 -4.554133 -4.525714 -4.494874 -4.461288 -4.429523 -4.393344 -4.35691 -4.320583 -4.285051 -4.245347 -4.20443 -4.165871 -4.124137 -4.083704 -4.041313 -3.99909 -3.964806 -3.930485 -3.900198 -3.867209 -3.841547 -3.811066 -3.78327 -3.758516 -3.739932 -3.723997 -3.709501 -3.693401 -3.682092 -3.667799 -3.655643 -3.648438 -3.641629 -3.628937 -3.627632 -3.626327 -3.631223 -3.63432 -3.641835 -3.646456 -3.663165 -3.6725 -3.682176 -3.693334 -3.704417
-5.034268 -5.003189 -4.976687 -4.95111 -4.925793 -4.900321 -4.875372 -4.851167 -4.823925 -4.797276 -4.76935 -4.742997 -4.717925 -4.695248 -4.668773 -4.644409 -4.614971 -4.586822 -4.555791 -4.522397 -4.490475 -4.453732 -4.41975 -4.381489 -4.346732 -4.306704 -4.265697 -4.227998 -4.188255 -4.146811 -4.10599 -4.062963 -4.020187 -3.981634 -3.949306 -3.916318 -3.888535 -3.857901 -3.829818 -3.802945 -3.784343 -3.762067 -3.747787 -3.734427 -3.71809 -3.702868 -3.693491 -3.680793 -3.67259 -3.662226 -3.652835 -3.651529 -3.650223 -3.655804 -3.659446 -3.663697 -3.6689 -3.684686 -3.696429 -3.707592 -3.720139 -3.730623
-5.085548 -5.053793 -5.021949 -4.992126 -4.966617 -4.941346 -4.917148 -4.887798 -4.860119 -4.833093 -4.806688 -4.780889 -4.755506 -4.7296 -4.705248 -4.676179 -4.647929 -4.616705 -4.584044 -4.551426 -4.514123 -4.48155 -4.444437 -4.408412 -4.367884 -4.331168 -4.290125 -4.252309 -4.209918 -4.17005 -4.128073 -4.08506 -4.042017 -3.998415 -3.965427 -3.935523 -3.904737 -3.876366 -3.849493 -3.828753 -3.805435 -3.789871 -3.774947 -3.755754 -3.742841 -3.726603 -3.714535 -3.705642 -3.697546 -3.683211 -3.676733 -3.675427 -3.674121 -3.677738 -3.68144 -3.685785 -3.69519 -3.70616 -3.723137 -3.733818 -3.745036 -3.75683
-5.136151 -5.103973 -5.072054 -5.040393 -5.009022 -4.981651 -4.953776 -4.92532 -4.897529 -4.870379 -4.843235 -4.815844 -4.791481 -4.766088 -4.737673 -4.709035 -4.677622 -4.645694 -4.612378 -4.57657 -4.542455 -4.50808 -4.47009 -4.42908 -4.393989 -4.354204 -4.315417 -4.276691 -4.234107 -4.193511 -4.149934 -4.107728 -4.064064 -4.019703 -3.98251 -3.951573 -3.923024 -3.896041 -3.870173 -3.849222 -3.829241 -3.812038 -3.796781 -3.780329 -3.763618 -3.752384 -3.73658 -3.727113 -3.718143 -3.704628 -3.700629 -3.699323 -3.69802 -3.699517 -3.705052 -3.709837 -3.721195 -3.727901 -3.744537 -3.75685 -3.769522 -3.783489
-5.185997 -5.153746 -5.122248 -5.090384 -5.056829 -5.022676 -4.99052 -4.961966 -4.933301 -4.905739 -4.878808 -4.853364 -4.826913 -4.799164 -4.770144 -4.738536 -4.707342 -4.672871 -4.63941 -4.60336 -4.571475 -4.531334 -4.494551 -4.456117 -4.420702 -4.378523 -4.341193 -4.299231 -4.258385 -4.217361 -4.17344 -4.13099 -4.086273 -4.042465 -3.99841 -3.969859 -3.942589 -3.915716 -3.893633 -3.870971 -3.853834 -3.837807 -3.818107 -3.80359 -3.785407 -3.773428 -3.762377 -3.752323 -3.738742 -3.726336 -3.724528 -3.723222 -3.721916 -3.721296 -3.729632 -3.734966 -3.742979 -3.750278 -3.765937 -3.782988 -3.795136 -3.807895
-5.236394 -5.203939 -5.171748 -5.138689 -5.104536 -5.070364 -5.033737 -4.997737 -4.969431 -4.941771 -4.915034 -4.887717 -4.860658 -4.83125 -4.799539 -4.768991 -4.733387 -4.70225 -4.666903 -4.633155 -4.592515 -4.559977 -4.520154 -4.484024 -4.445292 -4.405252 -4.366804 -4.323257 -4.283288 -4.239636 -4.197556 -4.15485 -4.11011 -4.067663 -4.024969 -3.989137 -3.962265 -3.938044 -3.914572 -3.895921 -3.877482 -3.859134 -3.842568 -3.824367 -3.811277 -3.794472 -3.783917 -3.774059 -3.759688 -3.749732 -3.748425 -3.74712 -3.745815 -3.744508 -3.752889 -3.758431 -3.764925 -3.774836 -3.78754 -3.804388 -3.817272 -3.831451
-5.285632 -5.253109 -5.220545 -5.186392 -5.152238 -5.116075 -5.079357 -5.04271 -5.006176 -4.976727 -4.949597 -4.922152 -4.892268 -4.861187 -4.830639 -4.796227 -4.764326 -4.730546 -4.694788 -4.657932 -4.622105 -4.586651 -4.547132 -4.512337 -4.470388 -4.431706 -4.390697 -4.348997 -4.308843 -4.264126 -4.222507 -4.177753 -4.137705 -4.095012 -4.052315 -4.010887 -3.981937 -3.958514 -3.93651 -3.917795 -3.900161 -3.880459 -3.864339 -3.845144 -3.832321 -3.818164 -3.806844 -3.794658 -3.780836 -3.773629 -3.772323 -3.771017 -3.769711 -3.768404 -3.774668 -3.780354 -3.787015 -3.800478 -3.809346 -3.825788 -3.842839 -3.856456
-5.334473 -5.303101 -5.268249 -5.234097 -5.19841 -5.161599 -5.124836 -5.088302 -5.051694 -5.014207 -4.983643 -4.953431 -4.922836 -4.891828 -4.859067 -4.825727 -4.794191 -4.755968 -4.723403 -4.686103 -4.652629 -4.613893 -4.576395 -4.537961 -4.496582 -4.458846 -4.415212 -4.37541 -4.332716 -4.290153 -4.248715 -4.20775 -4.165053 -4.122357 -4.082594 -4.043465 -4.004717 -3.980109 -3.959881 -3.941188 -3.921488 -3.904311 -3.885116 -3.870168 -3.853365 -3.84112 -3.829975 -3.815258 -3.802459 -3.797528 -3.796221 -3.794915 -3.793609 -3.792303 -3.796448 -3.803459 -3.810484 -3.822259 -3.831723 -3.847263 -3.864239 -3.878379
-5.384464 -5.350108 -5.315955 -5.280746 -5.24384 -5.207255 -5.170427 -5.133707 -5.096509 -5.05798 -5.019451 -4.984484 -4.953046 -4.921907 -4.88937 -4.857835 -4.821312 -4.788095 -4.752602 -4.715737 -4.681172 -4.641549 -4.605031 -4.564035 -4.524556 -4.484527 -4.441979 -4.402553 -4.357799 -4.3198 -4.277793 -4.235096 -4.19359 -4.154302 -4.114991 -4.076341 -4.039039 -4.003371 -3.981757 -3.962514 -3.942812 -3.925088 -3.905893 -3.891214 -3.874409 -3.862191 -3.850574 -3.836164 -3.824167 -3.821424 -3.820118 -3.818811 -3.817508 -3.8162 -3.818224 -3.82804 -3.835424 -3.844068 -3.854482 -3.86892 -3.885639 -3.90269
-5.431964 -5.397811 -5.363081 -5.32618 -5.289497 -5.252553 -5.215716 -5.178809 -5.140282 -5.101752 -5.06175 -5.020894 -4.984747 -4.953014 -4.91942 -4.886783 -4.852052 -4.819101 -4.782492 -4.747539 -4.709118 -4.669904 -4.632468 -4.590784 -4.553263 -4.510584 -4.470195 -4.428774 -4.390532 -4.347836 -4.30514 -4.265173 -4.226007 -4.186574 -4.147964 -4.110828 -4.074386 -4.040196 -4.00608 -3.983839 -3.96506 -3.945865 -3.929062 -3.912258 -3.898322 -3.885891 -3.871171 -3.857313 -3.846628 -3.845322 -3.844016 -3.84271 -3.841404 -3.840098 -3.840003 -3.849818 -3.857346 -3.866157 -3.879758 -3.890791 -3.907039 -3.92409
