models/HCHB/coorongtfvoperations/modelling/TFV/structure/dem_flow/zb_no_flow_002.asc
ncols         317
nrows         326
xllcorner     306235.69
yllcorner     6060815.6
cellsize      9.9790167000001
NODATA_value  -9999
[rows 108 to 134 of 326, columns 124 to 185 of 317]
-1.502889 -1.572113 -1.654759 -1.759744 -1.866318 -1.986115 -2.112586 -2.259355 -2.413697 -2.491579 -2.473545 -2.455513 -2.437479 -2.419446 -2.343153 -2.25391 -2.166461 -2.093271 -1.902271 -1.772765 -1.713083 -1.66827 -1.628543 -1.594465 -1.560385 -1.526306 -1.507701 -1.510283 -1.512864 -1.515447 -1.518031 -1.520612 -1.523195 -1.525777 -1.52449 -1.502039 -1.479589 -1.410515 -1.293212 -1.256194 -1.269664 -1.253121 -1.236579 -1.220037 -1.203496 -1.186954 -1.170414 -1.153872 -1.137329 -1.120789 -1.104247 -1.087704 -1.016535 -0.884987 -0.5466461 -0.2188905 0.1146823 0.4482551 0.7618693 1.079585 1.40649 1.714871
-1.757187 -1.833625 -1.920401 -2.017283 -2.127254 -2.253943 -2.387559 -2.496543 -2.478509 -2.460476 -2.442441 -2.424409 -2.406376 -2.388344 -2.349975 -2.26073 -2.171486 -2.082241 -2.000083 -1.856114 -1.758001 -1.71387 -1.67979 -1.64571 -1.611633 -1.577553 -1.543473 -1.511249 -1.513832 -1.516414 -1.518997 -1.52158 -1.52416 -1.526743 -1.529326 -1.531909 -1.533088 -1.526598 -1.452322 -1.353459 -1.283276 -1.300022 -1.28348 -1.266939 -1.250397 -1.233855 -1.217313 -1.200772 -1.18423 -1.167688 -1.151147 -1.11091 -1.037726 -0.9645447 -0.6490614 -0.3260537 0.001209617 0.3290242 0.6524237 0.9615398 1.251776 1.557371
-2.011484 -2.093846 -2.182907 -2.277283 -2.392443 -2.497866 -2.484488 -2.471087 -2.452437 -2.429372 -2.411338 -2.393306 -2.375272 -2.35724 -2.339206 -2.267553 -2.178308 -2.089062 -1.999818 -1.910573 -1.809957 -1.765117 -1.731037 -1.696958 -1.662878 -1.6288 -1.59472 -1.560641 -1.526561 -1.517381 -1.519963 -1.522546 -1.525129 -1.527709 -1.530292 -1.532874 -1.532135 -1.529588 -1.527043 -1.494129 -1.413707 -1.310356 -1.33038 -1.313838 -1.297298 -1.280756 -1.264215 -1.247673 -1.231131 -1.214589 -1.198048 -1.132103 -1.05892 -0.985736 -0.7493504 -0.4233401 -0.101642 0.2082096 0.5099596 0.8166199 1.099052 1.400466
-2.265783 -2.348144 -2.439018 -2.497956 -2.484122 -2.471621 -2.458241 -2.444861 -2.431452 -2.408796 -2.381347 -2.362202 -2.344168 -2.326136 -2.308103 -2.274375 -2.185129 -2.095886 -2.00664 -1.917397 -1.839014 -1.794463 -1.76786 -1.748207 -1.714127 -1.680048 -1.645968 -1.611888 -1.577808 -1.543729 -1.520929 -1.523512 -1.526094 -1.528677 -1.53126 -1.533727 -1.531182 -1.528637 -1.526092 -1.523546 -1.521 -1.46166 -1.353415 -1.360741 -1.344198 -1.327658 -1.311114 -1.294574 -1.278031 -1.261491 -1.226478 -1.153296 -1.080113 -1.007245 -0.8557072 -0.5428376 -0.2314276 0.07586959 0.3668208 0.6725665 0.9783122 1.237863
-2.499376 -2.494753 -2.489396 -2.484041 -2.478684 -2.4444 -2.431948 -2.418617 -2.405237 -2.391822 -2.365156 -2.337708 -2.313066 -2.295032 -2.277001 -2.258967 -2.191951 -2.102708 -2.013462 -1.924218 -1.872194 -1.827643 -1.783093 -1.743114 -1.725055 -1.706998 -1.688958 -1.663135 -1.629056 -1.594976 -1.560898 -1.526818 -1.52706 -1.529643 -1.532226 -1.532774 -1.530228 -1.527684 -1.525138 -1.522592 -1.520049 -1.517503 -1.503467 -1.413663 -1.391099 -1.374559 -1.358016 -1.341474 -1.324932 -1.308392 -1.247671 -1.174488 -1.102048 -1.031588 -0.9624255 -0.6648809 -0.3610805 -0.05533484 0.250411 0.5294588 0.815742 1.081519
-2.487053 -2.48384 -2.475479 -2.470124 -2.464766 -2.451134 -2.408525 -2.392229 -2.378992 -2.36561 -2.348968 -2.321517 -2.294067 -2.266616 -2.245897 -2.227863 -2.198775 -2.10953 -2.020284 -1.949926 -1.905376 -1.860826 -1.816274 -1.771725 -1.727175 -1.70031 -1.682251 -1.664192 -1.646137 -1.628099 -1.610064 -1.578065 -1.543985 -1.530609 -1.533191 -1.531821 -1.529277 -1.526731 -1.524185 -1.521641 -1.519095 -1.516549 -1.514004 -1.51146 -1.470998 -1.421458 -1.404917 -1.388375 -1.371833 -1.342048 -1.268865 -1.196848 -1.127082 -1.057921 -0.9887589 -0.7832365 -0.4774902 -0.1789458 0.1062888 0.3907892 0.6612086 0.9327854
-2.474478 -2.471557 -2.465328 -2.456206 -2.450849 -2.445492 -2.419069 -2.37646 -2.35251 -2.339365 -2.325979 -2.305329 -2.277878 -2.250427 -2.222977 -2.196759 -2.178727 -2.116351 -2.027656 -1.983106 -1.938556 -1.894006 -1.849456 -1.804906 -1.760356 -1.715806 -1.675563 -1.657505 -1.639446 -1.621387 -1.60333 -1.585278 -1.56724 -1.549204 -1.533413 -1.53087 -1.528324 -1.525778 -1.523234 -1.520688 -1.518142 -1.515596 -1.513052 -1.510507 -1.507961 -1.505417 -1.451818 -1.435276 -1.418736 -1.363242 -1.291741 -1.222578 -1.153417 -1.084255 -1.015091 -0.8996458 -0.6031646 -0.3051677 -0.03070876 0.2588707 0.5141304 0.7911216
-2.461905 -2.459126 -2.456017 -2.445663 -2.436932 -2.431574 -2.426219 -2.387002 -2.344393 -2.312789 -2.299741 -2.286347 -2.261689 -2.234238 -2.206788 -2.179338 -2.151887 -2.123173 -2.060838 -2.016288 -1.971738 -1.927188 -1.882636 -1.838088 -1.793538 -1.748988 -1.704438 -1.659888 -1.632758 -1.614699 -1.596642 -1.578583 -1.560526 -1.542467 -1.543364 -1.56181 -1.573167 -1.563791 -1.554415 -1.545037 -1.535661 -1.526285 -1.516909 -1.509553 -1.50701 -1.504464 -1.501918 -1.480128 -1.457617 -1.387237 -1.318074 -1.248912 -1.179749 -1.110587 -1.041424 -0.9722615 -0.722626 -0.431995 -0.1610971 0.1225236 0.3739796 0.6508988
-2.449204 -2.446552 -2.443733 -2.438268 -2.425999 -2.417659 -2.4123 -2.397545 -2.354935 -2.312326 -2.27307 -2.260116 -2.2455 -2.21805 -2.190599 -2.163149 -2.135698 -2.108323 -2.081271 -2.043556 -2.004132 -1.960369 -1.915818 -1.871268 -1.826718 -1.782168 -1.737618 -1.69307 -1.648518 -1.60801 -1.589953 -1.571896 -1.553837 -1.535778 -1.550217 -1.568691 -1.587162 -1.60561 -1.615699 -1.606322 -1.596946 -1.587569 -1.578193 -1.568818 -1.55944 -1.550064 -1.540688 -1.53131 -1.48921 -1.417072 -1.344933 -1.275245 -1.206083 -1.13692 -1.067758 -0.9985949 -0.8363243 -0.5527041 -0.2851815 -0.008424312 0.2473139 0.5081829
-2.44387 -2.433979 -2.4312 -2.428198 -2.418606 -2.406334 -2.398385 -2.393028 -2.365479 -2.32287 -2.280258 -2.237649 -2.220491 -2.201861 -2.174411 -2.14696 -2.119509 -2.092369 -2.065317 -2.038265 -2.009994 -1.97057 -1.931146 -1.891722 -1.852298 -1.812873 -1.7708 -1.72625 -1.6817 -1.63715 -1.5926 -1.565206 -1.547149 -1.538586 -1.55706 -1.575532 -1.594006 -1.61248 -1.630953 -1.649409 -1.65823 -1.648854 -1.639477 -1.6301 -1.620724 -1.611348 -1.601972 -1.592596 -1.532084 -1.459945 -1.387806 -1.315668 -1.243531 -1.171392 -1.099253 -1.027115 -0.9443116 -0.6677475 -0.395322 -0.1358417 0.1225341 0.36965
-2.478507 -2.420933 -2.418627 -2.415848 -2.411208 -2.398939 -2.38667 -2.37911 -2.373753 -2.333412 -2.290803 -2.248193 -2.205582 -2.180867 -2.15822 -2.130771 -2.103469 -2.076415 -2.049363 -2.022311 -1.995259 -1.968204 -1.937009 -1.897585 -1.858161 -1.818737 -1.779313 -1.739889 -1.700463 -1.661039 -1.621615 -1.58123 -1.54046 -1.545429 -1.563903 -1.582375 -1.600849 -1.619323 -1.637795 -1.656269 -1.674744 -1.693207 -1.700762 -1.691384 -1.682008 -1.672632 -1.663256 -1.647094 -1.574955 -1.502818 -1.43068 -1.358541 -1.286402 -1.214265 -1.138122 -1.06136 -0.9846001 -0.7798666 -0.5125638 -0.26057 0.001002878 0.233251
-2.513142 -2.452893 -2.405751 -2.403275 -2.400374 -2.391544 -2.379275 -2.367006 -2.359836 -2.343957 -2.301346 -2.258736 -2.216126 -2.173515 -2.14124 -2.11458 -2.087513 -2.06046 -2.033408 -2.006356 -1.979302 -1.95225 -1.925198 -1.898146 -1.864022 -1.824599 -1.785175 -1.745751 -1.706327 -1.666901 -1.627477 -1.588053 -1.552563 -1.579225 -1.598859 -1.608388 -1.61792 -1.627449 -1.644638 -1.663112 -1.681585 -1.700059 -1.718533 -1.737005 -1.743294 -1.733917 -1.72454 -1.689967 -1.617828 -1.545691 -1.473553 -1.397647 -1.320902 -1.244609 -1.168314 -1.092018 -1.015726 -0.890789 -0.629217 -0.3818459 -0.1265497 0.103245
-2.527731 -2.487529 -2.42728 -2.390572 -2.387923 -2.384149 -2.371881 -2.359612 -2.347341 -2.340563 -2.31189 -2.26928 -2.226669 -2.184059 -2.14145 -2.101247 -2.071558 -2.044506 -2.017454 -1.990402 -1.963348 -1.936298 -1.909246 -1.882192 -1.855139 -1.828088 -1.791039 -1.751613 -1.712189 -1.672765 -1.63334 -1.593916 -1.588254 -1.614914 -1.641578 -1.66824 -1.684751 -1.69428 -1.703811 -1.713341 -1.722872 -1.732403 -1.741932 -1.751463 -1.762322 -1.780794 -1.785825 -1.73284 -1.657311 -1.581017 -1.504722 -1.428427 -1.352133 -1.275838 -1.199544 -1.12325 -1.046955 -0.9706607 -0.7416459 -0.4974373 -0.2481239 -0.01701701
-2.531365 -2.522166 -2.461917 -2.401665 -2.375347 -2.372553 -2.364486 -2.352215 -2.339946 -2.327678 -2.321289 -2.279823 -2.237213 -2.194604 -2.152607 -2.114369 -2.076132 -2.039568 -2.009686 -1.979803 -1.949921 -1.920341 -1.89329 -1.866238 -1.839185 -1.812133 -1.785079 -1.757475 -1.718051 -1.678627 -1.639204 -1.59978 -1.623943 -1.650603 -1.677265 -1.703927 -1.730591 -1.757253 -1.770642 -1.780173 -1.789703 -1.799232 -1.808763 -1.818295 -1.827826 -1.837355 -1.846886 -1.770459 -1.693003 -1.61555 -1.538094 -1.460639 -1.383365 -1.30707 -1.230776 -1.154481 -1.078187 -1.001892 -0.8488069 -0.6013607 -0.3641308 -0.1272035
-2.534998 -2.535315 -2.496552 -2.436302 -2.376052 -2.359995 -2.357015 -2.34482 -2.332551 -2.320283 -2.308014 -2.290367 -2.247756 -2.205146 -2.165729 -2.127492 -2.089254 -2.051015 -2.012778 -1.978145 -1.948264 -1.918382 -1.888499 -1.858617 -1.828734 -1.798854 -1.769127 -1.742073 -1.715021 -1.684492 -1.645066 -1.632968 -1.65963 -1.686294 -1.712954 -1.739618 -1.76628 -1.792942 -1.819604 -1.846266 -1.856531 -1.866063 -1.875594 -1.885125 -1.894655 -1.904186 -1.88923 -1.811772 -1.734318 -1.656863 -1.579407 -1.501952 -1.424496 -1.347041 -1.269585 -1.192131 -1.114676 -1.036469 -0.9510576 -0.7074537 -0.4749438 -0.2367924
-2.53863 -2.538947 -2.531189 -2.470939 -2.41069 -2.35044 -2.344643 -2.337426 -2.325155 -2.312888 -2.300617 -2.288348 -2.2583 -2.217089 -2.17885 -2.140614 -2.102375 -2.064136 -2.025898 -1.987661 -1.949422 -1.916723 -1.88684 -1.85696 -1.827077 -1.797195 -1.767312 -1.737432 -1.707547 -1.677667 -1.647784 -1.667845 -1.695319 -1.721983 -1.748643 -1.775307 -1.801969 -1.828631 -1.855293 -1.881955 -1.908617 -1.932894 -1.942425 -1.951955 -1.961486 -1.971015 -1.930541 -1.853087 -1.775632 -1.698176 -1.62072 -1.543264 -1.465809 -1.388162 -1.3084 -1.228639 -1.14888 -1.069118 -0.9893594 -0.8105819 -0.6061455 -0.4445524
-2.584786 -2.54258 -2.542899 -2.505574 -2.445327 -2.385075 -2.331942 -2.329196 -2.317762 -2.305493 -2.293222 -2.280954 -2.268822 -2.230211 -2.191974 -2.153735 -2.115497 -2.077258 -2.039019 -2.00078 -1.962543 -1.924305 -1.886068 -1.855301 -1.825418 -1.795536 -1.765653 -1.735773 -1.70589 -1.676008 -1.663043 -1.68667 -1.710297 -1.7387 -1.769594 -1.80049 -1.831387 -1.862281 -1.890982 -1.917644 -1.944306 -1.970968 -1.99763 -2.018786 -2.028317 -2.037846 -1.971856 -1.8944 -1.816944 -1.739489 -1.660093 -1.580332 -1.500572 -1.420811 -1.341052 -1.26644 -1.205215 -1.14399 -1.082763 -0.9998796 -0.8322439 -0.6656791
-2.64485 -2.567314 -2.546531 -2.540212 -2.479962 -2.419712 -2.359462 -2.316717 -2.310367 -2.298097 -2.285828 -2.273559 -2.253481 -2.225954 -2.196225 -2.161509 -2.126793 -2.090379 -2.052142 -2.013904 -1.975665 -1.937427 -1.89919 -1.860951 -1.823759 -1.793877 -1.763997 -1.734114 -1.704231 -1.674349 -1.685535 -1.70916 -1.732787 -1.756416 -1.780041 -1.809553 -1.840447 -1.871343 -1.90224 -1.933134 -1.964028 -1.994922 -2.025819 -2.056715 -2.086643 -2.090624 -2.011786 -1.947301 -1.886074 -1.824849 -1.763624 -1.702399 -1.641174 -1.579947 -1.518722 -1.457497 -1.396271 -1.335046 -1.273821 -1.212596 -1.066421 -0.8912513
-2.704912 -2.627378 -2.550164 -2.550481 -2.514597 -2.454347 -2.394099 -2.33385 -2.301365 -2.290702 -2.278433 -2.264418 -2.236889 -2.209361 -2.181834 -2.154306 -2.122951 -2.088234 -2.053518 -2.018802 -1.984085 -1.949369 -1.912311 -1.874073 -1.835834 -1.797595 -1.762337 -1.732455 -1.702574 -1.684398 -1.708025 -1.731652 -1.755279 -1.778907 -1.802533 -1.82616 -1.849787 -1.880406 -1.9113 -1.942196 -1.973093 -2.003987 -2.034881 -2.065778 -2.096672 -2.092929 -2.047678 -2.002427 -1.957175 -1.911926 -1.866673 -1.821423 -1.776172 -1.730922 -1.685671 -1.64042 -1.587328 -1.526104 -1.464877 -1.403652 -1.298707 -1.120999
-2.764975 -2.687441 -2.609906 -2.554115 -2.549234 -2.488985 -2.428735 -2.368485 -2.308235 -2.283307 -2.271038 -2.247824 -2.220297 -2.192768 -2.165241 -2.137713 -2.110186 -2.082659 -2.049678 -2.014962 -1.980243 -1.945527 -1.910809 -1.876095 -1.841376 -1.80666 -1.771944 -1.734241 -1.700913 -1.70689 -1.730517 -1.754144 -1.777771 -1.801399 -1.825025 -1.848652 -1.872279 -1.895906 -1.920365 -1.951259 -1.982155 -2.013049 -2.043946 -2.07484 -2.105736 -2.079655 -2.034405 -1.989152 -1.943901 -1.898651 -1.8534 -1.808149 -1.762899 -1.717648 -1.672397 -1.627146 -1.581896 -1.547444 -1.542561 -1.537678 -1.532793 -1.358995
-2.825039 -2.747504 -2.669971 -2.592436 -2.558065 -2.523621 -2.463372 -2.403122 -2.342872 -2.282623 -2.258761 -2.231232 -2.203704 -2.176177 -2.14865 -2.121122 -2.093593 -2.066066 -2.038538 -2.011011 -1.976404 -1.941687 -1.906969 -1.872253 -1.837536 -1.802818 -1.768102 -1.733385 -1.706316 -1.734559 -1.757316 -1.778307 -1.800261 -1.823888 -1.847516 -1.871142 -1.894769 -1.918398 -1.942023 -1.965652 -1.991218 -2.022114 -2.053008 -2.083902 -2.11163 -2.066382 -2.021129 -1.975878 -1.930628 -1.885377 -1.840126 -1.794876 -1.749625 -1.734973 -1.73009 -1.725207 -1.720322 -1.715437 -1.710554 -1.705671 -1.700788 -1.595019
-2.860215 -2.807567 -2.730033 -2.652498 -2.574964 -2.558257 -2.498007 -2.437757 -2.377508 -2.317258 -2.274229 -2.232788 -2.192067 -2.159586 -2.132057 -2.10453 -2.077002 -2.049475 -2.021946 -1.994418 -1.966891 -1.937845 -1.903129 -1.868412 -1.833694 -1.798978 -1.764262 -1.729546 -1.73089 -1.759135 -1.787378 -1.815621 -1.837476 -1.858465 -1.879458 -1.900449 -1.921439 -1.942432 -1.964515 -1.988142 -2.01177 -2.035396 -2.062071 -2.092967 -2.098357 -2.053106 -2.007855 -1.962605 -1.927384 -1.922501 -1.917617 -1.912734 -1.907851 -1.902966 -1.898083 -1.8932 -1.888315 -1.883432 -1.878549 -1.873664 -1.868781 -1.83441
-2.88248 -2.867629 -2.790097 -2.712561 -2.635026 -2.565649 -2.532644 -2.472394 -2.412144 -2.362371 -2.320424 -2.278478 -2.236531 -2.195361 -2.154639 -2.113918 -2.073198 -2.032882 -2.005355 -1.977825 -1.950298 -1.92277 -1.895244 -1.864573 -1.829854 -1.795138 -1.76042 -1.727222 -1.755466 -1.783709 -1.811952 -1.840195 -1.86844 -1.896642 -1.917633 -1.938624 -1.959615 -1.980606 -2.001599 -2.02259 -2.043581 -2.064571 -2.085564 -2.106555 -2.114913 -2.11003 -2.105146 -2.100263 -2.095377 -2.090494 -2.085612 -2.080729 -2.075844 -2.070959 -2.066076 -2.061193 -2.05631 -2.051425 -2.046542 -2.041659 -2.036774 -2.031891
-2.918669 -2.905428 -2.850159 -2.772625 -2.695091 -2.617554 -2.567279 -2.507031 -2.450514 -2.408567 -2.366619 -2.324671 -2.282723 -2.240777 -2.19883 -2.157932 -2.117212 -2.076491 -2.035771 -1.99505 -1.954329 -1.913609 -1.87865 -1.851123 -1.823596 -1.791296 -1.75658 -1.751796 -1.780039 -1.808284 -1.836527 -1.864771 -1.893013 -1.921259 -1.949502 -1.976799 -1.99779 -2.018781 -2.039774 -2.060765 -2.081756 -2.102747 -2.123738 -2.144731 -2.148683 -2.151186 -2.153691 -2.156194 -2.158698 -2.161201 -2.163706 -2.166209 -2.168712 -2.171217 -2.17372 -2.176223 -2.178728 -2.181231 -2.183734 -2.186239 -2.188743 -2.191246
-2.957049 -2.931454 -2.910221 -2.832687 -2.755153 -2.677619 -2.600084 -2.541667 -2.496707 -2.454762 -2.412814 -2.370866 -2.32892 -2.286973 -2.245025 -2.203077 -2.161226 -2.120504 -2.079785 -2.039063 -1.998344 -1.957622 -1.916901 -1.876181 -1.83546 -1.79474 -1.754019 -1.776372 -1.804615 -1.832858 -1.861101 -1.889346 -1.917589 -1.945834 -1.974076 -2.002321 -2.030564 -2.056957 -2.07795 -2.098941 -2.119931 -2.140923 -2.161913 -2.17893 -2.181436 -2.183939 -2.186442 -2.188946 -2.19145 -2.193953 -2.196456 -2.198961 -2.201464 -2.203968 -2.20647 -2.208976 -2.211478 -2.229873 -2.256129 -2.282386 -2.308644 -2.334901
-2.99543 -2.969833 -2.950658 -2.892751 -2.815215 -2.737683 -2.660147 -2.590685 -2.54136 -2.500956 -2.459008 -2.417061 -2.375113 -2.333167 -2.291219 -2.249272 -2.207326 -2.165377 -2.123799 -2.083077 -2.042356 -2.001636 -1.960915 -1.920195 -1.879474 -1.838753 -1.814325 -1.816701 -1.819078 -1.849662 -1.880636 -1.911611 -1.942165 -1.970408 -1.998651 -2.026895 -2.05514 -2.083383 -2.111626 -2.137114 -2.158107 -2.179098 -2.200089 -2.211683 -2.214186 -2.216691 -2.219194 -2.221698 -2.224202 -2.226706 -2.229208 -2.231712 -2.253833 -2.28009 -2.306346 -2.329251 -2.350192 -2.371131 -2.392072 -2.413011 -2.43395 -2.454892
-3.033812 -3.008214 -2.982618 -2.952813 -2.875279 -2.797745 -2.721913 -2.661664 -2.601413 -2.541165 -2.49651 -2.457588 -2.418666 -2.37936 -2.337412 -2.295466 -2.253519 -2.211573 -2.169624 -2.127678 -2.086371 -2.04565 -2.004928 -1.964209 -1.923487 -1.882768 -1.877789 -1.880167 -1.882541 -1.884916 -1.889722 -1.920699 -1.951673 -1.982649 -2.013623 -2.0446 -2.075575 -2.106549 -2.136202 -2.164445 -2.192688 -2.217273 -2.238264 -2.244436 -2.246938 -2.249442 -2.251947 -2.277794 -2.30098 -2.321922 -2.342861 -2.363802 -2.380952 -2.391962 -2.402974 -2.413985 -2.424995 -2.436005 -2.447015 -2.458027 -2.469037 -2.480048
