models/HCHB/coorongtfvoperations/modelling/TFV/structure/dem_flow/zb_no_flow_002.asc
ncols         317
nrows         326
xllcorner     306235.69
yllcorner     6060815.6
cellsize      9.9790167000001
NODATA_value  -9999
[rows 216 to 242 of 326, columns 124 to 185 of 317]
-5.062878 -5.041447 -5.02714 -5.013584 -5.00243 -4.995378 -4.9891 -4.982893 -4.978284 -4.974137 -4.970341 -4.966211 -4.963831 -4.962036 -4.960248 -4.958662 -4.957859 -4.958104 -4.958356 -4.958615 -4.959684 -4.962079 -4.965027 -4.968746 -4.972461 -4.976179 -4.980352 -4.985526 -4.990867 -4.996204 -5.001473 -5.006504 -5.011441 -5.01629 -5.021051 -5.025732 -5.030326 -5.034842 -5.03962 -5.044006 -5.048316 -5.052549 -5.055628 -5.059177 -5.062729 -5.065314 -5.062438 -5.058684 -5.054932 -5.051176 -5.047422 -5.043666 -5.039914 -5.03616 -5.032404 -5.02865 -5.024895 -5.021142 -5.017385 -5.013632 -5.009877 -5.006123
-5.100884 -5.08586 -5.072053 -5.058704 -5.047639 -5.03714 -5.026918 -5.016219 -5.009902 -5.004635 -4.999588 -4.996058 -4.994043 -4.992644 -4.991239 -4.990062 -4.989758 -4.990438 -4.991137 -4.991854 -4.993063 -4.996118 -4.999755 -5.00355 -5.007278 -5.01104 -5.014904 -5.019907 -5.024747 -5.02941 -5.034226 -5.038956 -5.0436 -5.048159 -5.052635 -5.057033 -5.061355 -5.065598 -5.070375 -5.074491 -5.078532 -5.082502 -5.084946 -5.088494 -5.092046 -5.094411 -5.090281 -5.086527 -5.082775 -5.079019 -5.075265 -5.071509 -5.067757 -5.064003 -5.060247 -5.056491 -5.052738 -5.048985 -5.045228 -5.041475 -5.03772 -5.032961
-5.146345 -5.130772 -5.115118 -5.10284 -5.091598 -5.080656 -5.070171 -5.056691 -5.050198 -5.044634 -5.039157 -5.034563 -5.031706 -5.029096 -5.027289 -5.025901 -5.02553 -5.026061 -5.026793 -5.027514 -5.028522 -5.031437 -5.035236 -5.039032 -5.042434 -5.046197 -5.049615 -5.054307 -5.058457 -5.062471 -5.06698 -5.071409 -5.075758 -5.080025 -5.084218 -5.088336 -5.092381 -5.096354 -5.101131 -5.104972 -5.108747 -5.112453 -5.114263 -5.117812 -5.121222 -5.12188 -5.118124 -5.114371 -5.110618 -5.106862 -5.103108 -5.099352 -5.0956 -5.091844 -5.08809 -5.084334 -5.080581 -5.076828 -5.073072 -5.069318 -5.065563 -5.058417
-5.189493 -5.171689 -5.16024 -5.148049 -5.136198 -5.124661 -5.103849 -5.097166 -5.090497 -5.084636 -5.078866 -5.074375 -5.071127 -5.067273 -5.065197 -5.063794 -5.063134 -5.063066 -5.063519 -5.063962 -5.064524 -5.066925 -5.070721 -5.07452 -5.077591 -5.081353 -5.084326 -5.088706 -5.092168 -5.095531 -5.099737 -5.103863 -5.107913 -5.111894 -5.115799 -5.119637 -5.123409 -5.127109 -5.131242 -5.13427 -5.137752 -5.140028 -5.143579 -5.147129 -5.15032 -5.149724 -5.145967 -5.142214 -5.138461 -5.134705 -5.130949 -5.127195 -5.123443 -5.119687 -5.115933 -5.112177 -5.108425 -5.104671 -5.100915 -5.097161 -5.093406 -5.083876
-5.234406 -5.216653 -5.203249 -5.190656 -5.178399 -5.163829 -5.144131 -5.136024 -5.129829 -5.123734 -5.116933 -5.112747 -5.110312 -5.10545 -5.103106 -5.101687 -5.100738 -5.10007 -5.100242 -5.10041 -5.100525 -5.102409 -5.106205 -5.110004 -5.112747 -5.116508 -5.119038 -5.123106 -5.125878 -5.128592 -5.13249 -5.136316 -5.140072 -5.143762 -5.147383 -5.150561 -5.153473 -5.157865 -5.161203 -5.164485 -5.167706 -5.169345 -5.172894 -5.176446 -5.179417 -5.177567 -5.17381 -5.170057 -5.166302 -5.162548 -5.158792 -5.155038 -5.151286 -5.14753 -5.143775 -5.14002 -5.136268 -5.132514 -5.128758 -5.125002 -5.118906 -5.109231
-5.273067 -5.258451 -5.246665 -5.235258 -5.222404 -5.197277 -5.184606 -5.176322 -5.169828 -5.163444 -5.156746 -5.151632 -5.145239 -5.142618 -5.140164 -5.138738 -5.13834 -5.137074 -5.136966 -5.136858 -5.136528 -5.137894 -5.141693 -5.145489 -5.147904 -5.150413 -5.153247 -5.156229 -5.159213 -5.161654 -5.165123 -5.168039 -5.170905 -5.174057 -5.177381 -5.180642 -5.183843 -5.188622 -5.191688 -5.194702 -5.197657 -5.198662 -5.202211 -5.205763 -5.208513 -5.20541 -5.201653 -5.1979 -5.194145 -5.190391 -5.186635 -5.182882 -5.179129 -5.175373 -5.171618 -5.167863 -5.164111 -5.160355 -5.156601 -5.152845 -5.144362 -5.134664
-5.318188 -5.303659 -5.289715 -5.276142 -5.257543 -5.231588 -5.224113 -5.216619 -5.20983 -5.203153 -5.196558 -5.191052 -5.183416 -5.180524 -5.177913 -5.174992 -5.173141 -5.17276 -5.172384 -5.17144 -5.172532 -5.173378 -5.177177 -5.179298 -5.18306 -5.18333 -5.186555 -5.188057 -5.189649 -5.192907 -5.196179 -5.199389 -5.202542 -5.205639 -5.208682 -5.211668 -5.214599 -5.219378 -5.22217 -5.224917 -5.227611 -5.22798 -5.231529 -5.23508 -5.237608 -5.233253 -5.229496 -5.225743 -5.221988 -5.218235 -5.214478 -5.210725 -5.206972 -5.203216 -5.199461 -5.195706 -5.191954 -5.188198 -5.184444 -5.179392 -5.169661 -5.159949
-5.35886 -5.344173 -5.330071 -5.318581 -5.290987 -5.272046 -5.262146 -5.255023 -5.248017 -5.240267 -5.235806 -5.230473 -5.221593 -5.218433 -5.215806 -5.212595 -5.210145 -5.209486 -5.208832 -5.205268 -5.206264 -5.208866 -5.212662 -5.214454 -5.218215 -5.218041 -5.220954 -5.221767 -5.222639 -5.225664 -5.228631 -5.231548 -5.234411 -5.237224 -5.239985 -5.242696 -5.245354 -5.250134 -5.252655 -5.255133 -5.257564 -5.257297 -5.260846 -5.264398 -5.264874 -5.261096 -5.25734 -5.253586 -5.249831 -5.246078 -5.242321 -5.238568 -5.234813 -5.231059 -5.227304 -5.22355 -5.219797 -5.216041 -5.212286 -5.204848 -5.195094 -5.185359
-5.404069 -5.388773 -5.373882 -5.351254 -5.324432 -5.312518 -5.302445 -5.295023 -5.287727 -5.27893 -5.271557 -5.266563 -5.25977 -5.256343 -5.253698 -5.250196 -5.247151 -5.246212 -5.245279 -5.24127 -5.240551 -5.244349 -5.248147 -5.249611 -5.253373 -5.252752 -5.255354 -5.255478 -5.2557 -5.258417 -5.261086 -5.263707 -5.26628 -5.268806 -5.271286 -5.273726 -5.27611 -5.28089 -5.283136 -5.285348 -5.287516 -5.286613 -5.290163 -5.293516 -5.292693 -5.288939 -5.285183 -5.281429 -5.277674 -5.273921 -5.270165 -5.266411 -5.262656 -5.258902 -5.255147 -5.251393 -5.24764 -5.243884 -5.239882 -5.230162 -5.220528 -5.210769
-5.443231 -5.427619 -5.41152 -5.384699 -5.359486 -5.350983 -5.342742 -5.335022 -5.327439 -5.318742 -5.310977 -5.301332 -5.297741 -5.294204 -5.291594 -5.287799 -5.284155 -5.282936 -5.281727 -5.277272 -5.276037 -5.279836 -5.283631 -5.284767 -5.288528 -5.287462 -5.289752 -5.289188 -5.288761 -5.291171 -5.293539 -5.295865 -5.298145 -5.300387 -5.302589 -5.304751 -5.306866 -5.311646 -5.313054 -5.314392 -5.315735 -5.315928 -5.31948 -5.322613 -5.320536 -5.316782 -5.313026 -5.30927 -5.305517 -5.301764 -5.298008 -5.294254 -5.290499 -5.286746 -5.28299 -5.279236 -5.275481 -5.271727 -5.265337 -5.255525 -5.245736 -5.235993
-5.487833 -5.471625 -5.444965 -5.418146 -5.39996 -5.388269 -5.380218 -5.372304 -5.364386 -5.358552 -5.350398 -5.337738 -5.333763 -5.329926 -5.325995 -5.324254 -5.321158 -5.319659 -5.318175 -5.313273 -5.311522 -5.31532 -5.319118 -5.319922 -5.322937 -5.322173 -5.324152 -5.322898 -5.321819 -5.323925 -5.325992 -5.328022 -5.330015 -5.331972 -5.333893 -5.335781 -5.337624 -5.339495 -5.341086 -5.342764 -5.342906 -5.345245 -5.348797 -5.35171 -5.348379 -5.344623 -5.340869 -5.337113 -5.33336 -5.329607 -5.325851 -5.322097 -5.318342 -5.314589 -5.310833 -5.307079 -5.303324 -5.29957 -5.290793 -5.280958 -5.271143 -5.261446
-5.525362 -5.505231 -5.478412 -5.451591 -5.440432 -5.428568 -5.420217 -5.412014 -5.401114 -5.393355 -5.3884 -5.375915 -5.371672 -5.367819 -5.362053 -5.358373 -5.356493 -5.354682 -5.352942 -5.349277 -5.347009 -5.350804 -5.354359 -5.35508 -5.354177 -5.35491 -5.355823 -5.356606 -5.35488 -5.35668 -5.358447 -5.360179 -5.36188 -5.363362 -5.364425 -5.365458 -5.36838 -5.369852 -5.371302 -5.372718 -5.371014 -5.374563 -5.378115 -5.380807 -5.376222 -5.372466 -5.368712 -5.364956 -5.361204 -5.35745 -5.353694 -5.349938 -5.346185 -5.342432 -5.338676 -5.334922 -5.331167 -5.325824 -5.315958 -5.30611 -5.296288 -5.286714
-5.56699 -5.538675 -5.511856 -5.4874 -5.47785 -5.468864 -5.460217 -5.451725 -5.440926 -5.430902 -5.422895 -5.414092 -5.409578 -5.405712 -5.399656 -5.394232 -5.392179 -5.39015 -5.386496 -5.385279 -5.382493 -5.386292 -5.386474 -5.390235 -5.386467 -5.387602 -5.386501 -5.387251 -5.387941 -5.388883 -5.389749 -5.390598 -5.391434 -5.392254 -5.393056 -5.394354 -5.399135 -5.400334 -5.401517 -5.402669 -5.400331 -5.40388 -5.407432 -5.408909 -5.404065 -5.400309 -5.396554 -5.392799 -5.389047 -5.385293 -5.381537 -5.377781 -5.374028 -5.370275 -5.366519 -5.362765 -5.35901 -5.35128 -5.341389 -5.331522 -5.321738 -5.311391
-5.598941 -5.572122 -5.545302 -5.527872 -5.514394 -5.50541 -5.496793 -5.488493 -5.480739 -5.470321 -5.457622 -5.452269 -5.447487 -5.443605 -5.437257 -5.431235 -5.428903 -5.4266 -5.420046 -5.419538 -5.417977 -5.421776 -5.421629 -5.425393 -5.421176 -5.422002 -5.418787 -5.41769 -5.418242 -5.418845 -5.419497 -5.420663 -5.421812 -5.422935 -5.424041 -5.42511 -5.429891 -5.430819 -5.431736 -5.432623 -5.429646 -5.433197 -5.436715 -5.435661 -5.431908 -5.428152 -5.424397 -5.420642 -5.41689 -5.413134 -5.40938 -5.405624 -5.401872 -5.398118 -5.394362 -5.390608 -5.386312 -5.376388 -5.366609 -5.356866 -5.347188 -5.336308
-5.632388 -5.605568 -5.578767 -5.568347 -5.55469 -5.545412 -5.536301 -5.523311 -5.51641 -5.50974 -5.492693 -5.487751 -5.482878 -5.478878 -5.474861 -5.468239 -5.465629 -5.463048 -5.45402 -5.452811 -5.453465 -5.457261 -5.456787 -5.460548 -5.455887 -5.456399 -5.452498 -5.448925 -5.449852 -5.450762 -5.451655 -5.452532 -5.453393 -5.454239 -5.455068 -5.455868 -5.460647 -5.461301 -5.461951 -5.462574 -5.458962 -5.462514 -5.465809 -5.463504 -5.459749 -5.455995 -5.45224 -5.448485 -5.444733 -5.440977 -5.437222 -5.433467 -5.429715 -5.425961 -5.422205 -5.418449 -5.411767 -5.401821 -5.391897 -5.382031 -5.371951 -5.361405
-5.665833 -5.639012 -5.615312 -5.60472 -5.594989 -5.585411 -5.57601 -5.563109 -5.55091 -5.544538 -5.530235 -5.524907 -5.519831 -5.513255 -5.51 -5.505246 -5.502353 -5.499496 -5.490022 -5.486085 -5.488949 -5.492745 -5.491942 -5.49546 -5.4906 -5.490798 -5.486208 -5.481987 -5.482607 -5.483214 -5.483813 -5.484398 -5.484976 -5.485542 -5.486096 -5.486624 -5.491405 -5.491786 -5.491693 -5.491483 -5.488279 -5.491831 -5.494906 -5.491347 -5.487592 -5.483838 -5.480083 -5.476329 -5.472576 -5.46882 -5.465065 -5.46131 -5.457558 -5.453802 -5.450048 -5.446292 -5.437109 -5.427255 -5.417305 -5.407481 -5.396624 -5.386701
-5.699278 -5.672459 -5.655787 -5.640517 -5.63107 -5.621808 -5.612598 -5.602922 -5.590246 -5.579229 -5.568412 -5.562816 -5.557724 -5.549115 -5.544117 -5.540761 -5.537561 -5.534445 -5.526023 -5.520636 -5.524435 -5.528233 -5.5271 -5.526704 -5.525311 -5.524806 -5.519917 -5.515048 -5.515361 -5.515667 -5.515972 -5.516266 -5.516558 -5.516843 -5.517123 -5.51738 -5.519946 -5.519475 -5.519003 -5.518619 -5.517597 -5.521149 -5.524004 -5.51919 -5.515435 -5.511682 -5.507926 -5.504172 -5.500419 -5.496663 -5.492908 -5.489154 -5.485401 -5.481645 -5.477891 -5.472256 -5.462254 -5.452272 -5.442326 -5.432513 -5.421649 -5.412398
-5.732725 -5.706503 -5.695799 -5.680816 -5.670606 -5.660584 -5.64743 -5.639469 -5.629666 -5.613954 -5.606589 -5.600726 -5.595616 -5.586718 -5.578317 -5.574872 -5.571467 -5.567997 -5.562025 -5.55612 -5.559919 -5.56215 -5.562255 -5.557939 -5.556575 -5.555417 -5.553627 -5.548109 -5.548114 -5.548122 -5.54813 -5.548135 -5.548141 -5.548147 -5.548151 -5.548136 -5.548014 -5.547904 -5.54778 -5.545794 -5.546914 -5.550466 -5.552947 -5.547033 -5.543278 -5.539525 -5.535769 -5.532015 -5.52826 -5.524506 -5.520751 -5.516996 -5.513244 -5.509488 -5.505733 -5.497712 -5.487685 -5.477684 -5.467775 -5.45719 -5.446748 -5.437886
-5.766171 -5.743227 -5.731587 -5.721111 -5.710605 -5.700296 -5.685296 -5.673964 -5.666489 -5.648929 -5.642879 -5.636917 -5.631763 -5.624321 -5.615323 -5.611596 -5.607917 -5.60155 -5.598027 -5.591608 -5.595404 -5.594236 -5.597414 -5.589603 -5.588651 -5.586078 -5.584855 -5.58117 -5.580871 -5.580575 -5.580286 -5.579998 -5.579134 -5.578288 -5.577444 -5.578892 -5.578498 -5.578118 -5.577731 -5.572982 -5.576231 -5.579782 -5.57935 -5.574876 -5.571121 -5.567368 -5.563612 -5.559858 -5.556103 -5.552349 -5.548594 -5.54484 -5.541087 -5.537331 -5.532742 -5.522685 -5.512688 -5.50281 -5.493076 -5.481893 -5.471889 -5.463362
-5.799615 -5.783699 -5.767374 -5.757008 -5.74682 -5.736704 -5.725105 -5.710172 -5.70084 -5.684556 -5.678144 -5.671844 -5.666138 -5.661649 -5.652327 -5.64832 -5.644365 -5.635103 -5.632806 -5.627092 -5.630888 -5.628807 -5.632568 -5.624314 -5.623047 -5.616785 -5.615294 -5.613853 -5.612644 -5.611458 -5.610292 -5.609149 -5.608026 -5.606919 -5.605814 -5.60965 -5.608981 -5.608335 -5.607685 -5.601996 -5.605548 -5.609008 -5.606473 -5.602717 -5.598964 -5.595211 -5.591455 -5.587701 -5.583946 -5.580193 -5.576437 -5.572683 -5.56893 -5.565174 -5.558197 -5.548118 -5.538059 -5.528068 -5.517749 -5.506989 -5.497531 -5.488839
-5.834242 -5.822669 -5.806938 -5.795797 -5.784871 -5.77155 -5.762529 -5.749591 -5.735565 -5.722733 -5.716053 -5.709737 -5.700512 -5.695747 -5.68933 -5.685045 -5.680813 -5.668656 -5.66608 -5.662577 -5.666376 -5.663962 -5.667727 -5.659026 -5.657446 -5.649518 -5.64573 -5.644094 -5.642605 -5.641142 -5.639709 -5.638299 -5.637191 -5.636413 -5.635625 -5.640406 -5.639465 -5.638553 -5.637636 -5.631313 -5.634865 -5.638103 -5.634316 -5.63056 -5.626807 -5.623054 -5.619298 -5.615542 -5.611789 -5.608036 -5.60428 -5.600526 -5.59677 -5.593017 -5.58332 -5.573366 -5.563434 -5.553517 -5.542428 -5.532089 -5.523188 -5.514315
-5.871139 -5.858457 -5.847237 -5.8358 -5.824583 -5.807479 -5.797018 -5.788438 -5.770288 -5.760911 -5.753961 -5.74763 -5.736176 -5.729861 -5.725027 -5.720441 -5.715949 -5.702768 -5.699357 -5.698061 -5.70186 -5.699121 -5.699226 -5.693737 -5.691846 -5.683228 -5.676168 -5.674333 -5.672893 -5.671762 -5.670653 -5.669562 -5.668492 -5.667439 -5.66638 -5.671162 -5.66995 -5.668768 -5.66723 -5.660631 -5.664183 -5.667202 -5.662159 -5.658403 -5.654651 -5.650897 -5.647141 -5.643385 -5.639632 -5.635879 -5.632123 -5.628369 -5.624613 -5.618687 -5.608549 -5.598434 -5.58836 -5.578311 -5.567233 -5.557189 -5.548662 -5.539791
-5.911613 -5.894241 -5.882943 -5.871834 -5.860813 -5.847291 -5.831515 -5.822627 -5.805162 -5.798008 -5.790956 -5.784645 -5.77378 -5.763999 -5.759021 -5.75417 -5.749502 -5.73877 -5.73263 -5.733549 -5.737345 -5.734275 -5.730471 -5.727331 -5.7244 -5.716938 -5.708276 -5.706796 -5.705346 -5.70392 -5.702519 -5.701146 -5.699796 -5.698467 -5.697136 -5.700398 -5.698332 -5.696303 -5.694366 -5.689948 -5.6935 -5.6963 -5.690001 -5.686246 -5.682494 -5.67874 -5.674984 -5.671228 -5.667475 -5.663722 -5.659966 -5.656212 -5.652457 -5.644056 -5.633982 -5.623845 -5.613811 -5.602987 -5.59233 -5.582693 -5.574138 -5.565265
-5.949536 -5.933063 -5.920991 -5.909157 -5.895669 -5.885588 -5.869514 -5.857172 -5.840292 -5.832891 -5.825591 -5.81902 -5.811383 -5.799407 -5.79429 -5.789235 -5.783052 -5.774775 -5.765903 -5.769032 -5.769941 -5.769433 -5.761699 -5.758237 -5.75501 -5.750647 -5.741337 -5.739552 -5.737798 -5.736078 -5.734388 -5.732728 -5.7311 -5.729496 -5.727892 -5.728198 -5.725895 -5.723612 -5.721498 -5.719265 -5.722816 -5.723388 -5.717844 -5.714089 -5.710337 -5.706581 -5.702827 -5.699071 -5.695319 -5.691565 -5.687809 -5.684053 -5.679173 -5.668979 -5.658813 -5.648756 -5.638875 -5.627662 -5.61743 -5.608397 -5.599614 -5.590741
-5.985324 -5.973359 -5.960993 -5.948866 -5.930474 -5.920074 -5.908935 -5.891899 -5.877055 -5.869289 -5.861749 -5.853395 -5.847394 -5.836411 -5.831013 -5.825683 -5.816606 -5.810777 -5.80072 -5.804519 -5.802031 -5.804588 -5.79293 -5.789696 -5.785656 -5.782457 -5.774398 -5.772305 -5.77025 -5.768235 -5.766254 -5.76431 -5.762403 -5.760522 -5.75865 -5.756662 -5.754722 -5.752792 -5.748684 -5.748582 -5.752131 -5.749794 -5.745687 -5.741933 -5.73818 -5.734424 -5.73067 -5.726914 -5.723162 -5.719408 -5.715652 -5.711896 -5.704629 -5.694412 -5.68422 -5.674105 -5.663548 -5.652574 -5.642529 -5.633964 -5.62509 -5.616217
-6.021111 -6.008881 -5.996849 -5.984919 -5.969475 -5.954569 -5.944576 -5.926622 -5.915232 -5.907198 -5.899642 -5.88777 -5.881493 -5.873415 -5.867736 -5.862131 -5.85016 -5.846078 -5.836205 -5.840003 -5.835982 -5.839746 -5.827449 -5.824095 -5.81636 -5.812896 -5.807459 -5.805058 -5.802705 -5.800393 -5.797714 -5.794909 -5.79215 -5.789426 -5.789406 -5.787145 -5.784937 -5.782743 -5.775874 -5.777899 -5.781302 -5.777285 -5.77353 -5.769776 -5.766023 -5.762267 -5.758512 -5.754757 -5.751005 -5.747249 -5.743495 -5.739659 -5.729527 -5.719442 -5.70938 -5.69944 -5.68823 -5.677673 -5.667881 -5.65944 -5.650567 -5.641693
-6.059185 -6.046186 -6.033442 -6.019787 -6.008648 -5.989439 -5.978783 -5.961398 -5.953139 -5.944994 -5.937528 -5.923241 -5.915605 -5.909294 -5.90332 -5.897451 -5.883712 -5.879352 -5.871692 -5.875487 -5.87114 -5.871751 -5.862161 -5.858494 -5.847065 -5.843332 -5.839705 -5.836404 -5.833167 -5.829987 -5.826866 -5.823798 -5.820785 -5.817797 -5.820162 -5.817629 -5.815153 -5.812697 -5.803665 -5.807217 -5.8104 -5.805128 -5.801373 -5.797619 -5.793866 -5.79011 -5.786355 -5.7826 -5.778848 -5.775092 -5.771338 -5.765116 -5.754845 -5.744596 -5.734397 -5.724113 -5.712893 -5.702773 -5.693532 -5.684916 -5.676043 -5.66717
