models/HCHB/coorongtfvoperations/modelling/TFV/structure/dem_flow/zb_verylow_flow_002.asc
ncols         317
nrows         326
xllcorner     306235.69
yllcorner     6060815.6
cellsize      9.9790167000001
NODATA_value  -9999
[rows 27 to 53 of 326, columns 62 to 123 of 317]
-9999 -9999 -9999 -9999 -9999 -9999 -9999 -9999 -9999 -9999 -9999 -9999 -9999 -9999 -9999 -9999 -9999 -9999 -9999 -9999 -9999 -9999 -9999 -9999 -9999 -9999 -9999 -9999 -9999 -9999 -9999 -9999 -9999 -9999 -9999 -9999 1.032269 1.040002 1.007135 0.9673086 0.9285842 0.8894731 0.8499695 0.8093771 0.7671099 0.7244123 0.681858 0.6404822 0.5986806 0.5564464 0.5137729 0.4694727 0.4238654 -0.5606248 -0.5737428 -0.104524 -0.04873495 -0.5508406 -0.474454 -0.4034525 -0.554694 -0.1383608
-9999 -9999 -9999 -9999 -9999 -9999 -9999 -9999 -9999 -9999 -9999 -9999 -9999 -9999 -9999 -9999 -9999 -9999 -9999 -9999 -9999 -9999 -9999 -9999 -9999 -9999 -9999 -9999 -9999 -9999 -9999 -9999 -9999 -9999 -9999 0.9343586 1.145449 1.112582 1.078334 1.03963 0.9991449 0.9582538 0.9169504 0.8766226 0.8366534 0.796277 0.7554871 0.7132659 0.6696272 0.6255348 0.5824046 0.5396438 0.08694465 -0.474857 -0.3914068 0.3600608 -0.4278347 -0.350594 -0.2985331 -0.3624737 -0.2615848 -0.05312751
-9999 -9999 -9999 -9999 -9999 -9999 -9999 -9999 -9999 -9999 -9999 -9999 -9999 -9999 -9999 -9999 -9999 -9999 -9999 -9999 -9999 -9999 -9999 -9999 -9999 -9999 -9999 -9999 -9999 -9999 -9999 -9999 -9999 -9999 1.213939 1.250896 1.218029 1.185161 1.1456 1.105724 1.067498 1.028887 0.9898875 0.9496468 0.9078788 0.8656832 0.8230645 0.7822025 0.7409177 0.6992036 0.6570534 0.6131152 -0.3380703 -0.2732558 0.3040967 0.02130355 -0.2691883 -0.2098188 -0.1702535 -0.3138667 0.1878158 -0.3714187
-9999 -9999 -9999 -9999 -9999 -9999 -9999 -9999 -9999 -9999 -9999 -9999 -9999 -9999 -9999 -9999 -9999 -9999 -9999 -9999 -9999 -9999 -9999 -9999 -9999 -9999 -9999 -9999 -9999 -9999 -9999 -9999 -9999 -9999 1.356343 1.323475 1.290608 1.254598 1.217301 1.178948 1.138959 1.098567 1.057765 1.017385 0.9779291 0.9380693 0.8977993 0.8559406 0.8128168 0.7692422 0.7260438 0.1073688 -0.1743699 0.01721386 0.5250617 -0.1687602 -0.08677749 -0.03389788 -0.1419021 0.06777336 0.05117383 -0.2822623
-9999 -9999 -9999 -9999 -9999 -9999 -9999 -9999 -9999 -9999 -9999 -9999 -9999 -9999 -9999 -9999 -9999 -9999 -9999 -9999 -9999 -9999 -9999 -9999 -9999 -9999 -9999 -9999 -9999 -9999 -9999 -9999 -9999 1.321925 1.428922 1.396055 1.363187 1.324511 1.285448 1.245993 1.207805 1.169708 1.131224 1.091345 1.050089 1.008408 0.9662958 0.9253892 0.8846344 0.8434534 0.7549382 -0.05859394 -0.004803014 0.6665822 0.09134205 0.01246405 0.05481643 0.05031815 -0.0554507 0.386595 -0.2189696 -0.08891507
-9999 -9999 -9999 -9999 -9999 -9999 -9999 -9999 -9999 -9999 -9999 -9999 -9999 -9999 -9999 -9999 -9999 -9999 -9999 -9999 -9999 -9999 -9999 -9999 -9999 -9999 -9999 -9999 -9999 -9999 -9999 -9999 1.513803 1.534369 1.501501 1.468634 1.430863 1.394441 1.357656 1.319665 1.280183 1.240302 1.200014 1.159581 1.120652 1.081321 1.041584 1.000099 0.957503 0.9144597 0.1277929 0.1261171 0.4258345 0.5951002 0.09386975 0.1599171 0.2103325 0.07866954 0.3971316 0.1554752 0.01695651 0.09677736
-9999 -9999 -9999 -9999 -9999 -9999 -9999 -9999 -9999 -9999 -9999 -9999 -9999 -9999 -9999 -9999 -9999 -9999 -9999 -9999 -9999 -9999 -9999 -9999 -9999 -9999 -9999 -9999 -9999 -9999 -9999 -9999 1.639815 1.606948 1.574081 1.541214 1.503421 1.465251 1.426698 1.387757 1.349527 1.311955 1.274 1.234495 1.193763 1.152609 1.111028 1.070065 1.029853 0.7753624 0.2250029 0.2633893 0.8590832 0.2437668 0.2941164 0.3194517 0.2708898 0.2739075 0.5780677 0.08024918 0.165176 0.2468511
-9999 -9999 -9999 -9999 -9999 -9999 -9999 -9999 -9999 -9999 -9999 -9999 -9999 -9999 -9999 -9999 -9999 -9999 -9999 -9999 -9999 -9999 -9999 -9999 -9999 -9999 -9999 -9999 -9999 -9999 -9999 1.709492 1.712395 1.679528 1.64666 1.609391 1.571751 1.53568 1.499419 1.4618 1.422839 1.383481 1.34372 1.30355 1.264843 1.226055 1.186864 1.145764 1.103709 0.3864191 0.4222423 0.8344553 0.6651387 0.3755221 0.408166 0.4471039 0.3233503 0.7031131 0.2597765 0.2858049 0.3705793 0.3232499
-9999 -9999 -9999 -9999 -9999 -9999 -9999 -9999 -9999 -9999 -9999 -9999 -9999 -9999 -9999 -9999 -9999 -9999 -9999 -9999 -9999 -9999 -9999 -9999 -9999 -9999 -9999 -9999 -9999 -9999 1.813667 1.817842 1.784974 1.752107 1.718153 1.682331 1.645054 1.607404 1.569373 1.530957 1.492687 1.455652 1.418239 1.379117 1.338923 1.29831 1.257273 1.216254 0.7957866 0.5254899 0.5475724 1.051584 0.5028413 0.5527313 0.5840869 0.4914614 0.6032657 0.682369 0.379468 0.4389779 0.4640911 0.4090107
-9999 -9999 -9999 -9999 -9999 -9999 -9999 -9999 -9999 -9999 -9999 -9999 -9999 -9999 -9999 -9999 -9999 -9999 -9999 -9999 -9999 -9999 -9999 -9999 -9999 -9999 -9999 -9999 -9999 -9999 1.923288 1.890421 1.857554 1.824687 1.788302 1.751554 1.714437 1.678337 1.642612 1.605376 1.566947 1.528126 1.488905 1.449278 1.410527 1.372295 1.333663 1.292959 0.6658954 0.6904346 1.165604 0.7351772 0.6571744 0.6728013 0.6836817 0.5691608 0.9018923 0.4427606 0.5211359 0.5990785 0.5409533 0.6228115
-9999 -9999 -9999 -9999 -9999 -9999 -9999 -9999 -9999 -9999 -9999 -9999 -9999 -9999 -9999 -9999 -9999 -9999 -9999 -9999 -9999 -9999 -9999 -9999 -9999 -9999 -9999 -9999 -9999 2.028735 1.995868 1.963001 1.930133 1.894417 1.860298 1.824858 1.788109 1.75099 1.713494 1.675617 1.637351 1.600821 1.563962 1.525236 1.485592 1.445533 1.405054 0.8314321 0.825977 0.9561931 1.238935 0.7619158 0.7994258 0.8241175 0.7147568 0.9326239 0.7866703 0.6605249 0.7127798 0.6799955 0.6751338 0.7275721
-9999 -9999 -9999 -9999 -9999 -9999 -9999 -9999 -9999 -9999 -9999 -9999 -9999 -9999 -9999 -9999 -9999 -9999 -9999 -9999 -9999 -9999 -9999 -9999 -9999 -9999 -9999 -9999 2.11353 2.101315 2.068447 2.03558 2.002712 1.967212 1.931357 1.895143 1.858563 1.822432 1.787257 1.750414 1.712532 1.674259 1.635591 1.596521 1.557726 1.520063 1.46378 0.9453717 0.9586269 1.358106 0.9153683 0.9388267 0.9374365 0.9042533 0.8149712 1.100672 0.7419794 0.7811784 0.8202837 0.7641277 0.851483 0.797973
-9999 -9999 -9999 -9999 -9999 -9999 -9999 -9999 -9999 -9999 -9999 -9999 -9999 -9999 -9999 -9999 -9999 -9999 -9999 -9999 -9999 -9999 -9999 -9999 -9999 -9999 -9999 -9999 2.206761 2.173894 2.141027 2.108159 2.073183 2.037857 2.003863 1.968814 1.932606 1.896031 1.859083 1.821757 1.784047 1.747484 1.711193 1.672874 1.633794 1.594304 1.110908 1.11748 1.364814 1.308974 1.02099 1.04612 1.060889 0.9605673 1.21841 0.8909717 0.8958559 0.9513059 0.8963163 0.9412568 0.9296693 0.8266381
-9999 -9999 -9999 -9999 -9999 -9999 -9999 -9999 -9999 -9999 -9999 -9999 -9999 -9999 -9999 -9999 -9999 -9999 -9999 -9999 -9999 -9999 -9999 -9999 -9999 -9999 -9999 2.312208 2.279341 2.246473 2.213606 2.180739 2.146123 2.111161 2.075848 2.040179 2.004149 1.967988 1.933376 1.896937 1.859614 1.821904 1.783803 1.745303 1.706463 1.484204 1.22535 1.226819 1.550606 1.174443 1.19224 1.201131 1.124825 1.138758 1.299451 1.035245 1.05498 1.036741 0.9935791 1.058512 1.006879 0.6570114
-9999 -9999 -9999 -9999 -9999 -9999 -9999 -9999 -9999 -9999 -9999 -9999 -9999 -9999 -9999 -9999 -9999 -9999 -9999 -9999 -9999 -9999 -9999 -9999 -9999 -9999 2.413394 2.384788 2.35192 2.319053 2.286186 2.252093 2.21766 2.182882 2.148869 2.114223 2.078568 2.04255 2.006163 1.969401 1.93226 1.895664 1.859955 1.822055 1.783554 1.390385 1.385672 1.664627 1.379012 1.301885 1.292815 1.29766 1.206378 1.41719 1.104491 1.131187 1.172511 1.119491 1.181138 1.131766 0.9252846 0.8348767
-9999 -9999 -9999 -9999 -9999 -9999 -9999 -9999 -9999 -9999 -9999 -9999 -9999 -9999 -9999 -9999 -9999 -9999 -9999 -9999 -9999 -9999 -9999 -9999 -9999 -9999 2.490234 2.457367 2.4245 2.391632 2.358063 2.325033 2.290964 2.256554 2.221796 2.186686 2.151219 2.115388 2.08099 2.044969 2.008218 1.971085 1.933564 1.895648 1.555921 1.525837 1.495011 1.743108 1.433517 1.438935 1.437902 1.351974 1.468116 1.417866 1.270576 1.303533 1.252645 1.259702 1.263601 1.215785 0.9083752 1.113515
-9999 -9999 -9999 -9999 -9999 -9999 -9999 -9999 -9999 -9999 -9999 -9999 -9999 -9999 -9999 -9999 -9999 -9999 -9999 -9999 -9999 -9999 -9999 -9999 -9999 2.5 2.5 2.5 2.497079 2.464212 2.431004 2.397464 2.363587 2.329369 2.295337 2.261105 2.226016 2.190568 2.154756 2.118573 2.082014 2.045386 2.010273 1.972803 1.669861 1.653865 1.857128 1.58697 1.583537 1.555421 1.534432 1.452188 1.615969 1.40371 1.397181 1.393487 1.342665 1.388168 1.339522 1.057261 1.185263 1.195198
-9999 -9999 -9999 -9999 -9999 -9999 -9999 -9999 -9999 -9999 -9999 -9999 -9999 -9999 -9999 -9999 -9999 -9999 -9999 -9999 -9999 -9999 -9999 -9999 -9999 2.5 2.5 2.5 2.5 2.5 2.5 2.470767 2.437259 2.403413 2.369223 2.334685 2.299794 2.264543 2.230125 2.194531 2.158367 2.121825 2.084898 1.835398 1.812718 1.895172 1.935609 1.692592 1.685629 1.674674 1.597784 1.733708 1.522167 1.505907 1.524739 1.474854 1.510793 1.465698 1.354355 1.159739 1.326278 1.275696
-9999 -9999 -9999 -9999 -9999 -9999 -9999 -9999 -9999 -9999 -9999 -9999 -9999 -9999 -9999 -9999 -9999 -9999 -9999 -9999 -9999 -9999 -9999 -9999 2.5 2.5 2.5 2.5 2.5 2.5 2.5 2.5 2.5 2.477341 2.443354 2.409483 2.374974 2.340111 2.304886 2.269296 2.233333 2.196993 2.162053 1.949337 1.922057 2.049629 1.846044 1.831749 1.814916 1.758188 1.697999 1.814748 1.645296 1.655761 1.609391 1.578148 1.595197 1.548428 1.308624 1.452299 1.402939 1.252959
-9999 -9999 -9999 -9999 -9999 -9999 -9999 -9999 -9999 -9999 -9999 -9999 -9999 -9999 -9999 -9999 -9999 -9999 -9999 -9999 -9999 -9999 -9999 -9999 2.5 2.5 2.5 2.5 2.5 2.5 2.5 2.5 2.5 2.5 2.5 2.4842 2.449898 2.415242 2.380802 2.345649 2.310085 2.274148 2.114874 2.08091 2.163649 2.022847 1.951666 1.932324 1.911445 1.843595 1.932487 1.766221 1.741238 1.745944 1.698028 1.717823 1.672165 1.45751 1.498143 1.538454 1.490441 1.095323
-9999 -9999 -9999 -9999 -9999 -9999 -9999 -9999 -9999 -9999 -9999 -9999 -9999 -9999 -9999 -9999 -9999 -9999 -9999 -9999 -9999 -9999 -9999 2.5 2.5 2.5 2.5 2.5 2.5 2.5 2.5 2.5 2.5 2.5 2.5 2.5 2.5 2.491199 2.456578 2.421594 2.386243 2.280411 2.228814 2.190249 2.24213 2.105119 2.078444 2.051687 1.989191 2.003608 2.013527 1.880627 1.876966 1.830217 1.840449 1.799629 1.757334 1.559988 1.665062 1.617636 1.379432 1.145605
-9999 -9999 -9999 -9999 -9999 -9999 -9999 -9999 -9999 -9999 -9999 -9999 -9999 -9999 -9999 -9999 -9999 -9999 -9999 -9999 -9999 -9999 2.009034 2.5 2.5 2.5 2.5 2.5 2.5 2.5 2.5 2.5 2.5 2.5 2.5 2.5 2.5 2.5 2.5 2.498346 2.463398 2.39435 2.349102 2.35615 2.258571 2.224563 2.179018 2.148217 2.089405 2.131266 2.020016 2.007988 1.966136 1.921203 1.924852 1.881071 1.708874 1.791084 1.746194 1.674205 1.324747 1.282305
-9999 -9999 -9999 -9999 -9999 -9999 -9999 -9999 -9999 -9999 -9999 -9999 -9999 -9999 -9999 -9999 -9999 -9999 -9999 -9999 -9999 -9999 2.5 2.5 2.5 2.5 2.5 2.5 2.5 2.5 2.5 2.5 2.5 2.5 2.5 2.5 2.5 2.5 2.5 2.5 2.5 2.5 2.458441 2.434631 2.364193 2.325138 2.288459 2.235001 2.249005 2.153362 2.115958 2.098171 2.053391 2.047478 2.004808 1.882072 1.811352 1.877825 1.832382 1.534603 1.448052 1.410808
-9999 -9999 -9999 -9999 -9999 -9999 -9999 -9999 -9999 -9999 -9999 -9999 -9999 -9999 -9999 -9999 -9999 -9999 -9999 -9999 -9999 2.300186 2.5 2.5 2.5 2.5 2.5 2.5 2.5 2.5 2.5 2.5 2.5 2.5 2.5 2.5 2.5 2.5 2.5 2.5 2.5 2.5 2.5 2.5 2.471258 2.428701 2.384988 2.335216 2.330045 2.255347 2.229193 2.18558 2.162716 2.131882 2.089977 1.960237 2.003846 1.959577 1.800679 1.627194 1.586943 1.562001
-9999 -9999 -9999 -9999 -9999 -9999 -9999 -9999 -9999 -9999 -9999 -9999 -9999 -9999 -9999 -9999 -9999 -9999 -9999 -9999 -9999 2.5 2.5 2.5 2.5 2.5 2.5 2.5 2.5 2.5 2.5 2.5 2.5 2.5 2.5 2.5 2.5 2.5 2.5 2.5 2.5 2.5 2.5 2.5 2.5 2.5 2.480812 2.447784 2.394736 2.355384 2.319376 2.276566 2.254508 2.213714 2.109123 2.129868 2.08945 2.047127 1.806336 1.763078 1.720237 1.679484
-9999 -9999 -9999 -9999 -9999 -9999 -9999 -9999 -9999 -9999 -9999 -9999 -9999 -9999 -9999 -9999 -9999 -9999 -9999 -9999 2.5 2.5 2.5 2.5 2.5 2.5 2.5 2.5 2.5 2.5 2.5 2.5 2.5 2.5 2.5 2.5 2.5 2.5 2.5 2.5 2.5 2.5 2.5 2.5 2.5 2.5 2.5 2.5 2.490678 2.450398 2.408754 2.377133 2.337451 2.298883 2.211601 2.216609 2.174322 1.985478 1.930331 1.884313 1.850168 1.760498
-9999 -9999 -9999 -9999 -9999 -9999 -9999 -9999 -9999 -9999 -9999 -9999 -9999 -9999 -9999 -9999 -9999 -9999 -9999 -9999 2.5 2.5 2.5 2.5 2.5 2.5 2.5 2.5 2.5 2.5 2.5 2.5 2.5 2.5 2.5 2.5 2.5 2.5 2.5 2.5 2.5 2.5 2.5 2.5 2.5 2.5 2.5 2.5 2.5 2.5 2.49974 2.461537 2.42262 2.360487 2.342631 2.301518 2.221925 2.108783 2.060448 2.020852 1.940035 1.865317
