models/HCHB/coorongtfvoperations/modelling/TFV/structure/dem_flow/zb_verylow_flow_002.asc
ncols         317
nrows         326
xllcorner     306235.69
yllcorner     6060815.6
cellsize      9.9790167000001
NODATA_value  -9999
[rows 135 to 161 of 326, columns 124 to 185 of 317]
-3.117005 -3.101474 -3.085944 -3.070765 -3.026019 -2.96869 -2.923177 -2.882034 -2.84089 -2.799747 -2.758603 -2.71746 -2.693683 -2.670813 -2.647944 -2.625075 -2.602205 -2.579335 -2.554313 -2.528618 -2.502922 -2.477226 -2.454098 -2.431854 -2.409611 -2.391595 -2.384412 -2.377228 -2.370045 -2.362862 -2.355678 -2.348495 -2.345199 -2.359191 -2.373182 -2.387174 -2.401165 -2.415157 -2.429148 -2.443139 -2.457131 -2.471122 -2.483853 -2.484575 -2.485297 -2.486057 -2.486825 -2.487593 -2.488361 -2.48913 -2.489898 -2.490666 -2.491434 -2.492203 -2.492971 -2.493739 -2.494507 -2.495275 -2.496043 -2.496811 -2.49758 -2.498348
-3.152639 -3.137108 -3.121578 -3.106047 -3.079715 -3.028237 -2.987094 -2.945951 -2.904807 -2.863664 -2.82252 -2.781377 -2.740233 -2.702185 -2.679316 -2.656446 -2.633576 -2.610707 -2.587837 -2.564968 -2.542098 -2.519228 -2.495236 -2.46954 -2.447179 -2.43596 -2.428777 -2.421593 -2.41441 -2.407227 -2.400043 -2.39286 -2.385677 -2.378493 -2.377287 -2.391278 -2.40527 -2.419261 -2.433252 -2.447243 -2.461235 -2.475226 -2.484064 -2.484787 -2.485509 -2.486231 -2.486953 -2.487675 -2.488397 -2.489119 -2.489841 -2.490564 -2.491286 -2.492008 -2.49273 -2.493479 -2.494247 -2.495015 -2.495783 -2.496552 -2.497319 -2.498088
-3.188273 -3.172742 -3.157211 -3.141681 -3.12606 -3.092154 -3.051011 -3.009867 -2.968724 -2.927581 -2.886437 -2.845294 -2.804151 -2.763007 -2.721864 -2.687818 -2.664948 -2.642079 -2.619209 -2.596339 -2.57347 -2.5506 -2.527731 -2.504861 -2.48562 -2.481912 -2.47363 -2.465958 -2.458775 -2.451591 -2.444409 -2.437225 -2.430042 -2.422858 -2.415675 -2.408492 -2.409374 -2.423365 -2.437356 -2.451348 -2.465339 -2.479331 -2.484276 -2.484998 -2.48572 -2.486443 -2.487165 -2.487887 -2.488609 -2.489331 -2.490054 -2.490776 -2.491498 -2.49222 -2.492942 -2.493664 -2.494386 -2.495109 -2.495831 -2.496553 -2.497275 -2.497998
-3.223907 -3.208376 -3.192846 -3.177315 -3.151121 -3.120806 -3.089067 -3.05675 -3.024433 -2.991498 -2.950354 -2.909211 -2.868068 -2.826924 -2.785781 -2.744637 -2.703494 -2.67345 -2.65058 -2.627711 -2.604841 -2.581972 -2.559102 -2.536232 -2.525924 -2.522846 -2.519767 -2.515683 -2.507401 -2.49912 -2.490838 -2.482556 -2.474407 -2.467223 -2.46004 -2.452857 -2.445673 -2.43849 -2.441461 -2.455452 -2.469444 -2.483435 -2.484488 -2.48521 -2.485932 -2.486654 -2.487376 -2.488099 -2.488821 -2.489543 -2.490265 -2.490988 -2.49171 -2.492432 -2.493154 -2.493841 -2.494505 -2.49517 -2.495835 -2.496499 -2.497163 -2.497828
-3.256077 -3.24401 -3.228479 -3.2065 -3.176183 -3.145868 -3.115551 -3.083858 -3.051541 -3.019225 -2.986908 -2.954592 -2.922275 -2.889958 -2.849698 -2.808554 -2.767411 -2.726268 -2.685124 -2.659082 -2.636213 -2.613343 -2.590474 -2.569306 -2.566228 -2.56315 -2.560071 -2.556993 -2.553914 -2.549454 -2.541172 -2.532891 -2.524609 -2.516327 -2.508045 -2.499763 -2.491481 -2.483199 -2.475672 -2.468489 -2.473548 -2.483978 -2.4847 -2.485422 -2.486144 -2.486866 -2.487572 -2.488237 -2.488902 -2.489564 -2.490224 -2.490884 -2.491544 -2.492203 -2.492864 -2.493523 -2.494183 -2.494843 -2.495503 -2.496163 -2.496823 -2.497483
-3.287988 -3.279644 -3.261878 -3.231562 -3.201246 -3.17093 -3.140613 -3.110297 -3.07865 -3.046333 -3.014016 -2.981699 -2.949383 -2.917066 -2.884749 -2.852433 -2.820116 -2.787799 -2.749041 -2.707898 -2.667585 -2.644715 -2.621845 -2.60961 -2.606532 -2.603453 -2.600374 -2.597296 -2.594218 -2.59114 -2.588061 -2.583225 -2.574943 -2.566662 -2.55838 -2.550098 -2.541816 -2.533535 -2.525252 -2.51697 -2.508689 -2.505396 -2.506043 -2.50669 -2.507337 -2.507984 -2.508631 -2.509278 -2.509925 -2.510572 -2.511219 -2.511866 -2.512513 -2.51316 -2.513807 -2.514454 -2.515101 -2.515748 -2.516395 -2.517042 -2.517689 -2.518336
-3.319583 -3.312207 -3.28694 -3.256624 -3.226308 -3.195992 -3.165675 -3.13536 -3.105043 -3.073441 -3.041124 -3.008807 -2.976491 -2.944174 -2.911857 -2.87954 -2.847224 -2.814907 -2.782591 -2.750274 -2.717957 -2.685641 -2.653217 -2.649914 -2.646836 -2.643757 -2.640678 -2.6376 -2.634522 -2.631443 -2.628365 -2.625286 -2.622208 -2.616997 -2.608715 -2.600433 -2.592151 -2.583869 -2.575587 -2.567306 -2.559024 -2.558285 -2.558932 -2.559579 -2.560226 -2.560873 -2.56152 -2.562167 -2.562814 -2.563461 -2.564108 -2.564755 -2.565402 -2.566049 -2.566696 -2.567343 -2.56799 -2.568637 -2.565716 -2.557422 -2.549127 -2.540832
-3.357439 -3.341933 -3.312699 -3.281837 -3.25137 -3.221054 -3.190737 -3.160421 -3.130105 -3.099789 -3.068231 -3.035915 -3.003599 -2.971282 -2.938965 -2.906648 -2.874332 -2.842016 -2.809698 -2.777382 -2.745065 -2.712749 -2.697342 -2.703458 -2.704392 -2.694517 -2.684642 -2.677904 -2.674825 -2.671747 -2.668669 -2.66559 -2.662512 -2.659433 -2.656355 -2.650768 -2.642486 -2.634204 -2.625922 -2.61764 -2.610527 -2.611174 -2.611821 -2.612468 -2.613115 -2.613762 -2.614409 -2.615056 -2.615703 -2.61635 -2.616997 -2.617644 -2.618291 -2.611871 -2.603576 -2.595282 -2.587082 -2.578943 -2.570805 -2.562666 -2.554528 -2.553945
-3.396065 -3.366831 -3.337596 -3.308362 -3.277614 -3.246116 -3.215799 -3.185483 -3.155167 -3.124851 -3.094535 -3.063023 -3.030706 -2.99839 -2.966073 -2.933757 -2.90144 -2.869123 -2.836806 -2.80449 -2.772173 -2.739856 -2.741796 -2.747912 -2.754029 -2.760146 -2.760484 -2.750609 -2.740734 -2.730859 -2.720984 -2.711109 -2.702816 -2.699737 -2.696659 -2.69358 -2.690501 -2.684539 -2.676257 -2.667975 -2.663416 -2.664063 -2.66471 -2.665357 -2.666003 -2.66665 -2.667298 -2.666321 -2.658026 -2.64978 -2.641641 -2.633503 -2.630029 -2.63028 -2.630531 -2.630782 -2.631033 -2.631284 -2.631535 -2.631786 -2.632037 -2.617079
-3.420962 -3.391728 -3.362493 -3.333259 -3.304025 -3.273392 -3.241755 -3.210546 -3.180229 -3.149913 -3.119597 -3.089281 -3.057814 -3.025498 -2.993181 -2.960864 -2.928548 -2.896231 -2.863914 -2.831598 -2.799281 -2.780133 -2.786249 -2.792366 -2.798483 -2.804599 -2.810716 -2.816833 -2.816576 -2.806701 -2.796826 -2.786951 -2.777076 -2.767201 -2.757326 -2.747451 -2.737576 -2.727727 -2.724648 -2.71831 -2.716305 -2.716952 -2.712478 -2.706113 -2.706364 -2.706614 -2.706865 -2.707117 -2.707368 -2.707618 -2.70787 -2.708121 -2.708371 -2.708622 -2.708874 -2.709125 -2.709375 -2.703079 -2.684797 -2.666514 -2.648232 -2.629949
-3.44586 -3.416625 -3.387391 -3.358156 -3.328922 -3.299688 -3.269169 -3.237532 -3.205895 -3.174975 -3.144659 -3.114343 -3.084027 -3.052605 -3.020289 -2.987972 -2.955656 -2.923339 -2.891022 -2.858706 -2.826389 -2.824586 -2.830703 -2.836819 -2.842936 -2.849053 -2.85517 -2.861287 -2.867403 -2.87352 -2.872668 -2.862793 -2.852918 -2.843043 -2.833168 -2.823293 -2.813418 -2.803543 -2.793668 -2.783793 -2.783702 -2.783953 -2.784204 -2.784455 -2.784706 -2.784957 -2.785208 -2.785459 -2.78571 -2.785961 -2.786212 -2.786463 -2.786714 -2.786965 -2.770797 -2.752514 -2.734231 -2.715949 -2.697702 -2.679595 -2.661488 -2.643381
-3.473471 -3.441523 -3.412288 -3.383054 -3.353819 -3.324585 -3.295351 -3.264946 -3.233309 -3.201672 -3.170035 -3.139405 -3.109089 -3.078773 -3.047397 -3.01508 -2.982764 -2.950447 -2.91813 -2.885813 -2.862675 -2.868682 -2.875157 -2.881274 -2.88739 -2.893507 -2.899623 -2.90574 -2.911857 -2.917974 -2.92409 -2.930207 -2.928759 -2.918885 -2.909009 -2.899135 -2.88926 -2.879385 -2.86951 -2.861794 -2.862045 -2.862296 -2.862547 -2.862798 -2.863049 -2.8633 -2.863551 -2.863801 -2.864053 -2.864304 -2.856797 -2.838514 -2.820232 -2.801949 -2.783811 -2.765705 -2.748238 -2.73243 -2.716622 -2.700814 -2.685007 -2.669199
-3.512326 -3.475099 -3.437873 -3.407951 -3.378717 -3.349482 -3.320248 -3.291014 -3.260724 -3.229087 -3.197449 -3.165812 -3.134176 -3.103835 -3.073519 -3.042188 -3.009871 -2.977555 -2.945238 -2.912921 -2.906671 -2.911776 -2.91688 -2.922873 -2.929812 -2.936751 -2.943691 -2.950194 -2.956311 -2.962427 -2.968544 -2.974661 -2.980777 -2.986894 -2.984851 -2.974977 -2.965101 -2.955227 -2.945352 -2.940137 -2.940387 -2.940639 -2.940889 -2.941141 -2.941391 -2.941642 -2.941893 -2.924514 -2.906231 -2.888028 -2.869921 -2.853378 -2.83757 -2.821763 -2.805955 -2.790147 -2.77434 -2.758532 -2.742725 -2.726917 -2.711109 -2.695301
-3.55118 -3.513954 -3.476728 -3.439502 -3.403614 -3.37438 -3.345145 -3.315911 -3.286676 -3.256501 -3.224864 -3.193227 -3.16159 -3.129952 -3.098581 -3.068264 -3.036979 -3.004662 -2.972346 -2.945565 -2.950669 -2.955772 -2.960876 -2.96598 -2.971084 -2.977065 -2.984004 -2.990943 -2.997882 -3.004822 -3.011761 -3.0187 -3.025231 -3.031348 -3.037464 -3.043581 -3.040943 -3.031068 -3.021193 -3.018479 -3.01873 -3.018981 -3.019232 -3.010514 -2.992245 -2.974326 -2.958518 -2.942711 -2.926903 -2.911095 -2.895288 -2.87948 -2.863672 -2.847865 -2.832057 -2.816249 -2.800442 -2.784634 -2.768826 -2.753019 -2.737211 -2.721403
-3.590034 -3.552808 -3.515583 -3.478357 -3.441131 -3.403905 -3.370042 -3.340808 -3.311574 -3.282339 -3.252278 -3.220642 -3.189004 -3.157367 -3.12573 -3.094093 -3.06301 -3.03177 -2.999454 -2.989561 -2.994665 -2.999769 -3.004873 -3.009977 -3.015081 -3.020185 -3.025289 -3.031256 -3.038196 -3.045135 -3.052074 -3.059013 -3.065952 -3.072891 -3.07983 -3.08677 -3.093709 -3.100268 -3.097035 -3.096514 -3.079467 -3.063659 -3.047851 -3.032043 -3.016235 -3.000428 -2.984621 -2.968813 -2.953005 -2.937197 -2.92139 -2.905582 -2.889774 -2.873967 -2.858159 -2.842351 -2.826543 -2.810736 -2.794928 -2.779121 -2.763313 -2.747506
-3.628889 -3.591663 -3.554437 -3.517211 -3.479985 -3.44276 -3.405533 -3.368307 -3.336471 -3.307237 -3.278002 -3.248056 -3.216419 -3.184782 -3.153145 -3.121507 -3.08987 -3.058233 -3.028454 -3.033557 -3.038662 -3.043766 -3.048869 -3.053974 -3.059077 -3.064182 -3.069286 -3.07439 -3.079494 -3.085448 -3.092387 -3.099326 -3.106265 -3.113204 -3.120143 -3.127083 -3.134022 -3.140961 -3.141881 -3.121376 -3.105568 -3.089761 -3.073953 -3.058146 -3.042338 -3.02653 -3.010722 -2.994915 -2.979107 -2.963299 -2.947492 -2.931684 -2.915876 -2.900069 -2.884261 -2.868454 -2.852646 -2.836838 -2.82103 -2.805223 -2.789415 -2.773607
-3.667744 -3.630518 -3.593292 -3.556066 -3.51884 -3.481614 -3.444388 -3.407162 -3.369936 -3.33271 -3.3029 -3.273665 -3.243833 -3.212196 -3.180559 -3.148922 -3.117285 -3.085648 -3.069064 -3.067422 -3.074016 -3.085224 -3.092866 -3.09797 -3.103074 -3.108178 -3.113282 -3.118386 -3.12349 -3.128594 -3.133698 -3.13964 -3.146579 -3.153518 -3.160457 -3.167396 -3.174335 -3.181274 -3.174958 -3.147478 -3.13167 -3.115863 -3.100055 -3.084247 -3.06844 -3.052632 -3.036824 -3.021017 -3.005209 -2.989401 -2.973594 -2.957786 -2.941978 -2.92617 -2.910363 -2.894556 -2.878748 -2.86294 -2.847132 -2.831325 -2.815517 -2.799709
-3.706599 -3.669373 -3.632146 -3.59492 -3.557694 -3.520469 -3.483243 -3.446017 -3.408791 -3.371565 -3.334339 -3.298563 -3.269328 -3.239611 -3.207974 -3.176337 -3.144699 -3.113062 -3.110016 -3.108374 -3.106731 -3.105088 -3.110706 -3.121914 -3.133122 -3.144331 -3.155538 -3.162383 -3.167487 -3.172591 -3.177695 -3.182799 -3.187903 -3.193831 -3.20077 -3.207709 -3.214648 -3.221587 -3.208035 -3.180534 -3.157773 -3.141965 -3.126157 -3.110349 -3.094542 -3.078734 -3.062926 -3.047119 -3.031311 -3.015503 -2.999696 -2.983888 -2.968081 -2.952273 -2.936465 -2.920657 -2.90485 -2.889042 -2.873235 -2.857427 -2.841619 -2.825811
-3.744796 -3.708227 -3.671001 -3.633775 -3.596549 -3.559323 -3.522098 -3.484872 -3.447645 -3.410419 -3.373194 -3.335968 -3.298742 -3.264991 -3.235388 -3.203751 -3.172114 -3.15261 -3.150968 -3.149325 -3.147683 -3.14604 -3.144398 -3.142756 -3.147396 -3.158604 -3.169812 -3.18102 -3.192229 -3.203437 -3.214644 -3.225852 -3.2319 -3.237004 -3.242108 -3.248022 -3.254961 -3.261901 -3.241112 -3.213612 -3.18611 -3.168067 -3.152259 -3.136451 -3.120644 -3.104836 -3.089029 -3.073221 -3.057413 -3.041605 -3.025798 -3.00999 -2.994183 -2.978375 -2.962567 -2.946759 -2.930952 -2.915144 -2.899337 -2.883529 -2.867721 -2.851914
-3.768984 -3.747082 -3.709856 -3.67263 -3.635404 -3.598178 -3.560952 -3.523726 -3.4865 -3.449274 -3.412048 -3.374822 -3.337597 -3.300371 -3.263144 -3.231165 -3.199528 -3.193563 -3.19192 -3.190278 -3.188635 -3.186993 -3.18535 -3.183707 -3.182065 -3.180422 -3.184086 -3.195294 -3.206502 -3.21771 -3.228918 -3.240127 -3.251334 -3.262542 -3.273751 -3.284959 -3.296167 -3.301691 -3.27419 -3.246689 -3.219188 -3.194169 -3.178361 -3.162553 -3.146746 -3.130938 -3.11513 -3.099323 -3.083515 -3.067707 -3.051899 -3.036092 -3.020284 -3.004477 -2.988669 -2.972862 -2.957054 -2.941246 -2.925438 -2.909631 -2.893823 -2.878016
-3.794121 -3.785937 -3.748711 -3.711485 -3.674259 -3.637033 -3.599807 -3.562581 -3.525355 -3.488129 -3.450903 -3.413677 -3.376451 -3.339225 -3.301999 -3.264773 -3.237909 -3.234514 -3.232872 -3.23123 -3.229587 -3.227944 -3.226302 -3.224659 -3.223017 -3.221374 -3.219732 -3.218089 -3.220776 -3.231984 -3.243192 -3.2544 -3.265608 -3.276816 -3.288025 -3.299233 -3.310441 -3.319446 -3.307267 -3.279766 -3.252265 -3.224764 -3.204463 -3.188655 -3.172848 -3.15704 -3.141232 -3.125425 -3.109617 -3.09381 -3.078002 -3.062194 -3.046386 -3.030579 -3.014771 -2.998964 -2.983156 -2.967348 -2.95154 -2.935733 -2.919925 -2.904118
-3.820329 -3.824791 -3.787565 -3.750339 -3.713113 -3.675887 -3.638661 -3.601435 -3.564209 -3.526984 -3.489758 -3.452532 -3.415306 -3.37808 -3.336296 -3.289104 -3.292537 -3.289008 -3.284221 -3.279434 -3.274647 -3.26986 -3.267254 -3.265611 -3.263969 -3.262326 -3.260684 -3.259041 -3.257398 -3.255756 -3.257466 -3.268674 -3.279882 -3.29109 -3.302299 -3.313506 -3.324714 -3.331924 -3.329486 -3.312843 -3.285342 -3.257842 -3.230565 -3.214757 -3.19895 -3.183142 -3.167334 -3.151527 -3.135719 -3.119911 -3.104104 -3.088296 -3.072489 -3.056681 -3.040873 -3.025065 -3.009258 -2.99345 -2.977643 -2.961835 -2.946027 -2.931314
-3.84684 -3.858803 -3.82642 -3.789194 -3.751968 -3.714742 -3.677516 -3.64029 -3.603064 -3.565838 -3.528612 -3.491386 -3.45052 -3.403328 -3.356136 -3.325114 -3.342858 -3.344894 -3.340107 -3.33532 -3.330532 -3.325745 -3.320958 -3.316171 -3.311384 -3.306597 -3.301811 -3.299993 -3.29835 -3.296708 -3.295065 -3.293423 -3.294156 -3.305364 -3.316572 -3.32778 -3.338989 -3.344402 -3.342034 -3.33971 -3.31842 -3.290919 -3.263418 -3.24086 -3.225052 -3.209244 -3.193437 -3.177629 -3.161821 -3.146013 -3.130206 -3.114398 -3.098591 -3.082783 -3.066975 -3.051167 -3.03536 -3.019552 -3.003745 -2.987937 -2.972129 -2.960078
-3.870755 -3.883826 -3.865274 -3.828048 -3.790823 -3.753597 -3.716371 -3.679145 -3.641919 -3.604693 -3.564744 -3.517552 -3.47036 -3.423168 -3.375976 -3.375435 -3.393179 -3.400779 -3.395992 -3.391205 -3.386418 -3.381631 -3.376844 -3.372057 -3.36727 -3.362483 -3.357696 -3.352909 -3.348122 -3.343334 -3.338547 -3.334374 -3.332732 -3.331089 -3.330846 -3.342054 -3.353262 -3.35688 -3.354512 -3.352093 -3.350005 -3.323996 -3.296495 -3.268994 -3.251154 -3.235346 -3.219539 -3.203731 -3.187923 -3.172115 -3.156307 -3.1405 -3.124692 -3.108885 -3.093077 -3.07727 -3.061462 -3.045654 -3.029846 -3.014039 -3.001007 -2.984766
-3.893382 -3.910191 -3.904129 -3.866903 -3.829677 -3.792451 -3.755225 -3.717999 -3.678967 -3.631776 -3.584584 -3.537391 -3.4902 -3.443008 -3.408012 -3.425757 -3.443501 -3.456665 -3.451878 -3.447091 -3.442304 -3.437516 -3.432729 -3.427943 -3.423156 -3.418369 -3.413582 -3.408794 -3.404007 -3.39922 -3.394433 -3.389646 -3.384859 -3.380072 -3.375285 -3.370498 -3.367536 -3.369358 -3.36699 -3.364621 -3.362035 -3.357073 -3.329572 -3.302071 -3.277256 -3.261448 -3.245641 -3.229833 -3.214025 -3.198218 -3.18241 -3.166602 -3.150794 -3.134987 -3.119179 -3.103372 -3.087564 -3.071756 -3.055948 -3.040141 -3.028148 -3.013824
-3.917773 -3.933614 -3.942984 -3.905758 -3.868532 -3.831306 -3.793192 -3.746 -3.698807 -3.651616 -3.604423 -3.557157 -3.509629 -3.462101 -3.458344 -3.476078 -3.493823 -3.511567 -3.507763 -3.502976 -3.498189 -3.493402 -3.488615 -3.483829 -3.479041 -3.474254 -3.469467 -3.46468 -3.459893 -3.455106 -3.450319 -3.445532 -3.440745 -3.435958 -3.43117 -3.423797 -3.405256 -3.381835 -3.379467 -3.377099 -3.3747 -3.372331 -3.362649 -3.335148 -3.307647 -3.28755 -3.271742 -3.255935 -3.240127 -3.224319 -3.208512 -3.192704 -3.176896 -3.161089 -3.145281 -3.129473 -3.113666 -3.097858 -3.082051 -3.0707 -3.056058 -3.040728
-3.939698 -3.95609 -3.973541 -3.944613 -3.907387 -3.860223 -3.813031 -3.765581 -3.718052 -3.670524 -3.622996 -3.575468 -3.527939 -3.493107 -3.509475 -3.5264 -3.544144 -3.561889 -3.563649 -3.558862 -3.554075 -3.549288 -3.544501 -3.539714 -3.534927 -3.53014 -3.525353 -3.520565 -3.515779 -3.510991 -3.506204 -3.501417 -3.49663 -3.491843 -3.474206 -3.455665 -3.437124 -3.401855 -3.391945 -3.389577 -3.387209 -3.384528 -3.382626 -3.368226 -3.340725 -3.313652 -3.297845 -3.282037 -3.266229 -3.250422 -3.234614 -3.218807 -3.202999 -3.187191 -3.171383 -3.155576 -3.139768 -3.12396 -3.108153 -3.096217 -3.083485 -3.070417
