models/HCHB/coorongtfvoperations/modelling/TFV/structure/dem_flow/zb_verylow_flow_002.asc
ncols         317
nrows         326
xllcorner     306235.69
yllcorner     6060815.6
cellsize      9.9790167000001
NODATA_value  -9999
[rows 162 to 188 of 326, columns 248 to 309 of 317]
1.318724 1.409901 1.500211 1.588416 1.674525 1.762602 1.849989 1.936559 2.022326 2.1073 2.191491 2.274911 2.357278 2.439204 2.5 2.5 2.5 2.5 2.5 2.5 2.5 2.5 2.5 2.5 2.5 2.5 2.5 2.5 2.5 2.405643 2.142475 1.879307 1.616139 1.352972 1.089804 0.826636 0.5634682 0.3003004 0.03713264 -0.02946186 -0.04159339 -0.0094367 0.02271999 0.05487668 0.1239096 0.2490698 0.3353966 0.4059957 0.5048146 0.6230723 0.7294863 -9999 -9999 -9999 -9999 -9999 -9999 -9999 -9999 -9999 -9999 -9999
1.134607 1.226663 1.317844 1.408162 1.497629 1.586258 1.674059 1.760296 1.844194 1.929991 2.014999 2.099228 2.182688 2.265392 2.347347 2.428566 2.5 2.5 2.5 2.5 2.5 2.5 2.5 2.5 2.5 2.5 2.5 2.5 2.348099 2.084931 1.821764 1.558596 1.295428 1.03226 0.7690924 0.5059246 0.2427569 -0.02041091 -0.1094553 -0.126572 -0.09441534 -0.06225865 -0.03010196 0.02118758 0.1463477 0.2460716 0.3166707 0.4005039 0.5187617 0.6370195 0.4845986 -9999 -9999 -9999 -9999 -9999 -9999 -9999 -9999 -9999 -9999 -9999
0.9578927 1.050351 1.140627 1.228853 1.316981 1.406456 1.495096 1.582913 1.669918 1.756122 1.841537 1.925883 2.007806 2.091303 2.174045 2.256043 2.337306 2.417845 2.497669 2.5 2.5 2.5 2.5 2.5 2.5 2.5 2.5 2.290556 2.027388 1.76422 1.501052 1.237885 0.9747167 0.7115489 0.4483811 0.1852133 -0.07795446 -0.1894487 -0.2115507 -0.179394 -0.1472373 -0.1150806 -0.08153449 0.04362565 0.1567466 0.2273457 0.2979448 0.414451 0.5327088 0.5512643 -9999 -9999 -9999 -9999 -9999 -9999 -9999 -9999 -9999 -9999 -9999 -9999
0.7746552 0.8679852 0.9604319 1.052008 1.142725 1.232596 1.320857 1.406609 1.49261 1.57963 1.665853 1.75129 1.835951 1.919847 2.002988 2.085385 2.165556 2.246861 2.327444 2.407315 2.486483 2.5 2.5 2.5 2.5 2.49618 2.233012 1.969844 1.706676 1.443509 1.180341 0.9171731 0.6540053 0.3908376 0.1276698 -0.135498 -0.2694421 -0.2965293 -0.2643726 -0.2322159 -0.2000592 -0.1679025 -0.05909642 0.06606372 0.1380207 0.2086198 0.3101404 0.4283981 0.5466559 -9999 -9999 -9999 -9999 -9999 -9999 -9999 -9999 -9999 -9999 -9999 -9999 -9999
0.6004924 0.6928383 0.7831813 0.8726739 0.9629236 1.053633 1.1435 1.232537 1.320754 1.408162 1.494489 1.577887 1.661862 1.746545 1.830466 1.913635 1.996063 2.077759 2.158733 2.238994 2.317755 2.396968 2.475491 2.5 2.438636 2.175469 1.912301 1.649133 1.385965 1.122797 0.8596296 0.5964618 0.333294 0.07012622 -0.1930416 -0.3494355 -0.3815079 -0.3493513 -0.3171946 -0.2850379 -0.2528812 -0.1618185 -0.03665835 0.04869569 0.1192948 0.2058297 0.3240875 0.4423452 0.3730423 -9999 -9999 -9999 -9999 -9999 -9999 -9999 -9999 -9999 -9999 -9999 -9999 -9999
0.4181262 0.5127017 0.6063864 0.6991927 0.791133 0.8814185 0.9692095 1.05619 1.144261 1.232479 1.319891 1.40651 1.492347 1.577411 1.661713 1.743034 1.825078 1.907533 1.989259 2.070266 2.150564 2.230161 2.309067 2.381093 2.117925 1.854757 1.591589 1.328422 1.065254 0.8020861 0.5389183 0.2757505 0.01258267 -0.2505851 -0.4294289 -0.4664866 -0.4343299 -0.4021732 -0.3700165 -0.3378598 -0.2645406 -0.1393804 -0.0406293 0.0299698 0.101519 0.2197768 0.3380346 0.4397079 -9999 -9999 -9999 -9999 -9999 -9999 -9999 -9999 -9999 -9999 -9999 -9999 -9999 -9999
0.2450493 0.3375094 0.4290992 0.5198311 0.6121704 0.7040878 0.7951554 0.8853849 0.9747878 1.063094 1.148458 1.233047 1.319045 1.404888 1.489963 1.57428 1.657848 1.740677 1.822778 1.902374 1.982575 2.062905 2.142537 2.060381 1.797214 1.534046 1.270878 1.00771 0.7445425 0.4813747 0.2182069 -0.04496089 -0.3081287 -0.5094224 -0.5514652 -0.5193085 -0.4871518 -0.4549951 -0.4228384 -0.3672626 -0.2421025 -0.1299543 -0.0593552 0.0112439 0.1154661 0.2337239 0.3519817 0.1948202 -9999 -9999 -9999 -9999 -9999 -9999 -9999 -9999 -9999 -9999 -9999 -9999 -9999 -9999
0.06497153 0.160765 0.2556603 0.34967 0.4419796 0.5318097 0.62081 0.7089919 0.7991041 0.8884928 0.97707 1.064847 1.151834 1.238042 1.32129 1.403603 1.487622 1.571204 1.65405 1.736171 1.817575 1.898272 1.979227 1.73967 1.476502 1.213334 0.9501667 0.686999 0.4238312 0.1606634 -0.1025044 -0.3656722 -0.5894157 -0.6364439 -0.6042871 -0.5721304 -0.5399738 -0.5078171 -0.4699847 -0.3448246 -0.2196644 -0.1486802 -0.0780811 0.01115549 0.1294132 0.247671 0.2614859 -9999 -9999 -9999 -9999 -9999 -9999 -9999 -9999 -9999 -9999 -9999 -9999 -9999 -9999 -9999
-0.1081625 -0.01447545 0.07833403 0.1707074 0.2646751 0.357774 0.4500161 0.5414132 0.6316999 0.7190287 0.8055655 0.8915445 0.9793112 1.066292 1.152497 1.237937 1.322622 1.406561 1.488045 1.568187 1.650318 1.731742 1.682127 1.418959 1.155791 0.8926232 0.6294554 0.3662876 0.1031198 -0.160048 -0.4232158 -0.6694092 -0.7214225 -0.6892658 -0.6571091 -0.6249524 -0.5927957 -0.560639 -0.4475466 -0.3223865 -0.2380052 -0.1674061 -0.09315516 0.02510259 0.1433603 0.2616181 0.0165982 -9999 -9999 -9999 -9999 -9999 -9999 -9999 -9999 -9999 -9999 -9999 -9999 -9999 -9999 -9999
-0.2848565 -0.1878722 -0.09179295 0.002540715 0.09440991 0.1854305 0.2756141 0.3657295 0.4570942 0.5476295 0.6373466 0.7262567 0.8143705 0.8995466 0.9837375 1.067711 1.153148 1.237833 1.321777 1.404988 1.487477 1.57029 1.361415 1.098247 0.8350796 0.5719118 0.308744 0.04557625 -0.2175915 -0.4807594 -0.7439271 -0.8034033 -0.7742444 -0.7420877 -0.7099311 -0.6777744 -0.6456177 -0.5502687 -0.4251086 -0.3273302 -0.2567311 -0.186132 -0.07920806 0.0390497 0.1573074 0.08326386 -9999 -9999 -9999 -9999 -9999 -9999 -9999 -9999 -9999 -9999 -9999 -9999 -9999 -9999 -9999 -9999
-0.4580501 -0.3631631 -0.2691607 -0.1747376 -0.07960735 0.01464738 0.1080386 0.2003054 0.2895995 0.3780838 0.4657691 0.5537339 0.6426203 0.730714 0.8180259 0.9045662 0.9903451 1.073717 1.155672 1.237732 1.320947 1.303872 1.040704 0.7775361 0.5143683 0.2512005 -0.01196731 -0.2751351 -0.5383029 -0.8014707 -0.8833967 -0.8592231 -0.8270664 -0.7949097 -0.762753 -0.7305963 -0.6529908 -0.5278306 -0.4166552 -0.3460561 -0.275457 -0.1835187 -0.06526096 0.0529968 0.1499295 -9999 -9999 -9999 -9999 -9999 -9999 -9999 -9999 -9999 -9999 -9999 -9999 -9999 -9999 -9999 -9999 -9999
-0.6314046 -0.5332559 -0.4368982 -0.3429899 -0.2499491 -0.1577638 -0.06642227 0.02569566 0.118189 0.2098465 0.3006794 0.3906989 0.4778027 0.5638721 0.6491782 0.7350926 0.8216171 0.9073836 0.9924021 1.076682 1.161354 0.9831603 0.7199925 0.4568247 0.1936569 -0.06951086 -0.3326786 -0.5958464 -0.8590142 -0.9633901 -0.9442017 -0.912045 -0.8798883 -0.8477316 -0.8155749 -0.7557128 -0.6305527 -0.5059802 -0.4353811 -0.364782 -0.2878294 -0.1695716 -0.05131386 0.06694389 -0.09495817 -9999 -9999 -9999 -9999 -9999 -9999 -9999 -9999 -9999 -9999 -9999 -9999 -9999 -9999 -9999 -9999 -9999
-0.8046601 -0.7085996 -0.6134306 -0.5169887 -0.4207214 -0.3253359 -0.2310891 -0.1398297 -0.04939796 0.04021723 0.1290269 0.2189487 0.3089312 0.398115 0.4865107 0.5741287 0.6593879 0.743156 0.8261942 0.910152 0.9256167 0.6624489 0.3992812 0.1361134 -0.1270544 -0.3902222 -0.65339 -0.9165578 -1.043383 -1.02918 -0.9970236 -0.9648669 -0.9327103 -0.9005536 -0.8584349 -0.7332748 -0.6081146 -0.5247061 -0.454107 -0.3835079 -0.2738823 -0.1556245 -0.03736676 -0.02829252 -9999 -9999 -9999 -9999 -9999 -9999 -9999 -9999 -9999 -9999 -9999 -9999 -9999 -9999 -9999 -9999 -9999 -9999
-0.9747189 -0.8763371 -0.7803897 -0.6853286 -0.5911416 -0.4978167 -0.4053422 -0.3112515 -0.2176536 -0.1248978 -0.0329726 0.05605879 0.1440068 0.2311747 0.317573 0.4054007 0.4929901 0.5798156 0.6658872 0.7524174 0.6049054 0.3417376 0.07856983 -0.184598 -0.4477658 -0.7109336 -0.9741014 -1.123377 -1.114159 -1.082002 -1.049846 -1.017689 -0.9855322 -0.9533755 -0.8359968 -0.7108367 -0.6140311 -0.543432 -0.4728329 -0.3781929 -0.2599352 -0.1416774 -0.02341966 -0.2731802 -9999 -9999 -9999 -9999 -9999 -9999 -9999 -9999 -9999 -9999 -9999 -9999 -9999 -9999 -9999 -9999 -9999 -9999
-1.148039 -1.05083 -0.9543701 -0.8560901 -0.7587104 -0.6624836 -0.5692589 -0.4768797 -0.3853346 -0.2946124 -0.204702 -0.1128516 -0.02179584 0.06845523 0.1579123 0.2450591 0.3306404 0.415476 0.4995754 0.5473619 0.2841941 0.02102627 -0.2421415 -0.5053093 -0.7684771 -1.031645 -1.20337 -1.199138 -1.166981 -1.134824 -1.102667 -1.070511 -1.038354 -0.9387189 -0.8135588 -0.7033561 -0.632757 -0.5621579 -0.4825036 -0.3642458 -0.2459881 -0.1277303 -0.2065146 -9999 -9999 -9999 -9999 -9999 -9999 -9999 -9999 -9999 -9999 -9999 -9999 -9999 -9999 -9999 -9999 -9999 -9999 -9999
-1.315776 -1.21779 -1.120708 -1.024519 -0.9292113 -0.8347714 -0.740692 -0.6451538 -0.5504749 -0.4566441 -0.3656851 -0.2758586 -0.1868287 -0.098585 -0.01081576 0.07859665 0.1672293 0.2550922 0.343481 0.2266505 -0.03651728 -0.2996851 -0.5628529 -0.8260207 -1.089188 -1.283364 -1.284116 -1.25196 -1.219803 -1.187646 -1.155489 -1.123333 -1.041441 -0.9162808 -0.7926811 -0.722082 -0.6514829 -0.5808838 -0.4685565 -0.3502987 -0.232041 -0.1398489 -9999 -9999 -9999 -9999 -9999 -9999 -9999 -9999 -9999 -9999 -9999 -9999 -9999 -9999 -9999 -9999 -9999 -9999 -9999 -9999
-1.48823 -1.3899 -1.291459 -1.192085 -1.093878 -0.998688 -0.9043614 -0.8108864 -0.7182517 -0.6264458 -0.5346344 -0.4417067 -0.3496003 -0.2583042 -0.1692697 -0.08187521 0.004757745 0.09063902 0.169107 -0.09406083 -0.3572286 -0.6203964 -0.8835642 -1.146732 -1.363357 -1.369095 -1.336938 -1.304782 -1.272625 -1.240468 -1.208311 -1.144163 -1.019003 -0.8938428 -0.811407 -0.7408079 -0.6702088 -0.5728672 -0.4546094 -0.3363516 -0.2180939 -0.3847366 -9999 -9999 -9999 -9999 -9999 -9999 -9999 -9999 -9999 -9999 -9999 -9999 -9999 -9999 -9999 -9999 -9999 -9999 -9999 -9999
-1.655189 -1.556088 -1.457897 -1.360606 -1.264201 -1.16867 -1.072654 -0.9760522 -0.8803157 -0.787429 -0.6957239 -0.6048322 -0.514743 -0.4254458 -0.3357968 -0.2453571 -0.1557028 -0.06545538 -0.1516044 -0.4147722 -0.67794 -0.9411077 -1.204276 -1.443351 -1.454074 -1.421917 -1.38976 -1.357604 -1.325447 -1.29329 -1.246885 -1.121725 -0.9965648 -0.900732 -0.8301328 -0.7595338 -0.6771778 -0.55892 -0.4406623 -0.3224045 -0.3180709 -9999 -9999 -9999 -9999 -9999 -9999 -9999 -9999 -9999 -9999 -9999 -9999 -9999 -9999 -9999 -9999 -9999 -9999 -9999 -9999 -9999
-1.825279 -1.725851 -1.62546 -1.525273 -1.428117 -1.331843 -1.236438 -1.141891 -1.04819 -0.9553232 -0.8616176 -0.7676557 -0.6745206 -0.5835986 -0.4943908 -0.4059605 -0.3182974 -0.2215498 -0.4723157 -0.7354835 -0.9986513 -1.261819 -1.523344 -1.539052 -1.506896 -1.474739 -1.442582 -1.410425 -1.378269 -1.346112 -1.224447 -1.099287 -0.9900569 -0.9194579 -0.8488588 -0.7782597 -0.6632307 -0.544973 -0.4267152 -0.3084574 -0.5629586 -9999 -9999 -9999 -9999 -9999 -9999 -9999 -9999 -9999 -9999 -9999 -9999 -9999 -9999 -9999 -9999 -9999 -9999 -9999 -9999 -9999
-1.991467 -1.891275 -1.792 -1.69363 -1.596151 -1.499553 -1.401629 -1.303987 -1.209173 -1.115589 -1.022836 -0.9309011 -0.8397747 -0.7494458 -0.6579435 -0.5664979 -0.4743918 -0.5298593 -0.7930271 -1.056195 -1.319363 -1.58253 -1.624031 -1.591874 -1.559717 -1.527561 -1.495404 -1.463247 -1.431091 -1.327169 -1.202009 -1.079382 -1.008783 -0.9381838 -0.8675846 -0.7675413 -0.6492836 -0.5310258 -0.4127681 -0.4962929 -9999 -9999 -9999 -9999 -9999 -9999 -9999 -9999 -9999 -9999 -9999 -9999 -9999 -9999 -9999 -9999 -9999 -9999 -9999 -9999 -9999 -9999
-2.159229 -2.058728 -1.956667 -1.857546 -1.759325 -1.66199 -1.56553 -1.469934 -1.375188 -1.281284 -1.185711 -1.090737 -0.9979274 -0.9069064 -0.8166786 -0.7272338 -0.6304862 -0.8505706 -1.113738 -1.376906 -1.640074 -1.709009 -1.676853 -1.644696 -1.612539 -1.580383 -1.548226 -1.516069 -1.429891 -1.304731 -1.179571 -1.098108 -1.027509 -0.9569097 -0.871852 -0.7535943 -0.6353365 -0.5170788 -0.4296273 -0.7411807 -9999 -9999 -9999 -9999 -9999 -9999 -9999 -9999 -9999 -9999 -9999 -9999 -9999 -9999 -9999 -9999 -9999 -9999 -9999 -9999 -9999 -9999
-2.324653 -2.223395 -2.123059 -2.023633 -1.925105 -1.827207 -1.727659 -1.630917 -1.535455 -1.440839 -1.347059 -1.254104 -1.161961 -1.07053 -0.9772929 -0.8833282 -0.9081142 -1.171282 -1.43445 -1.697618 -1.793988 -1.761831 -1.729675 -1.697518 -1.665361 -1.633205 -1.601048 -1.532613 -1.407453 -1.282293 -1.187433 -1.116834 -1.046235 -0.9756356 -0.8579049 -0.7396472 -0.6213894 -0.5031316 -0.674515 -9999 -9999 -9999 -9999 -9999 -9999 -9999 -9999 -9999 -9999 -9999 -9999 -9999 -9999 -9999 -9999 -9999 -9999 -9999 -9999 -9999 -9999 -9999
-2.490122 -2.388062 -2.286976 -2.186807 -2.087542 -1.98917 -1.891677 -1.795054 -1.699287 -1.603767 -1.506953 -1.412256 -1.319422 -1.227397 -1.13617 -1.039423 -1.228825 -1.491993 -1.755161 -1.878967 -1.84681 -1.814653 -1.782497 -1.75034 -1.718183 -1.686027 -1.635335 -1.510175 -1.385015 -1.276758 -1.206159 -1.13556 -1.064961 -0.9622155 -0.8439578 -0.7257 -0.6074423 -0.6078494 -9999 -9999 -9999 -9999 -9999 -9999 -9999 -9999 -9999 -9999 -9999 -9999 -9999 -9999 -9999 -9999 -9999 -9999 -9999 -9999 -9999 -9999 -9999 -9999
-2.545722 -2.515646 -2.451115 -2.350657 -2.251102 -2.15133 -2.052661 -1.95532 -1.858843 -1.763217 -1.668432 -1.574477 -1.481341 -1.388088 -1.292265 -1.286369 -1.549537 -1.812705 -1.963945 -1.931789 -1.899632 -1.867475 -1.835319 -1.803162 -1.771005 -1.738057 -1.612897 -1.487737 -1.366083 -1.295484 -1.224885 -1.154286 -1.066526 -0.9482685 -0.8300107 -0.711753 -0.5934952 -0.852737 -9999 -9999 -9999 -9999 -9999 -9999 -9999 -9999 -9999 -9999 -9999 -9999 -9999 -9999 -9999 -9999 -9999 -9999 -9999 -9999 -9999 -9999 -9999 -9999
-2.594789 -2.564505 -2.534377 -2.503974 -2.412809 -2.313421 -2.214919 -2.117291 -2.020524 -1.92317 -1.826585 -1.731938 -1.638115 -1.545107 -1.448359 -1.60708 -1.870248 -2.048924 -2.016767 -1.984611 -1.952454 -1.920297 -1.888141 -1.855984 -1.823827 -1.715619 -1.590459 -1.465299 -1.384809 -1.31421 -1.243611 -1.170837 -1.052579 -0.9343213 -0.8160636 -0.6978058 -0.7860714 -9999 -9999 -9999 -9999 -9999 -9999 -9999 -9999 -9999 -9999 -9999 -9999 -9999 -9999 -9999 -9999 -9999 -9999 -9999 -9999 -9999 -9999 -9999 -9999 -9999
-2.643648 -2.61388 -2.58384 -2.553524 -2.52293 -2.474405 -2.375185 -2.276846 -2.179375 -2.082761 -1.986993 -1.892059 -1.797949 -1.701201 -1.664624 -1.927792 -2.133903 -2.101746 -2.069589 -2.037432 -2.005276 -1.973119 -1.940963 -1.908806 -1.818341 -1.693181 -1.568021 -1.474134 -1.403535 -1.332935 -1.262336 -1.15689 -1.038632 -0.9203743 -0.8021165 -0.7194057 -1.030959 -9999 -9999 -9999 -9999 -9999 -9999 -9999 -9999 -9999 -9999 -9999 -9999 -9999 -9999 -9999 -9999 -9999 -9999 -9999 -9999 -9999 -9999 -9999 -9999 -9999
-2.693137 -2.662962 -2.633146 -2.603056 -2.57269 -2.542042 -2.511109 -2.436682 -2.338937 -2.240914 -2.144453 -2.048833 -1.954043 -1.857295 -1.985335 -2.217292 -2.186725 -2.154568 -2.122411 -2.090255 -2.058098 -2.025941 -1.993784 -1.921063 -1.795903 -1.670743 -1.563459 -1.49286 -1.422261 -1.351661 -1.2612 -1.142943 -1.024685 -0.9064271 -0.7881694 -0.9642934 -9999 -9999 -9999 -9999 -9999 -9999 -9999 -9999 -9999 -9999 -9999 -9999 -9999 -9999 -9999 -9999 -9999 -9999 -9999 -9999 -9999 -9999 -9999 -9999 -9999 -9999
