models/HCHB/coorongtfvoperations/modelling/TFV/structure/dem_flow/zb_verylow_flow_002.asc
ncols         317
nrows         326
xllcorner     306235.69
yllcorner     6060815.6
cellsize      9.9790167000001
NODATA_value  -9999
[rows 189 to 215 of 326, columns 124 to 185 of 317]
-4.506543 -4.5 -4.5 -4.5 -4.5 -4.493846 -4.468077 -4.442307 -4.416538 -4.391067 -4.366084 -4.341101 -4.317181 -4.294477 -4.273496 -4.254157 -4.234481 -4.216518 -4.200422 -4.187078 -4.177493 -4.161702 -4.146678 -4.131357 -4.119358 -4.10245 -4.084433 -4.06548 -4.045192 -4.023041 -4.003057 -3.989795 -3.979207 -3.969162 -3.960304 -3.953815 -3.948523 -3.943976 -3.942273 -3.941587 -3.940491 -3.942263 -3.947157 -3.950904 -3.956243 -3.960629 -3.965239 -3.970849 -3.975303 -3.97924 -3.98313 -3.985336 -3.986526 -3.987585 -3.986168 -3.983041 -3.979029 -3.973316 -3.966493 -3.959612 -3.952495 -3.94436
-4.526806 -4.515024 -4.503241 -4.5 -4.5 -4.498415 -4.472646 -4.447207 -4.422225 -4.397241 -4.372468 -4.349763 -4.327059 -4.307554 -4.287121 -4.267931 -4.250161 -4.233987 -4.22014 -4.209887 -4.197587 -4.183897 -4.169517 -4.155285 -4.139689 -4.12346 -4.106382 -4.088205 -4.068733 -4.049228 -4.02996 -4.011965 -3.998687 -3.988789 -3.980821 -3.975524 -3.970232 -3.966091 -3.9654 -3.964715 -3.963775 -3.966828 -3.971762 -3.97625 -3.981589 -3.986604 -3.991873 -3.997483 -4.00384 -4.010397 -4.015524 -4.019806 -4.022399 -4.022249 -4.021008 -4.017838 -4.012072 -4.003722 -3.995968 -3.989195 -3.981923 -3.973031
-4.54707 -4.535287 -4.523504 -4.511722 -4.5 -4.5 -4.478364 -4.453382 -4.428399 -4.405051 -4.382347 -4.359643 -4.340491 -4.320421 -4.301469 -4.283804 -4.267618 -4.253356 -4.242281 -4.232696 -4.218413 -4.203761 -4.188652 -4.180236 -4.165359 -4.149482 -4.132784 -4.114139 -4.094039 -4.075126 -4.057059 -4.039166 -4.026385 -4.014214 -4.003168 -3.997233 -3.992319 -3.989214 -3.988528 -3.987842 -3.98799 -3.991393 -3.996367 -4.002686 -4.011601 -4.020418 -4.029137 -4.037968 -4.045938 -4.052192 -4.057421 -4.061704 -4.06405 -4.063764 -4.062524 -4.059131 -4.053096 -4.044318 -4.035183 -4.025872 -4.014228 -4.001957
-4.567333 -4.55555 -4.543767 -4.531985 -4.520203 -4.50705 -4.484539 -4.460338 -4.437634 -4.41493 -4.393808 -4.373427 -4.35372 -4.335007 -4.317447 -4.301249 -4.286598 -4.274675 -4.26509 -4.252126 -4.23978 -4.226811 -4.215289 -4.200722 -4.186368 -4.171432 -4.155509 -4.13845 -4.121296 -4.102211 -4.084258 -4.069894 -4.057724 -4.046526 -4.037557 -4.030741 -4.024447 -4.021045 -4.017365 -4.018127 -4.022131 -4.028211 -4.036548 -4.045323 -4.054 -4.062581 -4.071067 -4.079898 -4.088036 -4.093986 -4.099319 -4.103601 -4.1057 -4.105279 -4.104039 -4.100425 -4.094121 -4.085106 -4.075942 -4.066745 -4.054474 -4.042385
-4.587596 -4.575813 -4.564031 -4.552248 -4.535074 -4.513834 -4.492921 -4.470217 -4.447513 -4.426825 -4.406364 -4.387019 -4.368546 -4.351089 -4.334879 -4.320098 -4.307069 -4.297484 -4.287899 -4.275124 -4.261871 -4.248252 -4.241115 -4.228268 -4.21444 -4.199076 -4.182652 -4.165037 -4.147364 -4.12935 -4.113404 -4.101233 -4.089886 -4.081028 -4.074213 -4.069101 -4.06708 -4.064232 -4.06123 -4.062045 -4.06604 -4.071637 -4.079427 -4.087961 -4.0964 -4.104744 -4.112997 -4.121829 -4.130134 -4.13578 -4.141216 -4.145499 -4.147351 -4.146795 -4.145555 -4.141714 -4.134786 -4.126013 -4.116701 -4.106992 -4.094721 -4.082396
-4.607859 -4.596076 -4.584294 -4.563097 -4.544084 -4.522379 -4.501787 -4.480096 -4.459761 -4.439659 -4.420319 -4.402084 -4.384732 -4.368509 -4.353598 -4.340242 -4.329878 -4.320293 -4.307239 -4.295663 -4.284106 -4.275292 -4.262673 -4.249278 -4.236482 -4.222814 -4.208168 -4.193365 -4.174462 -4.156914 -4.144743 -4.133245 -4.1245 -4.117684 -4.113755 -4.111734 -4.109712 -4.107419 -4.105095 -4.105962 -4.10995 -4.115064 -4.122537 -4.130926 -4.13922 -4.147422 -4.155533 -4.163759 -4.172232 -4.177575 -4.183114 -4.187396 -4.189001 -4.18831 -4.18707 -4.182738 -4.175383 -4.166771 -4.15746 -4.147239 -4.134968 -4.122406
-4.628122 -4.612361 -4.591555 -4.573715 -4.552532 -4.533343 -4.513194 -4.492698 -4.472959 -4.453769 -4.435622 -4.418374 -4.40214 -4.387098 -4.373457 -4.362272 -4.352687 -4.34299 -4.331835 -4.319982 -4.308182 -4.301993 -4.290985 -4.278468 -4.265273 -4.251165 -4.236035 -4.219615 -4.201643 -4.188253 -4.176604 -4.167972 -4.161156 -4.15841 -4.156388 -4.154366 -4.152344 -4.150605 -4.148961 -4.149798 -4.153786 -4.158618 -4.16643 -4.174216 -4.182217 -4.190129 -4.197952 -4.205689 -4.21433 -4.219369 -4.225011 -4.229294 -4.230651 -4.229825 -4.22855 -4.223763 -4.215979 -4.20753 -4.198218 -4.187485 -4.175215 -4.162417
-4.640385 -4.623389 -4.603345 -4.585359 -4.5649 -4.546222 -4.525705 -4.506433 -4.487308 -4.46916 -4.452017 -4.435771 -4.420599 -4.406672 -4.394666 -4.385081 -4.375496 -4.36395 -4.352889 -4.3414 -4.335296 -4.324624 -4.313235 -4.301532 -4.290117 -4.277885 -4.265433 -4.246735 -4.231763 -4.219963 -4.211444 -4.205085 -4.203064 -4.201042 -4.19902 -4.196999 -4.194977 -4.193791 -4.192827 -4.193272 -4.197403 -4.202432 -4.210322 -4.217095 -4.224855 -4.232528 -4.240116 -4.24762 -4.256427 -4.261164 -4.266909 -4.271191 -4.272302 -4.271341 -4.269844 -4.264787 -4.256576 -4.248289 -4.239082 -4.227732 -4.216523 -4.203516
-4.65468 -4.632976 -4.617374 -4.596457 -4.579249 -4.559155 -4.540665 -4.521884 -4.502833 -4.48566 -4.469401 -4.454099 -4.439888 -4.427128 -4.417475 -4.407889 -4.39753 -4.388546 -4.378092 -4.368111 -4.362718 -4.352935 -4.342496 -4.33147 -4.319679 -4.307034 -4.291866 -4.275273 -4.263322 -4.254916 -4.24974 -4.247718 -4.245696 -4.243674 -4.241652 -4.239631 -4.237609 -4.236978 -4.236218 -4.236746 -4.241227 -4.246317 -4.253857 -4.259974 -4.267492 -4.274927 -4.282279 -4.28955 -4.298381 -4.303619 -4.308806 -4.313088 -4.313952 -4.312856 -4.311137 -4.305811 -4.297385 -4.289048 -4.280249 -4.267979 -4.256552 -4.243962
-4.66516 -4.648931 -4.629273 -4.612277 -4.593293 -4.574896 -4.557093 -4.538042 -4.520833 -4.503362 -4.487599 -4.473275 -4.460343 -4.449869 -4.440284 -4.430698 -4.42066 -4.410999 -4.401177 -4.3953 -4.386574 -4.377264 -4.367414 -4.357421 -4.347602 -4.337501 -4.319027 -4.306681 -4.298388 -4.294394 -4.292372 -4.29035 -4.288329 -4.286307 -4.284285 -4.282263 -4.280241 -4.280165 -4.279341 -4.280221 -4.285144 -4.290226 -4.297284 -4.302853 -4.31013 -4.317327 -4.324442 -4.33148 -4.340312 -4.346169 -4.350704 -4.354986 -4.355603 -4.354372 -4.352431 -4.346836 -4.338767 -4.329806 -4.320496 -4.308226 -4.296563 -4.284225
-4.680488 -4.662807 -4.645304 -4.627436 -4.609128 -4.592301 -4.57325 -4.557146 -4.540462 -4.523311 -4.507769 -4.493558 -4.482263 -4.472678 -4.463092 -4.452775 -4.444649 -4.436203 -4.428041 -4.422721 -4.414886 -4.406525 -4.397666 -4.388192 -4.378032 -4.364119 -4.350121 -4.34186 -4.339048 -4.337026 -4.335005 -4.332983 -4.330961 -4.328939 -4.326918 -4.324896 -4.322874 -4.323351 -4.322464 -4.323695 -4.329062 -4.334136 -4.34071 -4.345731 -4.352768 -4.359725 -4.366606 -4.373493 -4.382242 -4.388718 -4.392601 -4.396883 -4.397254 -4.395887 -4.393724 -4.38764 -4.379877 -4.370565 -4.360743 -4.348916 -4.336888 -4.324476
-4.696342 -4.678331 -4.661581 -4.643359 -4.627272 -4.608459 -4.593458 -4.575534 -4.560604 -4.546184 -4.531106 -4.516606 -4.50316 -4.495486 -4.485901 -4.477372 -4.46911 -4.461106 -4.455303 -4.448525 -4.441292 -4.433611 -4.425395 -4.41732 -4.409569 -4.393631 -4.385724 -4.383702 -4.38168 -4.379659 -4.377637 -4.375615 -4.373593 -4.371572 -4.36955 -4.367528 -4.365507 -4.366538 -4.365587 -4.367169 -4.372979 -4.378046 -4.384137 -4.389344 -4.396225 -4.403029 -4.409757 -4.41641 -4.424172 -4.431267 -4.434499 -4.438781 -4.438904 -4.437402 -4.435018 -4.428236 -4.420635 -4.411392 -4.40099 -4.390551 -4.378645 -4.364468
-4.711359 -4.695725 -4.67759 -4.661967 -4.643668 -4.628918 -4.61143 -4.597897 -4.581776 -4.568173 -4.554873 -4.542089 -4.529943 -4.519579 -4.511183 -4.502356 -4.494172 -4.48797 -4.482725 -4.476837 -4.470553 -4.463863 -4.456706 -4.44903 -4.437141 -4.430378 -4.428356 -4.426334 -4.424313 -4.422291 -4.420269 -4.418248 -4.416226 -4.414204 -4.412182 -4.410161 -4.408139 -4.409404 -4.40871 -4.410758 -4.416896 -4.421955 -4.427563 -4.433237 -4.43987 -4.446428 -4.452914 -4.459327 -4.466103 -4.473816 -4.476396 -4.480679 -4.480554 -4.478918 -4.476311 -4.468833 -4.461394 -4.452617 -4.441236 -4.430708 -4.419213 -4.404459
-4.72987 -4.711822 -4.696661 -4.678876 -4.663815 -4.647741 -4.633199 -4.617846 -4.606588 -4.591932 -4.578639 -4.567319 -4.556812 -4.547898 -4.540178 -4.531801 -4.523641 -4.517327 -4.51164 -4.505798 -4.499808 -4.493909 -4.487582 -4.481476 -4.475032 -4.473011 -4.470989 -4.468967 -4.466945 -4.464923 -4.462902 -4.46088 -4.458858 -4.456837 -4.454815 -4.452793 -4.450771 -4.451993 -4.451832 -4.454624 -4.460814 -4.465864 -4.470995 -4.477129 -4.483399 -4.489662 -4.495854 -4.501977 -4.508033 -4.516059 -4.518227 -4.522503 -4.522166 -4.520433 -4.517502 -4.509664 -4.502153 -4.493753 -4.481483 -4.470719 -4.459476 -4.44347
-4.746054 -4.731357 -4.714085 -4.698952 -4.684053 -4.668314 -4.655138 -4.641199 -4.628578 -4.617229 -4.605613 -4.593129 -4.583682 -4.576218 -4.569172 -4.561246 -4.553831 -4.548367 -4.543097 -4.537685 -4.532122 -4.526894 -4.521023 -4.517485 -4.517665 -4.515643 -4.513621 -4.5116 -4.509578 -4.507556 -4.505534 -4.503512 -4.501491 -4.499469 -4.497447 -4.495426 -4.493404 -4.494583 -4.494955 -4.498489 -4.504349 -4.509501 -4.514809 -4.521022 -4.526278 -4.532299 -4.538253 -4.54414 -4.549963 -4.558157 -4.560021 -4.56419 -4.56369 -4.561948 -4.558527 -4.551046 -4.542912 -4.534 -4.522944 -4.512018 -4.499576 -4.483003
-4.766052 -4.749294 -4.734089 -4.720366 -4.703582 -4.691505 -4.675962 -4.666729 -4.652485 -4.640996 -4.631478 -4.621521 -4.611731 -4.604538 -4.598167 -4.590692 -4.584022 -4.579407 -4.574555 -4.569571 -4.56445 -4.560284 -4.555082 -4.55201 -4.557185 -4.558275 -4.556254 -4.554232 -4.55221 -4.550189 -4.548167 -4.546145 -4.544123 -4.542101 -4.54008 -4.538058 -4.536036 -4.537172 -4.538078 -4.542355 -4.547823 -4.553118 -4.558622 -4.564915 -4.569157 -4.574937 -4.580652 -4.586304 -4.591893 -4.600255 -4.601816 -4.605877 -4.605214 -4.603464 -4.599551 -4.592429 -4.583703 -4.574247 -4.564579 -4.553775 -4.539567 -4.524128
-4.784503 -4.769226 -4.755301 -4.73889 -4.726016 -4.712381 -4.700634 -4.688982 -4.679187 -4.666986 -4.656708 -4.648761 -4.640982 -4.633572 -4.627162 -4.620137 -4.614212 -4.610446 -4.606013 -4.601458 -4.596777 -4.593674 -4.589141 -4.586738 -4.591545 -4.596885 -4.598886 -4.596864 -4.594842 -4.592821 -4.590799 -4.588778 -4.586756 -4.584734 -4.582712 -4.58069 -4.578669 -4.579762 -4.581201 -4.58622 -4.591298 -4.596735 -4.602436 -4.608808 -4.612258 -4.617879 -4.623438 -4.628934 -4.634369 -4.642353 -4.64361 -4.647564 -4.646739 -4.644979 -4.640494 -4.633741 -4.624928 -4.614494 -4.604865 -4.594464 -4.578539 -4.563693
-4.804363 -4.79015 -4.774649 -4.761158 -4.749674 -4.735179 -4.726191 -4.713048 -4.703352 -4.694619 -4.683552 -4.67563 -4.669834 -4.663232 -4.656556 -4.649888 -4.644538 -4.641487 -4.63747 -4.633345 -4.629105 -4.627063 -4.6232 -4.621466 -4.625906 -4.631245 -4.636585 -4.639497 -4.637475 -4.635453 -4.633431 -4.63141 -4.629388 -4.627366 -4.625344 -4.623323 -4.621301 -4.622351 -4.624323 -4.630086 -4.634772 -4.640352 -4.64625 -4.6527 -4.656151 -4.661524 -4.666837 -4.672091 -4.677287 -4.68445 -4.685405 -4.689251 -4.688263 -4.686494 -4.681091 -4.6745 -4.666152 -4.655337 -4.645389 -4.634684 -4.618968 -4.603961
-4.82501 -4.810961 -4.796322 -4.784243 -4.770149 -4.760068 -4.749387 -4.739597 -4.728359 -4.720867 -4.711858 -4.703282 -4.698153 -4.693114 -4.687003 -4.680809 -4.675816 -4.672526 -4.668928 -4.665231 -4.661432 -4.660453 -4.657259 -4.656194 -4.66028 -4.665605 -4.670945 -4.676285 -4.680108 -4.678086 -4.676064 -4.674042 -4.67202 -4.669999 -4.667977 -4.665955 -4.663933 -4.66494 -4.667446 -4.673952 -4.678246 -4.683969 -4.690063 -4.696593 -4.700043 -4.705169 -4.710237 -4.715248 -4.720204 -4.726516 -4.727334 -4.730938 -4.729787 -4.72801 -4.721942 -4.715258 -4.707258 -4.696972 -4.687147 -4.674675 -4.660094 -4.645339
-4.846833 -4.83163 -4.818861 -4.806916 -4.794442 -4.785651 -4.77361 -4.765709 -4.755992 -4.746097 -4.740442 -4.732533 -4.726473 -4.722996 -4.71745 -4.711732 -4.707094 -4.703567 -4.700386 -4.697118 -4.69376 -4.693843 -4.691318 -4.690922 -4.694714 -4.699965 -4.705305 -4.710645 -4.715984 -4.720718 -4.718697 -4.716675 -4.714653 -4.712631 -4.710609 -4.708588 -4.706566 -4.70753 -4.710569 -4.71727 -4.721721 -4.72783 -4.73396 -4.740063 -4.743936 -4.748814 -4.753636 -4.758405 -4.763121 -4.768446 -4.769883 -4.772625 -4.771311 -4.769525 -4.763325 -4.756017 -4.747505 -4.738607 -4.728904 -4.713809 -4.699591 -4.685401
-4.866938 -4.854002 -4.842549 -4.829366 -4.819502 -4.809792 -4.800006 -4.789732 -4.783625 -4.773975 -4.767578 -4.761785 -4.755578 -4.752004 -4.746918 -4.741944 -4.738486 -4.735364 -4.732584 -4.729727 -4.726791 -4.727232 -4.725376 -4.725649 -4.729366 -4.734325 -4.739666 -4.745005 -4.750345 -4.755684 -4.761024 -4.759307 -4.757285 -4.755264 -4.753242 -4.75122 -4.749198 -4.750119 -4.753691 -4.760393 -4.765195 -4.771748 -4.77787 -4.783489 -4.787829 -4.792459 -4.797036 -4.801562 -4.806002 -4.810376 -4.812432 -4.814312 -4.812836 -4.810905 -4.804708 -4.797238 -4.787751 -4.779021 -4.769715 -4.754934 -4.740762 -4.72481
-4.889144 -4.876981 -4.864336 -4.853877 -4.845112 -4.834173 -4.826852 -4.817365 -4.810256 -4.802195 -4.794833 -4.791036 -4.78512 -4.780999 -4.776363 -4.772134 -4.769888 -4.767264 -4.764918 -4.762507 -4.760028 -4.760623 -4.759435 -4.760377 -4.764094 -4.768686 -4.774025 -4.779365 -4.784705 -4.790044 -4.795384 -4.800724 -4.799918 -4.797896 -4.795874 -4.793852 -4.791831 -4.792709 -4.796814 -4.803515 -4.80867 -4.815426 -4.821599 -4.827186 -4.831722 -4.835461 -4.839744 -4.843978 -4.848165 -4.852329 -4.854981 -4.855999 -4.85436 -4.852198 -4.84609 -4.838462 -4.829365 -4.820518 -4.80975 -4.79606 -4.78214 -4.766212
-4.911705 -4.900855 -4.888582 -4.878937 -4.870196 -4.86042 -4.851831 -4.844998 -4.836326 -4.830779 -4.824084 -4.820088 -4.814705 -4.810076 -4.805809 -4.802324 -4.801289 -4.799165 -4.797252 -4.795287 -4.793266 -4.794012 -4.793494 -4.795105 -4.798822 -4.8031 -4.808385 -4.813725 -4.819065 -4.824405 -4.829744 -4.835084 -4.840424 -4.840528 -4.838507 -4.836485 -4.834463 -4.835298 -4.839937 -4.846638 -4.852144 -4.8589 -4.865215 -4.871 -4.875614 -4.879065 -4.883179 -4.887247 -4.891269 -4.895247 -4.897531 -4.897686 -4.895885 -4.893291 -4.887473 -4.879686 -4.871 -4.862276 -4.849775 -4.836185 -4.82214 -4.807697
-4.935287 -4.923552 -4.913311 -4.904572 -4.894735 -4.887262 -4.878739 -4.872631 -4.864398 -4.859363 -4.853336 -4.848408 -4.844587 -4.840523 -4.836727 -4.833527 -4.832691 -4.831065 -4.829586 -4.828066 -4.826504 -4.827402 -4.827553 -4.829833 -4.833549 -4.837533 -4.842746 -4.848085 -4.853425 -4.858765 -4.864105 -4.869444 -4.874784 -4.880124 -4.881139 -4.879117 -4.877096 -4.877888 -4.88306 -4.889761 -4.895618 -4.902374 -4.908833 -4.914814 -4.919507 -4.922957 -4.926823 -4.930646 -4.934426 -4.938164 -4.94008 -4.939373 -4.937408 -4.934221 -4.928364 -4.920762 -4.912635 -4.904033 -4.8909 -4.877563 -4.862941 -4.848069
-4.958693 -4.947799 -4.938372 -4.930342 -4.920982 -4.914108 -4.906372 -4.899645 -4.892532 -4.886395 -4.882587 -4.877583 -4.874469 -4.87097 -4.867649 -4.864805 -4.864092 -4.862965 -4.86192 -4.860846 -4.859742 -4.860792 -4.861611 -4.864561 -4.868278 -4.871994 -4.877106 -4.882446 -4.887785 -4.893125 -4.898465 -4.903804 -4.909144 -4.914484 -4.919824 -4.92175 -4.919728 -4.920477 -4.926182 -4.932884 -4.939093 -4.945849 -4.952449 -4.958627 -4.9634 -4.96685 -4.970468 -4.974045 -4.977583 -4.981081 -4.982629 -4.981061 -4.978933 -4.975604 -4.969548 -4.961758 -4.95389 -4.944818 -4.932026 -4.918941 -4.904426 -4.889074
-4.982769 -4.972746 -4.964034 -4.955298 -4.947671 -4.940112 -4.934004 -4.926749 -4.921116 -4.915636 -4.911839 -4.907125 -4.90435 -4.901416 -4.898571 -4.896082 -4.895494 -4.894866 -4.894254 -4.893626 -4.89298 -4.894182 -4.89567 -4.899289 -4.903006 -4.906722 -4.911486 -4.916806 -4.922145 -4.927485 -4.932825 -4.938165 -4.943504 -4.948844 -4.954184 -4.959523 -4.96236 -4.963066 -4.969305 -4.976007 -4.982567 -4.989323 -4.996067 -5.000545 -5.004095 -5.007122 -5.006754 -5.002999 -5 -5 -5 -5 -5 -5 -5 -5 -4.995648 -4.985741 -4.972986 -4.959671 -4.945504 -4.929882
-5.013912 -4.997806 -4.989803 -4.981545 -4.974518 -4.967745 -4.961637 -4.954822 -4.9497 -4.944887 -4.94109 -4.936668 -4.934232 -4.931863 -4.929493 -4.927361 -4.926687 -4.926508 -4.926325 -4.926136 -4.926304 -4.928037 -4.9303 -4.934017 -4.937733 -4.94145 -4.945919 -4.951166 -4.956506 -4.961845 -4.967185 -4.972525 -4.977864 -4.983204 -4.988544 -4.993884 -4.999223 -5.004084 -5.008864 -5.013523 -5.0181 -5.022597 -5.026311 -5.029861 -5.033412 -5.036218 -5.034597 -5.030842 -5.027088 -5.023334 -5.019579 -5.015824 -5.01207 -5.008316 -5.004561 -5.000807 -5 -5 -5 -5 -4.986509 -4.970984
