models/HCHB/coorong-rapid/model/fast/structure/dem/zb_medium_low_flow_002.asc
ncols        317
nrows        326
xllcorner    306235.690000000002
yllcorner    6060815.599999999627
cellsize     9.979016700000
NODATA_value  -9999
[rows 247 to 265 of 326, columns 123 to 163 of 317]
-6.2607526779174804688 -6.2468748092651367188 -6.2331299781799316406 -6.2138433456420898438 -6.2006783485412597656 -6.1882047653198242188 -6.1698408126831054688 -6.1527609825134277344 -6.1431474685668945313 -6.1336693763732910156 -6.124786376953125 -6.1103014945983886719 -6.101348876953125 -6.0935611724853515625 -6.0861988067626953125 -6.0789537429809570313 -6.0652146339416503906 -6.0593485832214355469 -6.0457239151000976563 -6.0491166114807128906 -6.04315948486328125 -6.0442748069763183594 -6.0305867195129394531 -6.0251417160034179688 -6.0159387588500976563 -6.0104985237121582031 -6.0006866455078125 -5.9964947700500488281 -5.9923810958862304688 -5.98834228515625 -5.9843764305114746094 -5.9804816246032714844 -5.9766554832458496094 -5.9728932380676269531 -5.9691634178161621094 -5.96530914306640625 -5.9615383148193359375 -5.9578051567077636719 -5.9515728950500488281 -5.9502496719360351563 -5.9535961151123046875
-6.296573638916015625 -6.2821402549743652344 -6.2680144309997558594 -6.2536549568176269531 -6.2351779937744140625 -6.2226634025573730469 -6.2045650482177734375 -6.1878895759582519531 -6.1780276298522949219 -6.1683039665222167969 -6.1591615676879882813 -6.1479043960571289063 -6.135486602783203125 -6.1275548934936523438 -6.1199293136596679688 -6.112506866455078125 -6.0987672805786132813 -6.0926232337951660156 -6.0808043479919433594 -6.0846018791198730469 -6.0783162117004394531 -6.0755186080932617188 -6.0652976036071777344 -6.0595402717590332031 -6.0466442108154296875 -6.0409359931945800781 -6.0337471961975097656 -6.0292491912841796875 -6.0248346328735351563 -6.0202655792236328125 -6.0154294967651367188 -6.0106797218322753906 -6.0060129165649414063 -6.0014119148254394531 -5.9999194145202636719 -5.995792388916015625 -5.9917545318603515625 -5.9877576828002929688 -5.9787621498107910156 -5.9795665740966796875 -5.9826931953430175781
-6.3365740776062011719 -6.3217244148254394531 -6.3028306961059570313 -6.2892522811889648438 -6.2696781158447265625 -6.2568507194519042969 -6.2392888069152832031 -6.2238726615905761719 -6.2136712074279785156 -6.2036671638488769531 -6.1935367584228515625 -6.1847906112670898438 -6.16962432861328125 -6.161548614501953125 -6.153659820556640625 -6.1460595130920410156 -6.132320404052734375 -6.1258974075317382813 -6.1162896156311035156 -6.1200871467590332031 -6.1134724617004394531 -6.1067624092102050781 -6.0997481346130371094 -6.0929780006408691406 -6.0773491859436035156 -6.0713734626770019531 -6.0655570030212402344 -6.0601663589477539063 -6.0548758506774902344 -6.0496811866760253906 -6.0445799827575683594 -6.0395703315734863281 -6.0346465110778808594 -6.0297818183898925781 -6.0306754112243652344 -6.0262761116027832031 -6.0219702720642089844 -6.0177102088928222656 -6.0059514045715332031 -6.0088834762573242188 -6.0114612579345703125
-6.3718881607055664063 -6.3572359085083007813 -6.3376364707946777344 -6.3237376213073730469 -6.3081297874450683594 -6.29145050048828125 -6.2740130424499511719 -6.2620496749877929688 -6.2515797615051269531 -6.2415604591369628906 -6.2279119491577148438 -6.2188878059387207031 -6.2045817375183105469 -6.1963987350463867188 -6.1883196830749511719 -6.1796121597290039063 -6.1658730506896972656 -6.1591715812683105469 -6.1517748832702636719 -6.1534390449523925781 -6.1486287117004394531 -6.1379938125610351563 -6.1306567192077636719 -6.1235880851745605469 -6.1109771728515625 -6.1018114089965820313 -6.0957970619201660156 -6.0901265144348144531 -6.0845613479614257813 -6.0790967941284179688 -6.0737309455871582031 -6.0684609413146972656 -6.0632801055908203125 -6.0581517219543457031 -6.0613026618957519531 -6.0560517311096191406 -6.0509076118469238281 -6.0458579063415527344 -6.0346498489379882813 -6.03820037841796875 -6.0378656387329101563
-6.407154083251953125 -6.392120361328125 -6.3758392333984375 -6.3582320213317871094 -6.3446135520935058594 -6.3261747360229492188 -6.3089957237243652344 -6.2982764244079589844 -6.287708282470703125 -6.2776699066162109375 -6.262287139892578125 -6.2529854774475097656 -6.2415857315063476563 -6.2331233024597167969 -6.2247676849365234375 -6.2131648063659667969 -6.2002701759338378906 -6.1924457550048828125 -6.1872601509094238281 -6.1855268478393554688 -6.1837854385375976563 -6.1692233085632324219 -6.1615648269653320313 -6.1541981697082519531 -6.1446871757507324219 -6.1322488784790039063 -6.1260371208190917969 -6.1200871467590332031 -6.1142468452453613281 -6.10851287841796875 -6.1028819084167480469 -6.0973515510559082031 -6.0921812057495117188 -6.0874080657958984375 -6.0891022682189941406 -6.0836129188537597656 -6.078216552734375 -6.0729923248291015625 -6.0639667510986328125 -6.0675172805786132813 -6.06427001953125
-6.4460101127624511719 -6.4269495010375976563 -6.412311553955078125 -6.3927316665649414063 -6.3788008689880371094 -6.3608984947204589844 -6.3441243171691894531 -6.333156585693359375 -6.3223433494567871094 -6.3120450973510742188 -6.2973637580871582031 -6.2870926856994628906 -6.277828216552734375 -6.269077301025390625 -6.2604570388793945313 -6.2467179298400878906 -6.2362723350524902344 -6.2257204055786132813 -6.2227454185485839844 -6.2176141738891601563 -6.2167983055114746094 -6.2004523277282714844 -6.1924729347229003906 -6.184810638427734375 -6.1776642799377441406 -6.1626863479614257813 -6.156276702880859375 -6.15004730224609375 -6.1441335678100585938 -6.1387619972229003906 -6.1334867477416992188 -6.1283044815063476563 -6.1232089996337890625 -6.1181645393371582031 -6.1169023513793945313 -6.1111741065979003906 -6.1055254936218261719 -6.1001267433166503906 -6.0932836532592773438 -6.0967931747436523438 -6.0910658836364746094
-6.481342315673828125 -6.4617552757263183594 -6.4467973709106445313 -6.4280543327331542969 -6.4130601882934570313 -6.3956227302551269531 -6.3792529106140136719 -6.3680367469787597656 -6.3569784164428710938 -6.3464198112487792969 -6.3349666595458984375 -6.3212304115295410156 -6.3118219375610351563 -6.3028078079223632813 -6.2940096855163574219 -6.2802705764770507813 -6.2722744941711425781 -6.2589945793151855469 -6.2582306861877441406 -6.250335693359375 -6.2480421066284179688 -6.2337231636047363281 -6.2261881828308105469 -6.2155160903930664063 -6.2081017494201660156 -6.1939144134521484375 -6.1879301071166992188 -6.1820573806762695313 -6.1762914657592773438 -6.1706299781799316406 -6.1650691032409667969 -6.1596074104309082031 -6.1542363166809082031 -6.1489205360412597656 -6.1447024345397949219 -6.1387352943420410156 -6.1328654289245605469 -6.1272735595703125 -6.122600555419921875 -6.1258902549743652344 -6.1189088821411132813
-6.5162267684936523438 -6.4980235099792480469 -6.4812860488891601563 -6.4665637016296386719 -6.447784423828125 -6.4303469657897949219 -6.416370391845703125 -6.4048161506652832031 -6.3935728073120117188 -6.3807950019836425781 -6.37053680419921875 -6.3553681373596191406 -6.3458156585693359375 -6.3365383148193359375 -6.3275623321533203125 -6.3138232231140136719 -6.3058938980102539063 -6.2922687530517578125 -6.2937154769897460938 -6.2854924201965332031 -6.2792859077453613281 -6.2684340476989746094 -6.2605872154235839844 -6.2462215423583984375 -6.2385392189025878906 -6.2269749641418457031 -6.2206845283508300781 -6.2145109176635742188 -6.2084493637084960938 -6.2024974822998046875 -6.1966519355773925781 -6.1909098625183105469 -6.1850266456604003906 -6.1796770095825195313 -6.1739563941955566406 -6.1683554649353027344 -6.1628184318542480469 -6.1544628143310546875 -6.1519174575805664063 -6.154987335205078125 -6.1467518806457519531
-6.5510683059692382813 -6.5353713035583496094 -6.5157856941223144531 -6.5007510185241699219 -6.4825081825256347656 -6.4652304649353027344 -6.4534053802490234375 -6.4417471885681152344 -6.4305529594421386719 -6.4151701927185058594 -6.4046339988708496094 -6.3895058631896972656 -6.3798093795776367188 -6.3702688217163085938 -6.3611154556274414063 -6.3473763465881347656 -6.3391680717468261719 -6.3255429267883300781 -6.3291440010070800781 -6.3206486701965332031 -6.3105258941650390625 -6.3014116287231445313 -6.2925724983215332031 -6.2769269943237304688 -6.2689766883850097656 -6.2600359916687011719 -6.2534384727478027344 -6.2468991279602050781 -6.2399592399597167969 -6.2331447601318359375 -6.226451873779296875 -6.2198758125305175781 -6.2133970260620117188 -6.2104330062866210938 -6.2044401168823242188 -6.1985716819763183594 -6.1927709579467773438 -6.1816515922546386719 -6.1812343597412109375 -6.1819024085998535156 -6.174594879150390625
-6.5858745574951171875 -6.5698566436767578125 -6.5502858161926269531 -6.534938812255859375 -6.5172324180603027344 -6.5003590583801269531 -6.4882855415344238281 -6.4763822555541992188 -6.4649281501770019531 -6.4495453834533691406 -6.4387316703796386719 -6.4256711006164550781 -6.4158158302307128906 -6.406085968017578125 -6.3946681022644042969 -6.3809289932250976563 -6.3724422454833984375 -6.3608884811401367188 -6.3612313270568847656 -6.3558053970336914063 -6.3417553901672363281 -6.3323197364807128906 -6.3231825828552246094 -6.3079972267150878906 -6.2994141578674316406 -6.2914090156555175781 -6.2839274406433105469 -6.276584625244140625 -6.2693753242492675781 -6.2622957229614257813 -6.2553424835205078125 -6.2485094070434570313 -6.2417669296264648438 -6.2411890029907226563 -6.2349104881286621094 -6.2282090187072753906 -6.2216048240661621094 -6.2088408470153808594 -6.2105512619018554688 -6.2083067893981933594 -6.2024378776550292969
-6.6206803321838378906 -6.6043419837951660156 -6.5873990058898925781 -6.5693936347961425781 -6.5519561767578125 -6.5354876518249511719 -6.5231657028198242188 -6.5110173225402832031 -6.4993033409118652344 -6.4844260215759277344 -6.4728364944458007813 -6.4620947837829589844 -6.4519562721252441406 -6.4419598579406738281 -6.4282207489013671875 -6.4144816398620605469 -6.4057168960571289063 -6.396373748779296875 -6.3933191299438476563 -6.3893218040466308594 -6.3729848861694335938 -6.3632283210754394531 -6.3537921905517578125 -6.3417072296142578125 -6.3298516273498535156 -6.3216485977172851563 -6.3138875961303710938 -6.3062701225280761719 -6.2987909317016601563 -6.2914462089538574219 -6.28423309326171875 -6.2771430015563964844 -6.2701368331909179688 -6.2695546150207519531 -6.2624716758728027344 -6.2555179595947265625 -6.2487392425537109375 -6.2363176345825195313 -6.2398681640625 -6.2347111701965332031 -6.2302803993225097656
-6.6584305763244628906 -6.6388397216796875 -6.6227011680603027344 -6.6041178703308105469 -6.5866804122924804688 -6.5706915855407714844 -6.5580530166625976563 -6.5456523895263671875 -6.5336785316467285156 -6.5220289230346679688 -6.5069742202758789063 -6.4960885047912597656 -6.4856867790222167969 -6.4755129814147949219 -6.4617733955383300781 -6.4490208625793457031 -6.4389910697937011719 -6.4318590164184570313 -6.4254064559936523438 -6.4205656051635742188 -6.4042143821716308594 -6.3941364288330078125 -6.3844022750854492188 -6.37526702880859375 -6.3602890968322753906 -6.3518886566162109375 -6.3438482284545898438 -6.3359556198120117188 -6.3282065391540527344 -6.3205971717834472656 -6.3131237030029296875 -6.3057765960693359375 -6.2985067367553710938 -6.2973546981811523438 -6.2900328636169433594 -6.2828273773193359375 -6.2758736610412597656 -6.2656345367431640625 -6.2690877914428710938 -6.2618780136108398438 -6.2581233978271484375
-6.6929163932800292969 -6.6733393669128417969 -6.6568889617919921875 -6.6388421058654785156 -6.6214647293090820313 -6.6085348129272460938 -6.5957860946655273438 -6.5834364891052246094 -6.5680537223815917969 -6.5562829971313476563 -6.5411119461059570313 -6.5300822257995605469 -6.5194172859191894531 -6.5090656280517578125 -6.4953265190124511719 -6.4850230216979980469 -6.4722652435302734375 -6.4673442840576171875 -6.4575123786926269531 -6.4518094062805175781 -6.4368600845336914063 -6.4272351264953613281 -6.4150934219360351563 -6.405704498291015625 -6.3907265663146972656 -6.3821287155151367188 -6.3738083839416503906 -6.3656411170959472656 -6.3576226234436035156 -6.3497481346130371094 -6.3425588607788085938 -6.3355798721313476563 -6.328678131103515625 -6.3251547813415527344 -6.3175945281982421875 -6.3101363182067871094 -6.3030076026916503906 -6.2949514389038085938 -6.2981843948364257813 -6.2897210121154785156 -6.2859663963317871094
-6.7274017333984375 -6.7078394889831542969 -6.6910762786865234375 -6.6735658645629882813 -6.65659332275390625 -6.6434144973754882813 -6.6304211616516113281 -6.6178112030029296875 -6.6024289131164550781 -6.5903806686401367188 -6.5752496719360351563 -6.5640764236450195313 -6.5531477928161621094 -6.5426182746887207031 -6.5288791656494140625 -6.5191645622253417969 -6.5055394172668457031 -6.5028295516967773438 -6.4926686286926269531 -6.4830536842346191406 -6.4715704917907714844 -6.4615564346313476563 -6.4457988739013671875 -6.4361419677734375 -6.4211645126342773438 -6.4123682975769042969 -6.4041872024536132813 -6.3963985443115234375 -6.3887505531311035156 -6.3812394142150878906 -6.3738617897033691406 -6.366607666015625 -6.3594341278076171875 -6.3529543876647949219 -6.3451557159423828125 -6.3378787040710449219 -6.3301630020141601563 -6.324268341064453125 -6.325939178466796875 -6.3175640106201171875 -6.3138093948364257813
-6.7618937492370605469 -6.7446513175964355469 -6.7257275581359863281 -6.70829010009765625 -6.6917219161987304688 -6.6782946586608886719 -6.6650562286376953125 -6.6521863937377929688 -6.6368036270141601563 -6.6244778633117675781 -6.6097564697265625 -6.5985088348388671875 -6.5874042510986328125 -6.5761709213256835938 -6.5624318122863769531 -6.5524387359619140625 -6.5388135910034179688 -6.5369362831115722656 -6.5278248786926269531 -6.5142879486083984375 -6.50307464599609375 -6.4921665191650390625 -6.4765043258666992188 -6.4665799140930175781 -6.4532637596130371094 -6.4448742866516113281 -6.4366402626037597656 -6.4285564422607421875 -6.4206185340881347656 -6.4128222465515136719 -6.4051055908203125 -6.3970117568969726563 -6.3901906013488769531 -6.3826041221618652344 -6.3751730918884277344 -6.3678312301635742188 -6.3573522567749023438 -6.3535852432250976563 -6.3523435592651367188 -6.3454065322875976563 -6.3416523933410644531
-6.7963933944702148438 -6.778839111328125 -6.7604513168334960938 -6.7430143356323242188 -6.7268505096435546875 -6.7131748199462890625 -6.6996912956237792969 -6.68656158447265625 -6.6714882850646972656 -6.6585803031921386719 -6.6463618278503417969 -6.6348352432250976563 -6.6234631538391113281 -6.6097240447998046875 -6.5959849357604980469 -6.5857133865356445313 -6.5720882415771484375 -6.5690236091613769531 -6.5618453025817871094 -6.5455174446105957031 -6.5339832305908203125 -6.5227766036987304688 -6.50720977783203125 -6.4970173835754394531 -6.4863247871398925781 -6.4776287078857421875 -6.4686079025268554688 -6.4596533775329589844 -6.4508600234985351563 -6.4422240257263183594 -6.43373870849609375 -6.4253816604614257813 -6.4209465980529785156 -6.4130873680114746094 -6.4053888320922851563 -6.3973517417907714844 -6.3845410346984863281 -6.3829021453857421875 -6.3787479400634765625 -6.3732495307922363281 -6.369495391845703125
-6.8308935165405273438 -6.81302642822265625 -6.7951755523681640625 -6.7777380943298339844 -6.7631897926330566406 -6.7491984367370605469 -6.7354912757873535156 -6.7209367752075195313 -6.7079315185546875 -6.6927180290222167969 -6.6803555488586425781 -6.6685657501220703125 -6.6570158004760742188 -6.6432766914367675781 -6.6295375823974609375 -6.6189875602722167969 -6.6054873466491699219 -6.6011114120483398438 -6.5930891036987304688 -6.5767464637756347656 -6.5648913383483886719 -6.553386688232421875 -6.538726806640625 -6.5274548530578613281 -6.5172610282897949219 -6.5076885223388671875 -6.4982933998107910156 -6.4890689849853515625 -6.480010986328125 -6.4711146354675292969 -6.4623723030090332031 -6.4537515640258789063 -6.4500069618225097656 -6.4413309097290039063 -6.432819366455078125 -6.4244861602783203125 -6.4117302894592285156 -6.4122190475463867188 -6.4051523208618164063 -6.401092529296875 -6.3973379135131835938
-6.8666014671325683594 -6.8473372459411621094 -6.8298997879028320313 -6.81282806396484375 -6.7985439300537109375 -6.7844600677490234375 -6.770694732666015625 -6.7553119659423828125 -6.7420291900634765625 -6.7268557548522949219 -6.7143492698669433594 -6.7022962570190429688 -6.6905684471130371094 -6.6768293380737304688 -6.6630902290344238281 -6.6522617340087890625 -6.6409726142883300781 -6.6331987380981445313 -6.6243329048156738281 -6.6079764366149902344 -6.5957999229431152344 -6.5839967727661132813 -6.5724368095397949219 -6.5578923225402832031 -6.5475006103515625 -6.5376486778259277344 -6.5279788970947265625 -6.5184850692749023438 -6.5091619491577148438 -6.5000052452087402344 -6.4910058975219726563 -6.4821214675903320313 -6.4778070449829101563 -6.4688920974731445313 -6.4601287841796875 -6.4516205787658691406 -6.4389190673828125 -6.4413819313049316406 -6.432689666748046875 -6.4289355278015136719 -6.4251809120178222656
-6.9007892608642578125 -6.882061004638671875 -6.8646235466003417969 -6.8479566574096679688 -6.833423614501953125 -6.8190951347351074219 -6.8050699234008789063 -6.7896871566772460938 -6.776126861572265625 -6.7609934806823730469 -6.7483429908752441406 -6.736026763916015625 -6.7241215705871582031 -6.7103824615478515625 -6.6977710723876953125 -6.6855359077453613281 -6.6764578819274902344 -6.6652860641479492188 -6.6555771827697753906 -6.6399965286254882813 -6.6282815933227539063 -6.6146707534790039063 -6.6033077239990234375 -6.5883297920227050781 -6.5777406692504882813 -6.5676093101501464844 -6.5576643943786621094 -6.5479006767272949219 -6.5383129119873046875 -6.5288958549499511719 -6.5196394920349121094 -6.5104913711547851563 -6.5056066513061523438 -6.4964532852172851563 -6.4874377250671386719 -6.4787545204162597656 -6.4673023223876953125 -6.4699754714965820313 -6.4605326652526855469 -6.4567785263061523438 -6.4530239105224609375
