models/HCHB/coorong-rapid/model/fast/structure/dem/zb_medium_low_flow_002.asc
ncols        317
nrows        326
xllcorner    306235.690000000002
yllcorner    6060815.599999999627
cellsize     9.979016700000
NODATA_value  -9999
[rows 152 to 170 of 326, columns 41 to 81 of 317]
-5.6064152717590332031 -5.5750527381896972656 -5.543987274169921875 -5.5161523818969726563 -5.484951019287109375 -5.4539957046508789063 -5.4230561256408691406 -5.3953223228454589844 -5.3655829429626464844 -5.3370480537414550781 -5.3070130348205566406 -5.2773232460021972656 -5.2471857070922851563 -5.2165427207946777344 -5.1863040924072265625 -5.1574954986572265625 -5.1278429031372070313 -5.0985765457153320313 -5.0696892738342285156 -5.0411734580993652344 -5.0127162933349609375 -4.9870162010192871094 -4.9607601165771484375 -4.9349374771118164063 -4.9094724655151367188 -4.8843584060668945313 -4.8595876693725585938 -4.8350677490234375 -4.8117685317993164063 -4.785186767578125 -4.7587246894836425781 -4.7328820228576660156 -4.7076373100280761719 -4.6822900772094726563 -4.6559925079345703125 -4.6333665847778320313 -4.6084876060485839844 -4.5834074020385742188 -4.554134368896484375 -4.5257153511047363281 -4.4948754310607910156
-5.6636981964111328125 -5.6337237358093261719 -5.6045947074890136719 -5.5737719535827636719 -5.543972015380859375 -5.5134282112121582031 -5.4820690155029296875 -5.4543352127075195313 -5.4230785369873046875 -5.3923406600952148438 -5.3620452880859375 -5.3320298194885253906 -5.3024697303771972656 -5.2718229293823242188 -5.2412195205688476563 -5.211017608642578125 -5.1812090873718261719 -5.15178680419921875 -5.12314605712890625 -5.0946755409240722656 -5.0646619796752929688 -5.0342693328857421875 -5.0031890869140625 -4.9766869544982910156 -4.9511098861694335938 -4.9257931709289550781 -4.9003214836120605469 -4.8753719329833984375 -4.8511672019958496094 -4.8239245414733886719 -4.7972774505615234375 -4.7693500518798828125 -4.7429957389831542969 -4.7179236412048339844 -4.6952481269836425781 -4.6687731742858886719 -4.6444077491760253906 -4.614971160888671875 -4.5868220329284667969 -4.5557909011840820313 -4.5223970413208007813
-5.7248325347900390625 -5.6927337646484375 -5.664760589599609375 -5.6326680183410644531 -5.60079193115234375 -5.5688157081604003906 -5.5410819053649902344 -5.5091094970703125 -5.4776682853698730469 -5.44907379150390625 -5.4194741249084472656 -5.3876800537109375 -5.3561029434204101563 -5.3249430656433105469 -5.2941923141479492188 -5.264430999755859375 -5.235408782958984375 -5.2056355476379394531 -5.1762452125549316406 -5.1470003128051757813 -5.1166071891784667969 -5.0855479240417480469 -5.0537929534912109375 -5.0219488143920898438 -4.9921245574951171875 -4.9666171073913574219 -4.9413461685180664063 -4.9171481132507324219 -4.8877992630004882813 -4.8601202964782714844 -4.83309173583984375 -4.8066878318786621094 -4.780887603759765625 -4.7555060386657714844 -4.7296013832092285156 -4.7052478790283203125 -4.6761803627014160156 -4.6479291915893554688 -4.6167063713073730469 -4.58404541015625 -4.551425933837890625
-5.7816128730773925781 -5.7532029151916503906 -5.7205801010131835938 -5.6890273094177246094 -5.6584296226501464844 -5.6278285980224609375 -5.5979390144348144531 -5.5676350593566894531 -5.5357155799865722656 -5.5041961669921875 -5.4725241661071777344 -5.4403834342956542969 -5.4094719886779785156 -5.3798584938049316406 -5.34874725341796875 -5.3180413246154785156 -5.2877330780029296875 -5.2578148841857910156 -5.2293381690979003906 -5.1989455223083496094 -5.1685528755187988281 -5.1361522674560546875 -5.1039729118347167969 -5.0720539093017578125 -5.0403928756713867188 -5.0090222358703613281 -4.9816508293151855469 -4.953777313232421875 -4.9253201484680175781 -4.8975291252136230469 -4.870380401611328125 -4.8432345390319824219 -4.8158426284790039063 -4.7914824485778808594 -4.7660880088806152344 -4.7376728057861328125 -4.7090363502502441406 -4.6776218414306640625 -4.6456937789916992188 -4.6123766899108886719 -4.576568603515625
-5.841480255126953125 -5.8120913505554199219 -5.7803854942321777344 -5.7475886344909667969 -5.7145757675170898438 -5.6868414878845214844 -5.6536655426025390625 -5.6210427284240722656 -5.5889186859130859375 -5.5584197044372558594 -5.527713775634765625 -5.4956636428833007813 -5.4635825157165527344 -5.4319219589233398438 -5.4006738662719726563 -5.3698306083679199219 -5.3410992622375488281 -5.3113169670104980469 -5.2812838554382324219 -5.2508912086486816406 -5.2185111045837402344 -5.18599700927734375 -5.1537461280822753906 -5.1222481727600097656 -5.0903844833374023438 -5.0568304061889648438 -5.0226774215698242188 -4.9905200004577636719 -4.9619660377502441406 -4.9333009719848632813 -4.90573883056640625 -4.8788065910339355469 -4.8533635139465332031 -4.8269143104553222656 -4.7991652488708496094 -4.7701435089111328125 -4.7385373115539550781 -4.7073421478271484375 -4.6728696823120117188 -4.6394085884094238281 -4.6033601760864257813
-5.9018115997314453125 -5.8682971000671386719 -5.8349523544311523438 -5.8022055625915527344 -5.7735886573791503906 -5.7396960258483886719 -5.7080626487731933594 -5.6776499748229980469 -5.6463470458984375 -5.6130185127258300781 -5.5799441337585449219 -5.547306060791015625 -5.5150966644287109375 -5.4852433204650878906 -5.4548735618591308594 -5.423679351806640625 -5.3928866386413574219 -5.3636217117309570313 -5.33322906494140625 -5.3008704185485839844 -5.2680211067199707031 -5.2363953590393066406 -5.2039403915405273438 -5.1717467308044433594 -5.1386876106262207031 -5.1045346260070800781 -5.0703644752502441406 -5.0337371826171875 -4.9977383613586425781 -4.9694309234619140625 -4.9417710304260253906 -4.9150338172912597656 -4.8877167701721191406 -4.8606581687927246094 -4.8312501907348632813 -4.7995390892028808594 -4.7689905166625976563 -4.733386993408203125 -4.7022485733032226563 -4.6669034957885742188 -4.6331548690795898438
-5.9581370353698730469 -5.9259843826293945313 -5.8941059112548828125 -5.8603353500366210938 -5.8302946090698242188 -5.798221588134765625 -5.7644176483154296875 -5.7310695648193359375 -5.6978626251220703125 -5.6644258499145507813 -5.6332187652587890625 -5.6022214889526367188 -5.5696516036987304688 -5.537506103515625 -5.5057768821716308594 -5.4744563102722167969 -5.4459600448608398438 -5.4155673980712890625 -5.3832292556762695313 -5.3514742851257324219 -5.3184194564819335938 -5.2856321334838867188 -5.2531094551086425781 -5.2205448150634765625 -5.1863918304443359375 -5.1522393226623535156 -5.1160736083984375 -5.0793557167053222656 -5.0427098274230957031 -5.006175994873046875 -4.9767255783081054688 -4.9495983123779296875 -4.9221506118774414063 -4.8922681808471679688 -4.8611874580383300781 -4.830638885498046875 -4.7962269783020019531 -4.7643260955810546875 -4.7305474281311035156 -4.6947879791259765625 -4.6579318046569824219
-6.0160145759582519531 -5.9817485809326171875 -5.9470820426940917969 -5.9193482398986816406 -5.8842525482177734375 -5.8497452735900878906 -5.8163881301879882813 -5.7851796150207519531 -5.7529573440551757813 -5.7195043563842773438 -5.6859450340270996094 -5.6528263092041015625 -5.6201386451721191406 -5.5889630317687988281 -5.5590524673461914063 -5.5279583930969238281 -5.497905731201171875 -5.4674296379089355469 -5.4338335990905761719 -5.4004435539245605469 -5.3673238754272460938 -5.3344717025756835938 -5.3031010627746582031 -5.2682490348815917969 -5.234096527099609375 -5.1984100341796875 -5.1615977287292480469 -5.124835968017578125 -5.0883021354675292969 -5.0516953468322753906 -5.0142083168029785156 -4.9836430549621582031 -4.9534311294555664063 -4.9228358268737792969 -4.891826629638671875 -4.8590669631958007813 -4.8257274627685546875 -4.7941908836364746094 -4.7559666633605957031 -4.7234015464782714844 -4.6861028671264648438
-6.0710391998291015625 -6.0378823280334472656 -6.0060949325561523438 -5.9713282585144042969 -5.9385113716125488281 -5.9062266349792480469 -5.8732199668884277344 -5.8383569717407226563 -5.8037843704223632813 -5.7696690559387207031 -5.7373309135437011719 -5.7060551643371582031 -5.6743383407592773438 -5.6417231559753417969 -5.6095280647277832031 -5.5802435874938964844 -5.5498509407043457031 -5.5161924362182617188 -5.4824676513671875 -5.4491543769836425781 -5.4174771308898925781 -5.3844637870788574219 -5.3501067161560058594 -5.3159537315368652344 -5.2807459831237792969 -5.2438402175903320313 -5.2072548866271972656 -5.1704282760620117188 -5.1337056159973144531 -5.0965085029602050781 -5.0579800605773925781 -5.019451141357421875 -4.9844841957092285156 -4.9530458450317382813 -4.9219069480895996094 -4.8893713951110839844 -4.8578348159790039063 -4.8213133811950683594 -4.7880945205688476563 -4.7526021003723144531 -4.7157368659973144531
-6.1285448074340820313 -6.09284210205078125 -6.0626502037048339844 -6.02880859375 -5.9931197166442871094 -5.9579424858093261719 -5.9232010841369628906 -5.8896698951721191406 -5.8569655418395996094 -5.8245840072631835938 -5.7905559539794921875 -5.7569708824157714844 -5.7238211631774902344 -5.6913394927978515625 -5.6625819206237792969 -5.6321892738342285156 -5.5985517501831054688 -5.5650105476379394531 -5.5327348709106445313 -5.499210357666015625 -5.4658260345458984375 -5.4319639205932617188 -5.3978109359741210938 -5.3630824089050292969 -5.3261799812316894531 -5.2894968986511230469 -5.2525544166564941406 -5.2157158851623535156 -5.1788091659545898438 -5.1402807235717773438 -5.1017518043518066406 -5.0617499351501464844 -5.0208926200866699219 -4.9847469329833984375 -4.9530153274536132813 -4.9194197654724121094 -4.8867831230163574219 -4.8520522117614746094 -4.8191008567810058594 -4.7824907302856445313 -4.7475390434265136719
-6.1816587448120117188 -6.1518549919128417969 -6.1148390769958496094 -6.0784473419189453125 -6.0449643135070800781 -6.0119390487670898438 -5.9782013893127441406 -5.9433450698852539063 -5.9083080291748046875 -5.8737306594848632813 -5.8400774002075195313 -5.8083357810974121094 -5.7770056724548339844 -5.7445998191833496094 -5.7145276069641113281 -5.6818137168884277344 -5.6489310264587402344 -5.6148900985717773438 -5.580902099609375 -5.5471882820129394531 -5.514019012451171875 -5.4796681404113769531 -5.4454188346862792969 -5.4087657928466796875 -5.3717393875122070313 -5.3346805572509765625 -5.2977261543273925781 -5.261119842529296875 -5.2225809097290039063 -5.1840524673461914063 -5.144268035888671875 -5.10353851318359375 -5.0625858306884765625 -5.0216665267944335938 -4.9846949577331542969 -4.9522533416748046875 -4.9185514450073242188 -4.8843426704406738281 -4.8497724533081054688 -4.8127055168151855469 -4.7766909599304199219
-6.2386016845703125 -6.2036838531494140625 -6.1689605712890625 -6.1348028182983398438 -6.1000933647155761719 -6.0636954307556152344 -6.0276255607604980469 -5.9927692413330078125 -5.9596009254455566406 -5.9268670082092285156 -5.8938031196594238281 -5.8597674369812011719 -5.8261690139770507813 -5.7968654632568359375 -5.7660770416259765625 -5.7315149307250976563 -5.6969141960144042969 -5.6625943183898925781 -5.6292638778686523438 -5.5969824790954589844 -5.5615253448486328125 -5.5273728370666503906 -5.4911279678344726563 -5.4539813995361328125 -5.4168066978454589844 -5.3797740936279296875 -5.34325408935546875 -5.3048815727233886719 -5.2663531303405761719 -5.2267861366271972656 -5.1861844062805175781 -5.1452317237854003906 -5.1044421195983886719 -5.0635228157043457031 -5.0224785804748535156 -4.985050201416015625 -4.9510903358459472656 -4.9170541763305664063 -4.8802776336669921875 -4.843227386474609375 -4.8058061599731445313
-6.29500579833984375 -6.259395599365234375 -6.2218222618103027344 -6.1848158836364746094 -6.14957427978515625 -6.1149134635925292969 -6.0807127952575683594 -6.0469470024108886719 -6.0114603042602539063 -5.9764356613159179688 -5.9418649673461914063 -5.9092926979064941406 -5.87920379638671875 -5.8488111495971679688 -5.8138737678527832031 -5.7789387702941894531 -5.745380401611328125 -5.7125067710876464844 -5.6785426139831542969 -5.6433825492858886719 -5.60923004150390625 -5.5734639167785644531 -5.5362234115600585938 -5.4989323616027832031 -5.4622082710266113281 -5.4252643585205078125 -5.3871822357177734375 -5.3486533164978027344 -5.3093047142028808594 -5.2688174247741699219 -5.2278776168823242188 -5.18721771240234375 -5.1464262008666992188 -5.1053619384765625 -5.0643687248229980469 -5.0227332115173339844 -4.98386383056640625 -4.947849273681640625 -4.9107117652893066406 -4.8742380142211914063 -4.8356723785400390625
-6.3454260826110839844 -6.3088459968566894531 -6.273540496826171875 -6.2386989593505859375 -6.2034449577331542969 -6.1671857833862304688 -6.1306710243225097656 -6.094635009765625 -6.0608897209167480469 -6.0277094841003417969 -5.9949584007263183594 -5.9612407684326171875 -5.9311490058898925781 -5.8962330818176269531 -5.8624424934387207031 -5.828960418701171875 -5.7944803237915039063 -5.7599053382873535156 -5.7252397537231445313 -5.6910872459411621094 -5.6558003425598144531 -5.6184659004211425781 -5.5813145637512207031 -5.5445246696472167969 -5.507274627685546875 -5.4694828987121582031 -5.4309539794921875 -5.39182281494140625 -5.3512520790100097656 -5.3105235099792480469 -5.2699933052062988281 -5.2293295860290527344 -5.1882495880126953125 -5.1474056243896484375 -5.1059870719909667969 -5.0634379386901855469 -5.0190191268920898438 -4.9791436195373535156 -4.9419307708740234375 -4.904987335205078125 -4.8663191795349121094
-6.3994092941284179688 -6.3633785247802734375 -6.3269662857055664063 -6.2890338897705078125 -6.2516255378723144531 -6.2165164947509765625 -6.1818704605102539063 -6.1476793289184570313 -6.1132678985595703125 -6.0778112411499023438 -6.0428104400634765625 -6.0134873390197753906 -5.9804615974426269531 -5.9463629722595214844 -5.9113612174987792969 -5.8761725425720214844 -5.8412675857543945313 -5.80785369873046875 -5.7729444503784179688 -5.7381367683410644531 -5.700748443603515625 -5.6638655662536621094 -5.6266508102416992188 -5.5892848968505859375 -5.5517830848693847656 -5.5132546424865722656 -5.4743409156799316406 -5.4336872100830078125 -5.393169403076171875 -5.3527684211730957031 -5.31223297119140625 -5.271152496337890625 -5.230442047119140625 -5.1892409324645996094 -5.1467776298522949219 -5.1023588180541992188 -5.0581622123718261719 -5.0136251449584960938 -4.9743018150329589844 -4.9365396499633789063 -4.8979268074035644531
-6.4505243301391601563 -6.4122781753540039063 -6.3763341903686523438 -6.3401575088500976563 -6.3044595718383789063 -6.2692332267761230469 -6.232364654541015625 -6.1959004402160644531 -6.1608586311340332031 -6.1272459030151367188 -6.0958256721496582031 -6.0647249221801757813 -6.0291962623596191406 -5.99338531494140625 -5.9580264091491699219 -5.9242939949035644531 -5.8908171653747558594 -5.8548016548156738281 -5.82047271728515625 -5.7833342552185058594 -5.7463650703430175781 -5.7087769508361816406 -5.671295166015625 -5.6340909004211425781 -5.5955548286437988281 -5.5568594932556152344 -5.5161223411560058594 -5.4758152961730957031 -5.4355440139770507813 -5.3951368331909179688 -5.3540558815002441406 -5.3134784698486328125 -5.2724947929382324219 -5.2301168441772460938 -5.1856980323791503906 -5.1418213844299316406 -5.097606658935546875 -5.0528459548950195313 -5.0081162452697753906 -4.9689555168151855469 -4.9310674667358398438
-6.5021166801452636719 -6.4654588699340820313 -6.4286890029907226563 -6.3910264968872070313 -6.3530335426330566406 -6.3167777061462402344 -6.2817015647888183594 -6.2470827102661132813 -6.2129116058349609375 -6.1778821945190429688 -6.1477708816528320313 -6.1115550994873046875 -6.0759539604187011719 -6.0416064262390136719 -6.0075364112854003906 -5.972621917724609375 -5.9366588592529296875 -5.9025063514709472656 -5.8659200668334960938 -5.8286070823669433594 -5.7909030914306640625 -5.7533054351806640625 -5.7164087295532226563 -5.6778554916381835938 -5.6393265724182128906 -5.5985574722290039063 -5.5584611892700195313 -5.5183196067810058594 -5.4778552055358886719 -5.4369592666625976563 -5.3965153694152832031 -5.3557486534118652344 -5.3134565353393554688 -5.2690377235412597656 -5.2254805564880371094 -5.1815881729125976563 -5.1368865966796875 -5.0924220085144042969 -5.047672271728515625 -5.0025739669799804688 -4.9642658233642578125
-6.5538396835327148438 -6.5143728256225585938 -6.4768695831298828125 -6.4402632713317871094 -6.404140472412109375 -6.3684911727905273438 -6.3327326774597167969 -6.2958550453186035156 -6.259532928466796875 -6.2301092147827148438 -6.1948456764221191406 -6.1598744392395019531 -6.1251864433288574219 -6.0897507667541503906 -6.0539841651916503906 -6.0187249183654785156 -5.984363555908203125 -5.9485058784484863281 -5.9108495712280273438 -5.8730292320251464844 -5.8357057571411132813 -5.7987270355224609375 -5.7601561546325683594 -5.7216272354125976563 -5.6810064315795898438 -5.6411070823669433594 -5.6010951995849609375 -5.5605478286743164063 -5.519863128662109375 -5.4795517921447753906 -5.4390025138854980469 -5.3967957496643066406 -5.3523774147033691406 -5.3091397285461425781 -5.2655692100524902344 -5.2209830284118652344 -5.1767282485961914063 -5.1323056221008300781 -5.0875372886657714844 -5.0422530174255371094 -4.9964752197265625
-6.6030941009521484375 -6.5654010772705078125 -6.5282063484191894531 -6.4915027618408203125 -6.4532690048217773438 -6.4157238006591796875 -6.3802313804626464844 -6.3451991081237792969 -6.3124475479125976563 -6.2791090011596679688 -6.2437949180603027344 -6.2078318595886230469 -6.1714425086975097656 -6.1360812187194824219 -6.101688385009765625 -6.0662207603454589844 -6.0308547019958496094 -5.993091583251953125 -5.9553399085998535156 -5.9181399345397949219 -5.8808431625366210938 -5.842456817626953125 -5.8039278984069824219 -5.7635245323181152344 -5.7237529754638671875 -5.6838703155517578125 -5.6432404518127441406 -5.6027660369873046875 -5.5625886917114257813 -5.5222558975219726563 -5.4801354408264160156 -5.4357166290283203125 -5.3927989006042480469 -5.3495507240295410156 -5.3050799369812011719 -5.2610344886779785156 -5.2169389724731445313 -5.1725001335144042969 -5.1272158622741699219 -5.0807514190673828125 -5.0340027809143066406
