models/HCHB/coorong-rapid/model/fast/structure/dem/zb_medium_low_flow_002.asc
ncols        317
nrows        326
xllcorner    306235.690000000002
yllcorner    6060815.599999999627
cellsize     9.979016700000
NODATA_value  -9999
[rows 171 to 189 of 326, columns 246 to 286 of 317]
-0.47960394620895385742 -0.38275867700576782227 -0.28485649824142456055 -0.18787220120429992676 -0.091792948544025421143 0.0025407150387763977051 0.094409912824630737305 0.18543046712875366211 0.27561405301094055176 0.36572954058647155762 0.4570942223072052002 0.54762947559356689453 0.63734662532806396484 0.7262566685676574707 0.8143704533576965332 0.89954656362533569336 0.98373746871948242188 1.0677111148834228516 1.1531481742858886719 1.2378334999084472656 1.3217769861221313477 1.404988408088684082 1.4874773025512695313 1.5702902078628540039 1.3614151477813720703 1.0982474088668823242 0.83507961034774780273 0.57191181182861328125 0.30874404311180114746 0.045576248317956924438 -0.21759153902530670166 -0.48075935244560241699 -0.74392712116241455078 -0.80340331792831420898 -0.77424442768096923828 -0.74208772182464599609 -0.7099310755729675293 -0.67777436971664428711 -0.64561766386032104492 -0.55026870965957641602 -0.42510855197906494141
-0.65052872896194458008 -0.55383437871932983398 -0.45805010199546813965 -0.36316308379173278809 -0.26916071772575378418 -0.17473757266998291016 -0.079607345163822174072 0.014647383242845535278 0.10803864896297454834 0.20030538737773895264 0.28959950804710388184 0.37808376550674438477 0.46576908230781555176 0.55373394489288330078 0.64262026548385620117 0.73071402311325073242 0.81802594661712646484 0.90456622838973999023 0.99034506082534790039 1.0737166404724121094 1.1556715965270996094 1.2377320528030395508 1.3209470510482788086 1.3038717508316040039 1.040703892707824707 0.77753609418869018555 0.51436829566955566406 0.25120049715042114258 -0.011967306025326251984 -0.27513509988784790039 -0.53830289840698242188 -0.80147069692611694336 -0.88339668512344360352 -0.8592230677604675293 -0.82706636190414428711 -0.79490971565246582031 -0.76275300979614257813 -0.73059630393981933594 -0.65299075841903686523 -0.52783060073852539063 -0.41665518283843994141
-0.82938963174819946289 -0.73047792911529541016 -0.63140463829040527344 -0.53325593471527099609 -0.43689817190170288086 -0.34298989176750183105 -0.24994906783103942871 -0.1577637791633605957 -0.06642226874828338623 0.025695655494928359985 0.11818899959325790405 0.20984649658203125 0.30067944526672363281 0.39069890975952148438 0.47780266404151916504 0.56387209892272949219 0.6491782069206237793 0.73509263992309570313 0.82161706686019897461 0.90738356113433837891 0.99240207672119140625 1.0766823291778564453 1.1613538265228271484 0.98316031694412231445 0.71999251842498779297 0.45682471990585327148 0.19365693628787994385 -0.069510862231254577637 -0.33267864584922790527 -0.59584641456604003906 -0.85901421308517456055 -0.96339011192321777344 -0.94420170783996582031 -0.91204500198364257813 -0.87988829612731933594 -0.84773164987564086914 -0.81557494401931762695 -0.75571280717849731445 -0.63055270910263061523 -0.5059801936149597168 -0.43538108468055725098
-0.99950629472732543945 -0.90162479877471923828 -0.8046601414680480957 -0.70859962701797485352 -0.61343055963516235352 -0.51698869466781616211 -0.42072135210037231445 -0.32533591985702514648 -0.23108911514282226563 -0.1398296654224395752 -0.049397960305213928223 0.040217231959104537964 0.12902691960334777832 0.21894872188568115234 0.30893123149871826172 0.39811503887176513672 0.48651072382926940918 0.57412868738174438477 0.65938788652420043945 0.74315601587295532227 0.82619416713714599609 0.91015201807022094727 0.92561674118041992188 0.66244894266128540039 0.3992811739444732666 0.13611337542533874512 -0.12705440819263458252 -0.39022219181060791016 -0.65338999032974243164 -0.91655778884887695313 -1.043383479118347168 -1.0291802883148193359 -0.99702364206314086914 -0.96486693620681762695 -0.93271028995513916016 -0.90055358409881591797 -0.85843491554260253906 -0.73327475786209106445 -0.60811460018157958984 -0.52470606565475463867 -0.45410698652267456055
-1.1758832931518554688 -1.0749371051788330078 -0.97471886873245239258 -0.8763370513916015625 -0.78038966655731201172 -0.68532860279083251953 -0.59114164113998413086 -0.4978167414665222168 -0.40534219145774841309 -0.31125149130821228027 -0.217653617262840271 -0.12489776313304901123 -0.032972604036331176758 0.056058794260025024414 0.14400677382946014404 0.23117473721504211426 0.31757304072380065918 0.40540066361427307129 0.49299010634422302246 0.57981562614440917969 0.66588723659515380859 0.75241744518280029297 0.6049054265022277832 0.34173762798309326172 0.078569829463958740234 -0.18459796905517578125 -0.44776576757431030273 -0.71093356609344482422 -0.9741013646125793457 -1.1233768463134765625 -1.1141589879989624023 -1.0820022821426391602 -1.049845576286315918 -1.0176888704299926758 -0.98553222417831420898 -0.9533755183219909668 -0.83599680662155151367 -0.71083670854568481445 -0.61403107643127441406 -0.54343199729919433594 -0.47283288836479187012
-1.3451993465423583984 -1.2461572885513305664 -1.1480385065078735352 -1.0508303642272949219 -0.95437008142471313477 -0.85609012842178344727 -0.75871044397354125977 -0.66248357295989990234 -0.56925886869430541992 -0.47687968611717224121 -0.38533461093902587891 -0.29461237788200378418 -0.20470196008682250977 -0.11285158246755599976 -0.021795844659209251404 0.068455226719379425049 0.15791225433349609375 0.24505907297134399414 0.33064040541648864746 0.41547596454620361328 0.49957540631294250488 0.54736185073852539063 0.28419408202171325684 0.021026272326707839966 -0.24214151501655578613 -0.50530928373336791992 -0.76847708225250244141 -1.0316449403762817383 -1.2033703327178955078 -1.199137568473815918 -1.1669808626174926758 -1.1348241567611694336 -1.1026674509048461914 -1.0705108642578125 -1.0383541584014892578 -0.93871885538101196289 -0.81355875730514526367 -0.70335608720779418945 -0.63275700807571411133 -0.56215786933898925781 -0.48250359296798706055
-1.5184695720672607422 -1.4161818027496337891 -1.3157759904861450195 -1.2177895307540893555 -1.1207081079483032227 -1.0245194435119628906 -0.92921125888824462891 -0.83477139472961425781 -0.74069201946258544922 -0.64515376091003417969 -0.55047494173049926758 -0.45664411783218383789 -0.36568507552146911621 -0.2758585810661315918 -0.18682873249053955078 -0.098585002124309539795 -0.010815757326781749725 0.078596651554107666016 0.16722926497459411621 0.25509220361709594727 0.3434810340404510498 0.22665050625801086426 -0.036517281085252761841 -0.29968506097793579102 -0.5628528594970703125 -0.82602065801620483398 -1.0891884565353393555 -1.2833638191223144531 -1.2841161489486694336 -1.2519595623016357422 -1.2198028564453125 -1.1876461505889892578 -1.1554894447326660156 -1.1233328580856323242 -1.0414408445358276367 -0.91628080606460571289 -0.79268109798431396484 -0.72208195924758911133 -0.6514828801155090332 -0.58088380098342895508 -0.46855649352073669434
-1.6876542568206787109 -1.5874774456024169922 -1.4882302284240722656 -1.3898997306823730469 -1.2914588451385498047 -1.1920850276947021484 -1.0938781499862670898 -0.99868804216384887695 -0.90436142683029174805 -0.81088644266128540039 -0.71825170516967773438 -0.62644582986831665039 -0.53463441133499145508 -0.44170671701431274414 -0.34960025548934936523 -0.25830417871475219727 -0.16926974058151245117 -0.081875205039978027344 0.0047577447257936000824 0.09063901752233505249 0.16910696029663085938 -0.094060830771923065186 -0.3572286069393157959 -0.62039643526077270508 -0.88356423377990722656 -1.1467319726943969727 -1.3633571863174438477 -1.3690948486328125 -1.3369381427764892578 -1.3047815561294555664 -1.2726248502731323242 -1.240468144416809082 -1.2083114385604858398 -1.1441630125045776367 -1.0190029144287109375 -0.89384275674819946289 -0.81140697002410888672 -0.74080789089202880859 -0.67020875215530395508 -0.57286715507507324219 -0.45460939407348632813
-1.8576447963714599609 -1.7552149295806884766 -1.6551892757415771484 -1.5560877323150634766 -1.4578973054885864258 -1.3606057167053222656 -1.2642005681991577148 -1.1686698198318481445 -1.0726538896560668945 -0.97605216503143310547 -0.88031566143035888672 -0.78742897510528564453 -0.69572389125823974609 -0.60483217239379882813 -0.51474303007125854492 -0.42544582486152648926 -0.33579680323600769043 -0.24535714089870452881 -0.15570281445980072021 -0.065455377101898193359 -0.15160438418388366699 -0.41477218270301818848 -0.67793995141983032227 -0.94110774993896484375 -1.2042756080627441406 -1.4433505535125732422 -1.4540735483169555664 -1.4219168424606323242 -1.389760136604309082 -1.3576035499572753906 -1.3254468441009521484 -1.2932901382446289063 -1.2468850612640380859 -1.1217248439788818359 -0.99656480550765991211 -0.90073198080062866211 -0.83013284206390380859 -0.75953376293182373047 -0.67717778682708740234 -0.55892002582550048828 -0.44066229462623596191
-2.0269162654876708984 -1.9256298542022705078 -1.82527923583984375 -1.7258512973785400391 -1.6254595518112182617 -1.5252726078033447266 -1.4281171560287475586 -1.3318431377410888672 -1.2364382743835449219 -1.1418910026550292969 -1.0481897592544555664 -0.95532321929931640625 -0.86161762475967407227 -0.76765573024749755859 -0.67452061176300048828 -0.58359855413436889648 -0.49439081549644470215 -0.40596047043800354004 -0.31829738616943359375 -0.22154977917671203613 -0.47231572866439819336 -0.73548352718353271484 -0.99865132570266723633 -1.2618191242218017578 -1.5233440399169921875 -1.5390522480010986328 -1.5068955421447753906 -1.4747388362884521484 -1.4425821304321289063 -1.4104254245758056641 -1.3782687187194824219 -1.3461120128631591797 -1.2244470119476318359 -1.0992869138717651367 -0.99005693197250366211 -0.91945785284042358398 -0.84885877370834350586 -0.77825969457626342773 -0.66323071718215942383 -0.54497295618057250977 -0.42671516537666320801
-2.1946537494659423828 -2.0925891399383544922 -1.9914672374725341797 -1.8912751674652099609 -1.7920001745223999023 -1.6936297416687011719 -1.5961514711380004883 -1.4995534420013427734 -1.4016294479370117188 -1.3039871454238891602 -1.2091728448867797852 -1.1155892610549926758 -1.0228357315063476563 -0.93090105056762695313 -0.83977466821670532227 -0.74944579601287841797 -0.65794354677200317383 -0.56649786233901977539 -0.47439178824424743652 -0.52985930442810058594 -0.79302710294723510742 -1.0561949014663696289 -1.3193627595901489258 -1.5825304985046386719 -1.6240308284759521484 -1.5918741226196289063 -1.5597174167633056641 -1.5275607109069824219 -1.4954040050506591797 -1.4632472991943359375 -1.4310907125473022461 -1.3271690607070922852 -1.2020088434219360352 -1.0793819427490234375 -1.0087828636169433594 -0.93818378448486328125 -0.86758464574813842773 -0.76754134893417358398 -0.64928358793258666992 -0.53102582693099975586 -0.4127680659294128418
-2.3630297183990478516 -2.2606587409973144531 -2.1592290401458740234 -2.0587279796600341797 -1.9566669464111328125 -1.8575464487075805664 -1.7593249082565307617 -1.661990046501159668 -1.5655303001403808594 -1.469933629035949707 -1.3751884698867797852 -1.2812837362289428711 -1.1857111454010009766 -1.0907369852066040039 -0.9979273676872253418 -0.90690642595291137695 -0.81667864322662353516 -0.72723376750946044922 -0.6304861903190612793 -0.85057061910629272461 -1.1137384176254272461 -1.3769061565399169922 -1.6400740146636962891 -1.7090094089508056641 -1.6768527030944824219 -1.6446959972381591797 -1.6125394105911254883 -1.5803827047348022461 -1.5482259988784790039 -1.5160692930221557617 -1.4298911094665527344 -1.3047310113906860352 -1.1795709133148193359 -1.0981079339981079102 -1.027508854866027832 -0.95690965652465820313 -0.87185198068618774414 -0.75359427928924560547 -0.63533651828765869141 -0.51707875728607177734 -0.42962729930877685547
-2.5086200237274169922 -2.4268467426300048828 -2.3246529102325439453 -2.2233946323394775391 -2.1230590343475341797 -2.0236332416534423828 -1.9251053333282470703 -1.8272066116333007813 -1.7276587486267089844 -1.6309167146682739258 -1.5354546308517456055 -1.4408390522003173828 -1.3470591306686401367 -1.254103541374206543 -1.1619614362716674805 -1.070529937744140625 -0.97729289531707763672 -0.88332819938659667969 -0.90811419486999511719 -1.1712820529937744141 -1.4344497919082641602 -1.697617650032043457 -1.7939881086349487305 -1.7618314027786254883 -1.7296746969223022461 -1.6975179910659790039 -1.6653612852096557617 -1.6332045793533325195 -1.6010478734970092773 -1.5326131582260131836 -1.4074530601501464844 -1.2822928428649902344 -1.1874328851699829102 -1.116833806037902832 -1.0462347269058227539 -0.97563558816909790039 -0.85790491104125976563 -0.73964715003967285156 -0.6213893890380859375 -0.50313162803649902344 -0.67451500892639160156
-2.5568642616271972656 -2.52710723876953125 -2.4901223182678222656 -2.3880615234375 -2.2869756221771240234 -2.1868066787719726563 -2.0875420570373535156 -1.9891695976257324219 -1.8916774988174438477 -1.7950539588928222656 -1.6992871761322021484 -1.6037666797637939453 -1.5069533586502075195 -1.4122562408447265625 -1.3194220066070556641 -1.227396845817565918 -1.1361701488494873047 -1.0394226312637329102 -1.2288254499435424805 -1.4919933080673217773 -1.7551610469818115234 -1.8789666891098022461 -1.8468099832534790039 -1.8146532773971557617 -1.7824965715408325195 -1.7503398656845092773 -1.7181832790374755859 -1.6860265731811523438 -1.6353353261947631836 -1.5101751089096069336 -1.3850150108337402344 -1.2767578363418579102 -1.206158757209777832 -1.1355596780776977539 -1.0649605989456176758 -0.96221554279327392578 -0.84395778179168701172 -0.72570002079010009766 -0.60744231939315795898 -0.60784935951232910156 -9999
-2.6050701141357421875 -2.5755290985107421875 -2.5457220077514648438 -2.5156455039978027344 -2.4511148929595947266 -2.3506572246551513672 -2.2511022090911865234 -2.1513302326202392578 -2.0526607036590576172 -1.9553198814392089844 -1.8588426113128662109 -1.7632170915603637695 -1.6684323549270629883 -1.5744769573211669922 -1.4813405275344848633 -1.3880878686904907227 -1.2922645807266235352 -1.2863690853118896484 -1.5495369434356689453 -1.8127046823501586914 -1.9639452695846557617 -1.9317885637283325195 -1.8996319770812988281 -1.8674752712249755859 -1.8353185653686523438 -1.8031618595123291016 -1.7710051536560058594 -1.738057255744934082 -1.6128971576690673828 -1.4877370595932006836 -1.3660827875137329102 -1.295483708381652832 -1.2248847484588623047 -1.1542855501174926758 -1.0665261745452880859 -0.94826847314834594727 -0.8300107121467590332 -0.71175295114517211914 -0.59349519014358520508 -0.85273700952529907227 -9999
-2.6539626121520996094 -2.6245088577270507813 -2.5947887897491455078 -2.5645053386688232422 -2.5343773365020751953 -2.5039744377136230469 -2.4128088951110839844 -2.3134214878082275391 -2.2149190902709960938 -2.1172907352447509766 -2.0205242633819580078 -1.9231698513031005859 -1.8265850543975830078 -1.7319376468658447266 -1.6381150484085083008 -1.5451066493988037109 -1.4483590126037597656 -1.6070804595947265625 -1.8702481985092163086 -2.0489239692687988281 -2.0167672634124755859 -1.9846105575561523438 -1.9524538516998291016 -1.9202971458435058594 -1.888140559196472168 -1.8559838533401489258 -1.8238271474838256836 -1.7156193256378173828 -1.5904591083526611328 -1.4652990102767944336 -1.384808659553527832 -1.3142095804214477539 -1.2436106204986572266 -1.1708369255065917969 -1.052579045295715332 -0.93432134389877319336 -0.8160635828971862793 -0.69780582189559936523 -0.78607136011123657227 -9999 -9999
-2.7023844718933105469 -2.6731486320495605469 -2.6436483860015869141 -2.613880157470703125 -2.5838401317596435547 -2.5535244941711425781 -2.5229299068450927734 -2.4744045734405517578 -2.3751852512359619141 -2.2768461704254150391 -2.1793751716613769531 -2.0827610492706298828 -1.9869925975799560547 -1.8920588493347167969 -1.7979485988616943359 -1.7012009620666503906 -1.6646239757537841797 -1.9277918338775634766 -2.1339025497436523438 -2.1017458438873291016 -2.0695891380310058594 -2.0374324321746826172 -2.0052759647369384766 -1.9731192588806152344 -1.9409625530242919922 -1.90880584716796875 -1.8183412551879882813 -1.693181157112121582 -1.5680210590362548828 -1.4741337299346923828 -1.4035346508026123047 -1.3329354524612426758 -1.2623364925384521484 -1.156889796257019043 -1.0386320352554321289 -0.92037427425384521484 -0.80211651325225830078 -0.71940571069717407227 -1.030959010124206543 -9999 -9999
-2.7519354820251464844 -2.7227916717529296875 -2.6931374073028564453 -2.6629619598388671875 -2.6331458091735839844 -2.6030564308166503906 -2.5726897716522216797 -2.5420420169830322266 -2.5111093521118164063 -2.4366822242736816406 -2.3389372825622558594 -2.2409138679504394531 -2.1444532871246337891 -2.0488333702087402344 -1.9540430307388305664 -1.8572953939437866211 -1.9853353500366210938 -2.2172920703887939453 -2.1867246627807617188 -2.1545679569244384766 -2.1224112510681152344 -2.0902545452117919922 -2.05809783935546875 -2.0259411334991455078 -1.9937844276428222656 -1.9210634231567382813 -1.795903325080871582 -1.670743107795715332 -1.5634586811065673828 -1.4928596019744873047 -1.4222605228424072266 -1.3516614437103271484 -1.2612004280090332031 -1.1429426670074462891 -1.024684906005859375 -0.90642714500427246094 -0.78816938400268554688 -0.96429336071014404297 -9999 -9999 -9999
-2.80057525634765625 -2.7716515064239501953 -2.7424647808074951172 -2.7130115032196044922 -2.6832880973815917969 -2.6532909870147705078 -2.6228046417236328125 -2.5920324325561523438 -2.5613319873809814453 -2.5303452014923095703 -2.4970898628234863281 -2.3995082378387451172 -2.3027770519256591797 -2.2068850994110107422 -2.1101374626159667969 -2.0428788661956787109 -2.2972853183746337891 -2.2717032432556152344 -2.2395465373992919922 -2.20738983154296875 -2.1752331256866455078 -2.1430764198303222656 -2.1109197139739990234 -2.0787630081176757813 -2.0237855911254882813 -1.8986252546310424805 -1.7734651565551757813 -1.6527837514877319336 -1.5821845531463623047 -1.5115854740142822266 -1.4409863948822021484 -1.3655110597610473633 -1.2472532987594604492 -1.1289956569671630859 -1.0107377767562866211 -0.89248007535934448242 -0.89762771129608154297 -1.2091810703277587891 -9999 -9999 -9999
