models/HCHB/coorong-rapid/model/fast/structure/dem/zb_medium_low_flow_002.asc
ncols        317
nrows        326
xllcorner    306235.690000000002
yllcorner    6060815.599999999627
cellsize     9.979016700000
NODATA_value  -9999
[rows 152 to 170 of 326, columns 205 to 245 of 317]
-1.8092795610427856445 -1.6592060327529907227 -1.5102907419204711914 -1.3598599433898925781 -1.2124493122100830078 -1.0655914545059204102 -0.91998690366744995117 -0.77599620819091796875 -0.62556910514831542969 -0.48356959223747253418 -0.34473389387130737305 -0.20982567965984344482 -0.078248925507068634033 0.048397522419691085815 0.17259365320205688477 0.29533633589744567871 0.42068719863891601563 0.54554259777069091797 0.6689555048942565918 0.79106104373931884766 0.9097601771354675293 1.0271030664443969727 1.1434388160705566406 1.2576992511749267578 1.3676904439926147461 1.4712462425231933594 1.572772979736328125 1.6769431829452514648 1.7798088788986206055 1.881394505500793457 1.9813722372055053711 2.0800938606262207031 2.1778140068054199219 2.2734036445617675781 2.3696546554565429688 2.464939117431640625 2.5 2.5 2.5 2.5 2.5
-1.9951802492141723633 -1.8463702201843261719 -1.6962095499038696289 -1.5482884645462036133 -1.4030566215515136719 -1.2618658542633056641 -1.1151028871536254883 -0.96633344888687133789 -0.82433396577835083008 -0.68233442306518554688 -0.54449975490570068359 -0.41529291868209838867 -0.2876160740852355957 -0.15962615609169006348 -0.029891438782215118408 0.098326891660690307617 0.22407770156860351563 0.34510278701782226563 0.46473598480224609375 0.59440791606903076172 0.71311002969741821289 0.82856255769729614258 0.94258677959442138672 1.0528196096420288086 1.1619050502777099609 1.2693407535552978516 1.3754225969314575195 1.480176091194152832 1.5836261510848999023 1.6825958490371704102 1.7818138599395751953 1.8815530538558959961 1.9802802801132202148 2.0780107975006103516 2.1747598648071289063 2.2705419063568115234 2.3653197288513183594 2.4576144218444824219 2.5 2.5 2.5
-2.1819601058959960938 -2.0325591564178466797 -1.8841278553009033203 -1.742974400520324707 -1.5998970270156860352 -1.4542095661163330078 -1.3070977926254272461 -1.1650983095169067383 -1.0230988264083862305 -0.8845399022102355957 -0.75330775976181030273 -0.61901718378067016602 -0.48579883575439453125 -0.35628235340118408203 -0.23044498264789581299 -0.10607170313596725464 0.017342181876301765442 0.14380632340908050537 0.27327391505241394043 0.39101657271385192871 0.50960594415664672852 0.62816256284713745117 0.74406826496124267578 0.85653650760650634766 0.96590834856033325195 1.0701688528060913086 1.172949671745300293 1.2782559394836425781 1.3829622268676757813 1.4856859445571899414 1.5869350433349609375 1.6871570348739624023 1.7863670587539672852 1.8817553520202636719 1.9792103767395019531 2.075969696044921875 2.1709482669830322266 2.2652394771575927734 2.3561043739318847656 2.4459781646728515625 2.5
-2.3689088821411132813 -2.219966888427734375 -2.0800197124481201172 -1.9373619556427001953 -1.7933162450790405273 -1.6478621959686279297 -1.5058627128601074219 -1.3638632297515869141 -1.2235696315765380859 -1.0839062929153442383 -0.95046883821487426758 -0.81962341070175170898 -0.69031816720962524414 -0.56252622604370117188 -0.43296042084693908691 -0.30314514040946960449 -0.17482966184616088867 -0.051974847912788391113 0.074670739471912384033 0.19561287760734558105 0.31512615084648132324 0.43135276436805725098 0.54266977310180664063 0.65075105428695678711 0.76142764091491699219 0.87070959806442260742 0.97862315177917480469 1.0851937532424926758 1.1893184185028076172 1.288922429084777832 1.3883943557739257813 1.4896234273910522461 1.5898306369781494141 1.6890312433242797852 1.7872405052185058594 1.8842819929122924805 1.9792231321334838867 2.0722796916961669922 2.1642031669616699219 2.2551236152648925781 2.3450574874877929688
-2.5100207328796386719 -2.4158589839935302734 -2.2748270034790039063 -2.1324229240417480469 -1.9896715879440307617 -1.8466269969940185547 -1.7046275138854980469 -1.5626280307769775391 -1.4229224920272827148 -1.288483738899230957 -1.1556370258331298828 -1.0233694314956665039 -0.88855719566345214844 -0.75622630119323730469 -0.62879431247711181641 -0.50283646583557128906 -0.37832722067832946777 -0.2445132136344909668 -0.12464132159948348999 -0.0060195028781890869141 0.11288622766733169556 0.23043717443943023682 0.34538257122039794922 0.45799529552459716797 0.5681946873664855957 0.67412590980529785156 0.77873569726943969727 0.88452994823455810547 0.98999965190887451172 1.0937763452529907227 1.1965000629425048828 1.2981867790222167969 1.3982268571853637695 1.4947777986526489258 1.5926681756973266602 1.6899102926254272461 1.7892485857009887695 1.8827241659164428711 1.9751801490783691406 2.0666327476501464844 2.1552383899688720703
-2.5444357395172119141 -2.5199284553527832031 -2.4715294837951660156 -2.3302209377288818359 -2.1873912811279296875 -2.0453917980194091797 -1.9033924341201782227 -1.7629625797271728516 -1.6264985799789428711 -1.4878983497619628906 -1.3516306877136230469 -1.2191941738128662109 -1.088307499885559082 -0.95894372463226318359 -0.83107638359069824219 -0.69997888803482055664 -0.56897062063217163086 -0.4450664818286895752 -0.32188427448272705078 -0.19975933432579040527 -0.079881303012371063232 0.034273732453584671021 0.14494507014751434326 0.25421845912933349609 0.36599662899971008301 0.47707015275955200195 0.586761474609375 0.69387173652648925781 0.79799300432205200195 0.89906108379364013672 0.99910831451416015625 1.1016503572463989258 1.2033027410507202148 1.3039392232894897461 1.4032441377639770508 1.5030254125595092773 1.5962890386581420898 1.6908229589462280273 1.7843254804611206055 1.8768136501312255859 1.9683035612106323242
-2.5790193080902099609 -2.5548617839813232422 -2.5301527976989746094 -2.5050311088562011719 -2.3861563205718994141 -2.2441565990447998047 -2.1024053096771240234 -1.9613050222396850586 -1.8236596584320068359 -1.6876442432403564453 -1.5532300472259521484 -1.4203888177871704102 -1.2866079807281494141 -1.1518329381942749023 -1.0225358009338378906 -0.89503800868988037109 -0.76230031251907348633 -0.64029920101165771484 -0.51945596933364868164 -0.39964938163757324219 -0.28319388628005981445 -0.16577140986919403076 -0.049917753785848617554 0.064476042985916137695 0.17530211806297302246 0.28302308917045593262 0.38904428482055664063 0.49431341886520385742 0.60061758756637573242 0.70584321022033691406 0.81000649929046630859 0.91312360763549804688 1.0136667490005493164 1.1116507053375244141 1.2088724374771118164 1.3132578134536743164 1.4093439579010009766 1.504382014274597168 1.5983887910842895508 1.6888916492462158203 1.7795085906982421875
-2.6147518157958984375 -2.5905387401580810547 -2.5659213066101074219 -2.5405478477478027344 -2.5153021812438964844 -2.4429216384887695313 -2.3013451099395751953 -2.16167449951171875 -2.0236577987670898438 -1.887112736701965332 -1.7480702400207519531 -1.614088892936706543 -1.4816664457321166992 -1.3507757186889648438 -1.2213903665542602539 -1.086757659912109375 -0.96283435821533203125 -0.83938139677047729492 -0.71503561735153198242 -0.59194529056549072266 -0.47412228584289550781 -0.36021965742111206055 -0.24775576591491699219 -0.13670355081558227539 -0.0244828052818775177 0.088329210877418518066 0.19818550348281860352 0.30599963665008544922 0.41062366962432861328 0.51313769817352294922 0.6146214604377746582 0.71757411956787109375 0.82063782215118408203 0.9222062230110168457 1.0268275737762451172 1.1216067075729370117 1.2174427509307861328 1.3135273456573486328 1.4085695743560791016 1.5025861263275146484 1.5955934524536132813
-2.6496851444244384766 -2.6257615089416503906 -2.6014380455017089844 -2.5767052173614501953 -2.5515520572662353516 -2.5259683132171630859 -2.4996893405914306641 -2.3588356971740722656 -2.2196516990661621094 -2.0821061134338378906 -1.9461700916290283203 -1.8118158578872680664 -1.6790156364440917969 -1.5437641143798828125 -1.4117487668991088867 -1.2801558971405029297 -1.1559571027755737305 -1.0328923463821411133 -0.91088342666625976563 -0.79211527109146118164 -0.67619144916534423828 -0.557830810546875 -0.44023692607879638672 -0.32411557435989379883 -0.21268950402736663818 -0.10423322021961212158 0.0023939020466059446335 0.10750050842761993408 0.21518628299236297607 0.32182621955871582031 0.42739501595497131348 0.53190875053405761719 0.63293325901031494141 0.73130029439926147461 0.83726704120635986328 0.93596386909484863281 1.0335838794708251953 1.1301448345184326172 1.2230246067047119141 1.3147002458572387695 1.4078116416931152344
-2.6861474514007568359 -2.6623284816741943359 -2.6381082534790039063 -2.6125550270080566406 -2.5876722335815429688 -2.5623977184295654297 -2.5366861820220947266 -2.5105268955230712891 -2.4161419868469238281 -2.2782514095306396484 -2.1402556896209716797 -2.0043890476226806641 -1.8704750537872314453 -1.7381012439727783203 -1.6045448780059814453 -1.4784921407699584961 -1.3540380001068115234 -1.2303118705749511719 -1.1055762767791748047 -0.98251831531524658203 -0.86538434028625488281 -0.74972999095916748047 -0.6355273127555847168 -0.52274918556213378906 -0.41010308265686035156 -0.29750075936317443848 -0.18715913593769073486 -0.077937051653861999512 0.02716710604727268219 0.13109290599822998047 0.23397944867610931396 0.33733645081520080566 0.44116833806037902832 0.55062979459762573242 0.64803433418273925781 0.74437069892883300781 0.84272933006286621094 0.94032555818557739258 1.0368686914443969727 1.1323754787445068359 1.2266725301742553711
-2.7213699817657470703 -2.6978452205657958984 -2.6739242076873779297 -2.6495966911315917969 -2.6248526573181152344 -2.5996809005737304688 -2.5740704536437988281 -2.5475912094116210938 -2.5212976932525634766 -2.4719514846801757813 -2.3345384597778320313 -2.1987149715423583984 -2.0644536018371582031 -1.9290022850036621094 -1.7998931407928466797 -1.6716150045394897461 -1.5463287830352783203 -1.4221174716949462891 -1.3005112409591674805 -1.1813561916351318359 -1.0637061595916748047 -0.94494992494583129883 -0.82566851377487182617 -0.70840215682983398438 -0.59751075506210327148 -0.48853552341461181641 -0.3809369206428527832 -0.27442514896392822266 -0.16635407507419586182 -0.05833355337381362915 0.048607401549816131592 0.15421578288078308105 0.25510248541831970215 0.36127629876136779785 0.46258366107940673828 0.56278580427169799805 0.6619008183479309082 0.75715756416320800781 0.8513463139533996582 0.94459366798400878906 1.0398652553558349609
-2.7587354183197021484 -2.7353272438049316406 -2.7111256122589111328 -2.6859364509582519531 -2.6612820625305175781 -2.636425018310546875 -2.6111347675323486328 -2.5853998661041259766 -2.5592060089111328125 -2.5322582721710205078 -2.5053505897521972656 -2.3901743888854980469 -2.2548120021820068359 -2.1223320960998535156 -1.9941500425338745117 -1.8674745559692382813 -1.7418855428695678711 -1.6185041666030883789 -1.4934477806091308594 -1.3705490827560424805 -1.2517042160034179688 -1.1343511343002319336 -1.0184618234634399414 -0.9045073390007019043 -0.79318702220916748047 -0.68031787872314453125 -0.5685939788818359375 -0.45880350470542907715 -0.35243567824363708496 -0.24713154137134552002 -0.14287516474723815918 -0.039869550615549087524 0.074431978166103363037 0.17446193099021911621 0.27339494228363037109 0.37193122506141662598 0.47208160161972045898 0.57115119695663452148 0.66915738582611083984 0.76585829257965087891 0.86104041337966918945
-2.7942521572113037109 -2.7711429595947265625 -2.7476413249969482422 -2.7237370014190673828 -2.6994194984436035156 -2.6746783256530761719 -2.6492567062377929688 -2.6227900981903076172 -2.5969262123107910156 -2.5699787139892578125 -2.5433568954467773438 -2.5163285732269287109 -2.4467895030975341797 -2.3166851997375488281 -2.1883687973022460938 -2.0597653388977050781 -1.9333515167236328125 -1.8089072704315185547 -1.6865209341049194336 -1.565680384635925293 -1.446356654167175293 -1.3272215127944946289 -1.2063038349151611328 -1.0907882452011108398 -0.97946494817733764648 -0.86937433481216430664 -0.76039576530456542969 -0.65251243114471435547 -0.54406213760375976563 -0.43469396233558654785 -0.32653576135635375977 -0.22109529376029968262 -0.11471447348594665527 -0.010796531103551387787 0.091987743973731994629 0.19353412091732025146 0.29129055142402648926 0.38799232244491577148 0.48359215259552001953 0.57905107736587524414 0.67513859272003173828
-2.8325459957122802734 -2.8095657825469970703 -2.7853460311889648438 -2.7605779170989990234 -2.7361636161804199219 -2.7117426395416259766 -2.6868922710418701172 -2.661594390869140625 -2.6346466541290283203 -2.6085147857666015625 -2.5819840431213378906 -2.5546247959136962891 -2.5285842418670654297 -2.5020227432250976563 -2.3809108734130859375 -2.2531197071075439453 -2.1269001960754394531 -2.0024926662445068359 -1.8770892620086669922 -1.753678441047668457 -1.6331747770309448242 -1.514174342155456543 -1.3977849483489990234 -1.2841346263885498047 -1.1724975109100341797 -1.059250950813293457 -0.94617819786071777344 -0.83596426248550415039 -0.72824251651763916016 -0.62159258127212524414 -0.5166225433349609375 -0.4017658233642578125 -0.2991104423999786377 -0.19758081436157226563 -0.097158491611480712891 0.003837590804323554039 0.10543370991945266724 0.20593933761119842529 0.3050441741943359375 0.40245980024337768555 0.49695262312889099121
-2.8683619499206542969 -2.8456859588623046875 -2.8226213455200195313 -2.7991583347320556641 -2.7752861976623535156 -2.7509944438934326172 -2.7255420684814453125 -2.6993145942687988281 -2.6726562976837158203 -2.6465210914611816406 -2.6202802658081054688 -2.5947732925415039063 -2.5685381889343261719 -2.5421175956726074219 -2.5153565406799316406 -2.4445855617523193359 -2.3173034191131591797 -2.1916856765747070313 -2.0676546096801757813 -1.9451805353164672852 -1.8242341279983520508 -1.7047361135482788086 -1.5850012302398681641 -1.4703942537307739258 -1.3578118085861206055 -1.2463663816452026367 -1.1360410451889038086 -1.0268188714981079102 -0.91799527406692504883 -0.80757361650466918945 -0.69729310274124145508 -0.59070527553558349609 -0.48417672514915466309 -0.37881034612655639648 -0.27487334609031677246 -0.1745764613151550293 -0.075361646711826324463 0.022658027708530426025 0.11941845715045928955 0.21655793488025665283 0.3139304816722869873
-2.9076104164123535156 -2.8847558498382568359 -2.8608410358428955078 -2.8365120887756347656 -2.8123507499694824219 -2.7883846759796142578 -2.7639827728271484375 -2.7370350360870361328 -2.7116789817810058594 -2.6859357357025146484 -2.6605544090270996094 -2.634212493896484375 -2.6083655357360839844 -2.5821993350982666016 -2.5556964874267578125 -2.5288503170013427734 -2.5016539096832275391 -2.3816308975219726563 -2.2558963298797607422 -2.1319985389709472656 -2.0098872184753417969 -1.8910623788833618164 -1.7750639915466308594 -1.6609349250793457031 -1.5479587316513061523 -1.4343584775924682617 -1.3199697732925415039 -1.2093534469604492188 -1.1003100872039794922 -0.99282038211822509766 -0.87796360254287719727 -0.7726828455924987793 -0.66855657100677490234 -0.56556594371795654297 -0.46369248628616333008 -0.36028376221656799316 -0.25727871060371398926 -0.1557699739933013916 -0.056120861321687698364 0.040489986538887023926 0.13571813702583312988
-2.9437305927276611328 -2.9215056896209716797 -2.8988969326019287109 -2.8758943080902099609 -2.8524868488311767578 -2.8284490108489990234 -2.8017032146453857422 -2.7768371105194091797 -2.7507367134094238281 -2.7242319583892822266 -2.7004017829895019531 -2.6748812198638916016 -2.6491403579711914063 -2.6230680942535400391 -2.5963320732116699219 -2.5694513320922851563 -2.5425198078155517578 -2.5152347087860107422 -2.4440042972564697266 -2.3199467658996582031 -2.19805908203125 -2.0797336101531982422 -1.961323857307434082 -1.8462492227554321289 -1.7323369979858398438 -1.6195696592330932617 -1.5079299211502075195 -1.397400975227355957 -1.2883476018905639648 -1.1734908819198608398 -1.0665807723999023438 -0.95755690336227416992 -0.84960842132568359375 -0.74328082799911499023 -0.64044350385665893555 -0.53871560096740722656 -0.43827611207962036133 -0.33926531672477722168 -0.24173708260059356689 -0.14243820309638977051 -0.043809778988361358643
-2.9839606285095214844 -2.9611041545867919922 -2.9376432895660400391 -2.9137725830078125 -2.8898770809173583984 -2.86637115478515625 -2.8395531177520751953 -2.8148431777954101563 -2.7898874282836914063 -2.7665467262268066406 -2.7406268119812011719 -2.7147083282470703125 -2.6892220973968505859 -2.6634078025817871094 -2.6372592449188232422 -2.6107697486877441406 -2.5839326381683349609 -2.5567409992218017578 -2.5289947986602783203 -2.5012571811676025391 -2.3843398094177246094 -2.2659933567047119141 -2.1493723392486572266 -2.0339293479919433594 -1.9196463823318481445 -1.805698394775390625 -1.6904644966125488281 -1.5790275335311889648 -1.469018101692199707 -1.354161381721496582 -1.2462551593780517578 -1.1395323276519775391 -1.0339734554290771484 -0.92955946922302246094 -0.82600122690200805664 -0.72049677371978759766 -0.6165841221809387207 -0.51470148563385009766 -0.41597265005111694336 -0.31854474544525146484 -0.22205136716365814209
-3.0205519199371337891 -2.9986357688903808594 -2.9765021800994873047 -2.9539794921875 -2.9310390949249267578 -2.9040915966033935547 -2.880001068115234375 -2.8555428981781005859 -2.8300178050994873047 -2.8060302734375 -2.7812240123748779297 -2.7561631202697753906 -2.7307796478271484375 -2.7050673961639404297 -2.6782939434051513672 -2.6516354084014892578 -2.6250665187835693359 -2.5981464385986328125 -2.5708684921264648438 -2.5434732437133789063 -2.5162196159362792969 -2.452495574951171875 -2.3346865177154541016 -2.2183074951171875 -2.1030981540679931641 -1.9890408515930175781 -1.8761185407638549805 -1.764545440673828125 -1.649688720703125 -1.5401531457901000977 -1.4309370517730712891 -1.3204065561294555664 -1.2116882801055908203 -1.1063104867935180664 -1.0020695924758911133 -0.89921021461486816406 -0.79794913530349731445 -0.69819968938827514648 -0.59880691766738891602 -0.4979877471923828125 -0.39813190698623657227
