Plot Title: Logger1,,,,,,,,
#,"Date Time, GMT+09:30","DO conc, mg/L (LGR S/N: 20158049, SEN S/N: 20158049, LBL: DOLogger1)","Temp, °C (LGR S/N: 20158049, SEN S/N: 20158049, LBL: TempLogger1)","DO Adj Conc, mg/L (LGR S/N: 20158049)","DO Percent Sat, % (LGR S/N: 20158049)",Coupler Attached (LGR S/N: 20158049),Stopped (LGR S/N: 20158049),End Of File (LGR S/N: 20158049)
1,09/22/21 05:00:00 PM,16.59,16.28,12.85,167.3,,,
2,09/22/21 05:15:00 PM,16.49,16.28,12.78,166.3,,,
3,09/22/21 05:30:00 PM,16.33,16.28,12.65,164.7,,,
4,09/22/21 05:45:00 PM,16.27,16.24,12.6,163.9,,,
5,09/22/21 06:00:00 PM,16.16,16.18,12.52,162.6,,,
6,09/22/21 06:15:00 PM,15.99,16.14,12.38,160.7,,,
7,09/22/21 06:30:00 PM,15.81,16.14,12.25,158.9,,,
8,09/22/21 06:45:00 PM,15.52,16.14,12.02,156,,,
9,09/22/21 07:00:00 PM,15.27,16.16,11.83,153.6,,,
10,09/22/21 07:15:00 PM,15.06,16.16,11.66,151.5,,,
11,09/22/21 07:30:00 PM,14.84,16.18,11.49,149.3,,,
12,09/22/21 07:45:00 PM,14.65,16.18,11.35,147.4,,,
13,09/22/21 08:00:00 PM,14.45,16.16,11.19,145.3,,,
14,09/22/21 08:15:00 PM,14.23,16.1,11.02,142.9,,,
15,09/22/21 08:30:00 PM,14.13,16.06,10.94,141.8,,,
16,09/22/21 08:45:00 PM,13.73,16.02,10.63,137.7,,,
17,09/22/21 09:00:00 PM,13.7,15.96,10.61,137.2,,,
18,09/22/21 09:15:00 PM,13.44,15.88,10.4,134.4,,,
19,09/22/21 09:30:00 PM,13.3,15.84,10.29,132.9,,,
20,09/22/21 09:45:00 PM,13.02,15.84,10.08,130.1,,,
21,09/22/21 10:00:00 PM,12.81,15.78,9.91,127.8,,,
22,09/22/21 10:15:00 PM,12.6,15.74,9.75,125.6,,,
23,09/22/21 10:30:00 PM,12.33,15.72,9.54,122.9,,,
24,09/22/21 10:45:00 PM,12.14,15.7,9.39,120.9,,,
25,09/22/21 11:00:00 PM,11.85,15.68,9.17,118,,,
26,09/22/21 11:15:00 PM,11.55,15.66,8.94,114.9,,,
27,09/22/21 11:30:00 PM,11.31,15.64,8.75,112.5,,,
28,09/22/21 11:45:00 PM,11.12,15.58,8.6,110.5,,,
29,09/23/21 12:00:00 AM,10.77,15.54,8.33,106.9,,,
30,09/23/21 12:15:00 AM,10.69,15.46,8.27,105.9,,,
31,09/23/21 12:30:00 AM,10.53,15.42,8.14,104.2,,,
32,09/23/21 12:45:00 AM,10.29,15.36,7.96,101.7,,,
33,09/23/21 01:00:00 AM,9.98,15.32,7.72,98.6,,,
34,09/23/21 01:15:00 AM,9.8,15.3,7.58,96.8,,,
35,09/23/21 01:30:00 AM,9.51,15.26,7.35,93.8,,,
36,09/23/21 01:45:00 AM,9.23,15.22,7.14,91,,,
37,09/23/21 02:00:00 AM,9.08,15.18,7.02,89.4,,,
38,09/23/21 02:15:00 AM,8.99,15.14,6.95,88.5,,,
39,09/23/21 02:30:00 AM,8.86,15.1,6.85,87.1,,,
40,09/23/21 02:45:00 AM,8.59,15.08,6.64,84.4,,,
41,09/23/21 03:00:00 AM,8.43,15.02,6.51,82.7,,,
42,09/23/21 03:15:00 AM,8.37,14.94,6.47,82,,,
43,09/23/21 03:30:00 AM,8.34,14.88,6.44,81.6,,,
44,09/23/21 03:45:00 AM,8.5,14.8,6.57,83,,,
45,09/23/21 04:00:00 AM,8.79,14.74,6.79,85.8,,,
46,09/23/21 04:15:00 AM,8.92,14.66,6.89,86.9,,,
47,09/23/21 04:30:00 AM,8.86,14.62,6.84,86.2,,,
48,09/23/21 04:45:00 AM,8.79,14.6,6.79,85.5,,,
49,09/23/21 05:00:00 AM,8.89,14.54,6.86,86.4,,,
50,09/23/21 05:15:00 AM,8.6,14.46,6.64,83.4,,,
51,09/23/21 05:30:00 AM,8.55,14.42,6.6,82.8,,,
52,09/23/21 05:45:00 AM,8.45,14.36,6.52,81.8,,,
53,09/23/21 06:00:00 AM,8.48,14.34,6.54,82,,,
54,09/23/21 06:15:00 AM,8.4,14.32,6.48,81.2,,,
55,09/23/21 06:30:00 AM,8.52,14.26,6.57,82.3,,,
56,09/23/21 06:45:00 AM,8.52,14.22,6.57,82.2,,,
57,09/23/21 07:00:00 AM,8.58,14.18,6.62,82.7,,,
58,09/23/21 07:15:00 AM,8.79,14.18,6.78,84.7,,,
59,09/23/21 07:30:00 AM,9.14,14.18,7.05,88.1,,,
60,09/23/21 07:45:00 AM,9.33,14.14,7.2,89.8,,,
61,09/23/21 08:00:00 AM,9.61,14.14,7.41,92.5,,,
62,09/23/21 08:15:00 AM,9.91,14.12,7.64,95.4,,,
63,09/23/21 08:30:00 AM,10.21,14.14,7.88,98.3,,,
64,09/23/21 08:45:00 AM,10.33,14.18,7.97,99.6,,,
65,09/23/21 09:00:00 AM,10.54,14.24,8.13,101.7,,,
66,09/23/21 09:15:00 AM,10.67,14.32,8.23,103.2,,,
67,09/23/21 09:30:00 AM,10.87,14.46,8.39,105.4,,,
68,09/23/21 09:45:00 AM,11.2,14.62,8.65,109,,,
69,09/23/21 10:00:00 AM,11.48,14.8,8.87,112.1,,,
70,09/23/21 10:15:00 AM,11.69,14.96,9.03,114.6,,,
71,09/23/21 10:30:00 AM,11.92,15.1,9.21,117.2,,,
72,09/23/21 10:45:00 AM,12.32,15.28,9.53,121.6,,,
73,09/23/21 11:00:00 AM,12.66,15.46,9.79,125.4,,,
74,09/23/21 11:15:00 AM,12.63,15.66,9.77,125.7,,,
75,09/23/21 11:30:00 AM,13.07,15.86,10.12,130.6,,,
76,09/23/21 11:45:00 AM,13.46,16.06,10.42,135.1,,,
77,09/23/21 12:00:00 PM,13.59,16.26,10.53,137,,,
78,09/23/21 12:15:00 PM,14.22,16.5,11.02,144,,,
79,09/23/21 12:30:00 PM,14.17,16.72,10.99,144.2,,,
80,09/23/21 12:45:00 PM,14.66,16.92,11.37,149.8,,,
81,09/23/21 01:00:00 PM,14.79,17.08,11.48,151.6,,,
82,09/23/21 01:15:00 PM,15.25,17.26,11.84,157,,,
83,09/23/21 01:30:00 PM,15.67,17.46,12.17,161.9,,,
84,09/23/21 01:45:00 PM,16.01,17.66,12.44,166.1,,,
85,09/23/21 02:00:00 PM,16.45,17.84,12.78,171.3,,,
86,09/23/21 02:15:00 PM,16.73,17.96,13.01,174.7,,,
87,09/23/21 02:30:00 PM,16.88,18.08,13.12,176.7,,,
88,09/23/21 02:45:00 PM,17.27,18.2,13.43,181.2,,,
89,09/23/21 03:00:00 PM,17.75,18.34,13.81,186.8,,,
90,09/23/21 03:15:00 PM,18.22,18.44,14.18,192.1,,,
91,09/23/21 03:30:00 PM,18.32,18.52,14.26,193.5,,,
92,09/23/21 03:45:00 PM,18.53,18.6,14.42,196,,,
93,09/23/21 04:00:00 PM,18.67,18.64,14.53,197.7,,,
94,09/23/21 04:15:00 PM,18.88,18.68,14.7,200.1,,,
95,09/23/21 04:30:00 PM,18.68,18.7,14.54,198,,,
96,09/23/21 04:45:00 PM,18.82,18.72,14.65,199.6,,,
97,09/23/21 05:00:00 PM,18.65,18.7,14.52,197.7,,,
98,09/23/21 05:15:00 PM,18.53,18.64,14.42,196.2,,,
99,09/23/21 05:30:00 PM,18.34,18.58,14.27,193.9,,,
100,09/23/21 05:45:00 PM,17.91,18.54,13.94,189.2,,,
101,09/23/21 06:00:00 PM,17.71,18.48,13.78,186.9,,,
102,09/23/21 06:15:00 PM,17.29,18.4,13.45,182.2,,,
103,09/23/21 06:30:00 PM,17.16,18.34,13.35,180.6,,,
104,09/23/21 06:45:00 PM,17.22,18.28,13.39,181,,,
105,09/23/21 07:00:00 PM,16.6,18.24,12.91,174.3,,,
106,09/23/21 07:15:00 PM,16.46,18.2,12.8,172.7,,,
107,09/23/21 07:30:00 PM,16.12,18.16,12.54,169,,,
108,09/23/21 07:45:00 PM,16,18.1,12.44,167.5,,,
109,09/23/21 08:00:00 PM,15.6,18.04,12.13,163.2,,,
110,09/23/21 08:15:00 PM,16.23,17.94,12.62,169.4,,,
111,09/23/21 08:30:00 PM,15.73,17.84,12.22,163.8,,,
112,09/23/21 08:45:00 PM,15.82,17.78,12.29,164.6,,,
113,09/23/21 09:00:00 PM,16.27,17.7,12.64,169,,,
114,09/23/21 09:15:00 PM,16.11,17.64,12.52,167.1,,,
115,09/23/21 09:30:00 PM,15.89,17.56,12.34,164.6,,,
116,09/23/21 09:45:00 PM,15.6,17.48,12.12,161.3,,,
117,09/23/21 10:00:00 PM,15.46,17.4,12,159.6,,,
118,09/23/21 10:15:00 PM,15.24,17.3,11.83,157,,,
119,09/23/21 10:30:00 PM,15.17,17.22,11.78,156,,,
120,09/23/21 10:45:00 PM,14.63,17.2,11.36,150.4,,,
121,09/23/21 11:00:00 PM,14.58,17.18,11.32,149.8,,,
122,09/23/21 11:15:00 PM,14.45,17.08,11.21,148.2,,,
123,09/23/21 11:30:00 PM,14.28,16.96,11.08,146.1,,,
124,09/23/21 11:45:00 PM,14.06,16.98,10.91,143.9,,,
125,09/24/21 12:00:00 AM,13.39,16.96,10.39,136.9,,,
126,09/24/21 12:15:00 AM,13.71,16.9,10.64,140,,,
127,09/24/21 12:30:00 AM,13.86,16.82,10.75,141.3,,,
128,09/24/21 12:45:00 AM,13.82,16.76,10.72,140.8,,,
129,09/24/21 01:00:00 AM,13,16.68,10.08,132.2,,,
130,09/24/21 01:15:00 AM,13.53,16.6,10.49,137.3,,,
131,09/24/21 01:30:00 AM,13.06,16.54,10.12,132.4,,,
132,09/24/21 01:45:00 AM,12.93,16.46,10.02,130.9,,,
133,09/24/21 02:00:00 AM,12.44,16.36,9.64,125.6,,,
134,09/24/21 02:15:00 AM,12.7,16.16,9.84,127.7,,,
135,09/24/21 02:30:00 AM,12.54,16.1,9.71,126,,,
136,09/24/21 02:45:00 AM,12.59,16.06,9.75,126.4,,,
137,09/24/21 03:00:00 AM,11.79,15.96,9.13,118.1,,,
138,09/24/21 03:15:00 AM,11.82,15.86,9.15,118.1,,,
139,09/24/21 03:30:00 AM,11.54,15.78,8.93,115.1,,,
140,09/24/21 03:45:00 AM,12,15.62,9.28,119.3,,,
141,09/24/21 04:00:00 AM,11.71,15.54,9.06,116.2,,,
142,09/24/21 04:15:00 AM,11.64,15.5,9,115.4,,,
143,09/24/21 04:30:00 AM,11.27,15.46,8.72,111.7,,,
144,09/24/21 04:45:00 AM,11.26,15.42,8.71,111.5,,,
145,09/24/21 05:00:00 AM,11.14,15.42,8.62,110.3,,,
146,09/24/21 05:15:00 AM,10.95,15.4,8.47,108.4,,,
147,09/24/21 05:30:00 AM,10.83,15.38,8.38,107.1,,,
148,09/24/21 05:45:00 AM,10.82,15.38,8.37,107,,,
149,09/24/21 06:00:00 AM,10.82,15.38,8.37,107,,,
150,09/24/21 06:15:00 AM,10.51,15.38,8.13,104,,,
151,09/24/21 06:30:00 AM,10.51,15.38,8.13,104,,,
152,09/24/21 06:45:00 AM,10.32,15.38,7.98,102.1,,,
153,09/24/21 07:00:00 AM,10.08,15.4,7.8,99.8,,,
154,09/24/21 07:15:00 AM,10.2,15.42,7.89,101,,,
155,09/24/21 07:30:00 AM,10.39,15.42,8.04,102.9,,,
156,09/24/21 07:45:00 AM,10.61,15.4,8.21,105,,,
157,09/24/21 08:00:00 AM,10.8,15.36,8.35,106.8,,,
158,09/24/21 08:15:00 AM,10.98,15.34,8.49,108.5,,,
159,09/24/21 08:30:00 AM,11.02,15.32,8.52,108.9,,,
160,09/24/21 08:45:00 AM,11.01,15.3,8.51,108.7,,,
161,09/24/21 09:00:00 AM,11.08,15.24,8.57,109.3,,,
162,09/24/21 09:15:00 AM,11.22,15.2,8.67,110.6,,,
163,09/24/21 09:30:00 AM,11.45,15.18,8.85,112.8,,,
164,09/24/21 09:45:00 AM,11.64,15.2,9,114.7,,,
165,09/24/21 10:00:00 AM,11.79,15.22,9.11,116.2,,,
166,09/24/21 10:15:00 AM,12.03,15.26,9.3,118.7,,,
167,09/24/21 10:30:00 AM,12.27,15.34,9.49,121.3,,,
168,09/24/21 10:45:00 AM,12.56,15.46,9.71,124.5,,,
169,09/24/21 11:00:00 AM,12.81,15.58,9.91,127.3,,,
170,09/24/21 11:15:00 AM,13.13,15.64,10.16,130.6,,,
171,09/24/21 11:30:00 AM,13.32,15.72,10.31,132.7,,,
172,09/24/21 11:45:00 AM,13.58,15.78,10.51,135.5,,,
173,09/24/21 12:00:00 PM,13.98,15.88,10.82,139.8,,,
174,09/24/21 12:15:00 PM,14.12,15.94,10.93,141.3,,,
175,09/24/21 12:30:00 PM,14.32,15.98,11.09,143.5,,,
176,09/24/21 12:45:00 PM,14.4,15.96,11.15,144.2,,,
177,09/24/21 01:00:00 PM,14.64,15.98,11.34,146.7,,,
178,09/24/21 01:15:00 PM,14.73,16.04,11.41,147.8,,,
179,09/24/21 01:30:00 PM,14.85,16.16,11.5,149.4,,,
180,09/24/21 01:45:00 PM,15.08,16.3,11.68,152.1,,,
181,09/24/21 02:00:00 PM,15.21,16.42,11.79,153.8,,,
182,09/24/21 02:15:00 PM,15.37,16.5,11.91,155.7,,,
183,09/24/21 02:30:00 PM,15.28,16.54,11.84,154.9,,,
184,09/24/21 02:45:00 PM,15.5,16.62,12.02,157.4,,,
185,09/24/21 03:00:00 PM,15.48,16.68,12,157.4,,,
186,09/24/21 03:15:00 PM,15.44,16.7,11.97,157.1,,,
187,09/24/21 03:30:00 PM,15.23,16.66,11.81,154.8,,,
188,09/24/21 03:45:00 PM,15.15,16.62,11.75,153.9,,,
189,09/24/21 04:00:00 PM,15.06,16.66,11.68,153.1,,,
190,09/24/21 04:15:00 PM,14.64,16.6,11.35,148.6,,,
191,09/24/21 04:30:00 PM,14.41,16.58,11.17,146.2,,,
192,09/24/21 04:45:00 PM,14.43,16.56,11.19,146.4,,,
193,09/24/21 05:00:00 PM,14.1,16.5,10.93,142.8,,,
194,09/24/21 05:15:00 PM,13.86,16.44,10.74,140.2,,,
195,09/24/21 05:30:00 PM,13.56,16.4,10.51,137.1,,,
196,09/24/21 05:45:00 PM,13.18,16.34,10.21,133.1,,,
197,09/24/21 06:00:00 PM,12.93,16.26,10.02,130.3,,,
198,09/24/21 06:15:00 PM,12.62,16.2,9.78,127,,,
199,09/24/21 06:30:00 PM,12.19,16.14,9.44,122.5,,,
200,09/24/21 06:45:00 PM,11.42,16.08,8.84,114.7,,,
201,09/24/21 07:00:00 PM,11.51,16,8.91,115.4,,,
202,09/24/21 07:15:00 PM,11.23,15.92,8.69,112.4,,,
203,09/24/21 07:30:00 PM,11.21,15.84,8.68,112,,,
204,09/24/21 07:45:00 PM,10.88,15.76,8.42,108.5,,,
205,09/24/21 08:00:00 PM,10.58,15.66,8.19,105.3,,,
206,09/24/21 08:15:00 PM,10.19,15.58,7.88,101.2,,,
207,09/24/21 08:30:00 PM,10.27,15.5,7.94,101.8,,,
208,09/24/21 08:45:00 PM,10.14,15.38,7.84,100.3,,,
209,09/24/21 09:00:00 PM,9.94,15.3,7.69,98.2,,,
210,09/24/21 09:15:00 PM,9.49,15.24,7.34,93.6,,,
211,09/24/21 09:30:00 PM,9.07,15.22,7.01,89.4,,,
212,09/24/21 09:45:00 PM,8.75,15.14,6.76,86.1,,,
213,09/24/21 10:00:00 PM,9.35,15.02,7.23,91.8,,,
214,09/24/21 10:15:00 PM,9.25,14.92,7.15,90.6,,,
215,09/24/21 10:30:00 PM,9.25,14.84,7.15,90.4,,,
216,09/24/21 10:45:00 PM,8.9,14.74,6.87,86.8,,,
217,09/24/21 11:00:00 PM,8.98,14.64,6.93,87.4,,,
218,09/24/21 11:15:00 PM,8.65,14.56,6.68,84.1,,,
219,09/24/21 11:30:00 PM,8.86,14.52,6.84,86,,,
220,09/24/21 11:45:00 PM,8.77,14.44,6.77,85,,,
221,09/25/21 12:00:00 AM,8.43,14.36,6.51,81.6,,,
222,09/25/21 12:15:00 AM,8.13,14.3,6.27,78.6,,,
223,09/25/21 12:30:00 AM,8.39,14.24,6.47,81,,,
224,09/25/21 12:45:00 AM,8.41,14.22,6.49,81.1,,,
225,09/25/21 01:00:00 AM,8.37,14.2,6.46,80.7,,,
226,09/25/21 01:15:00 AM,8.54,14.14,6.59,82.2,,,
227,09/25/21 01:30:00 AM,7.99,14.12,6.16,76.9,,,
228,09/25/21 01:45:00 AM,7.47,14.1,5.76,71.9,,,
229,09/25/21 02:00:00 AM,7.41,14.1,5.72,71.3,,,
230,09/25/21 02:15:00 AM,7.65,14.06,5.9,73.5,,,
231,09/25/21 02:30:00 AM,7.91,13.98,6.1,75.9,,,
232,09/25/21 02:45:00 AM,8.77,13.82,6.76,83.9,,,
233,09/25/21 03:00:00 AM,8.53,13.76,6.57,81.5,,,
234,09/25/21 03:15:00 AM,8.6,13.7,6.63,82,,,
235,09/25/21 03:30:00 AM,9.17,13.52,7.06,87.1,,,
236,09/25/21 03:45:00 AM,9.34,13.46,7.19,88.6,,,
237,09/25/21 04:00:00 AM,9.24,13.4,7.12,87.5,,,
238,09/25/21 04:15:00 AM,9.23,13.34,7.11,87.3,,,
239,09/25/21 04:30:00 AM,9.15,13.28,7.04,86.5,,,
240,09/25/21 04:45:00 AM,9,13.2,6.93,84.9,,,
241,09/25/21 05:00:00 AM,8.75,13.08,6.73,82.3,,,
242,09/25/21 05:15:00 AM,8.22,13.02,6.33,77.2,,,
243,09/25/21 05:30:00 AM,7.89,13,6.07,74.1,,,
244,09/25/21 05:45:00 AM,7.41,12.98,5.7,69.5,,,
245,09/25/21 06:00:00 AM,6.97,12.94,5.36,65.4,,,
246,09/25/21 06:15:00 AM,7.21,12.88,5.55,67.5,,,
247,09/25/21 06:30:00 AM,7.45,12.72,5.73,69.5,,,
248,09/25/21 06:45:00 AM,8.07,12.62,6.2,75.1,,,
249,09/25/21 07:00:00 AM,8.61,12.54,6.62,80,,,
250,09/25/21 07:15:00 AM,9.05,12.48,6.96,84,,,
251,09/25/21 07:30:00 AM,9.56,12.44,7.35,88.6,,,
252,09/25/21 07:45:00 AM,10.02,12.46,7.7,93,,,
253,09/25/21 08:00:00 AM,9.93,12.36,7.63,91.9,,,
254,09/25/21 08:15:00 AM,10.5,12.36,8.07,97.2,,,
255,09/25/21 08:30:00 AM,10.89,12.4,8.37,100.9,,,
256,09/25/21 08:45:00 AM,11.09,12.44,8.52,102.8,,,
257,09/25/21 09:00:00 AM,12.88,12.58,9.9,119.8,,,
258,09/25/21 09:15:00 AM,12.22,12.72,9.4,114,,,
259,09/25/21 09:30:00 AM,13.06,12.84,10.05,122.2,,,
260,09/25/21 09:45:00 AM,14.04,13,10.8,131.8,,,
261,09/25/21 10:00:00 AM,13.2,13.2,10.16,124.5,,,
262,09/25/21 10:15:00 AM,12.78,13.4,9.84,121.1,,,
263,09/25/21 10:30:00 AM,13.4,13.62,10.32,127.6,,,
264,09/25/21 10:45:00 AM,14.24,13.84,10.98,136.2,,,
265,09/25/21 11:00:00 AM,17.26,14.02,13.31,165.8,,,
266,09/25/21 11:15:00 AM,16.82,14.24,12.98,162.3,,,
267,09/25/21 11:30:00 AM,17.55,14.46,13.55,170.2,,,
268,09/25/21 11:45:00 AM,17.35,14.68,13.4,169,,,
269,09/25/21 12:00:00 PM,16.13,14.78,12.46,157.5,,,
270,09/25/21 12:15:00 PM,16.15,14.86,12.48,158,,,
271,09/25/21 12:30:00 PM,17.21,15.12,13.3,169.3,,,
272,09/25/21 12:45:00 PM,16.94,15.26,13.1,167.1,,,
273,09/25/21 01:00:00 PM,17.18,15.42,13.29,170.1,,,
274,09/25/21 01:15:00 PM,17.52,15.54,13.55,173.9,,,
275,09/25/21 01:30:00 PM,17.62,15.72,13.64,175.6,,,
276,09/25/21 01:45:00 PM,16.22,15.82,12.55,162,,,
277,09/25/21 02:00:00 PM,16.05,15.98,12.43,160.8,,,
278,09/25/21 02:15:00 PM,15.81,16.12,12.24,158.9,,,
279,09/25/21 02:30:00 PM,15.85,16.26,12.28,159.7,,,
280,09/25/21 02:45:00 PM,15.07,16.36,11.68,152.2,,,
281,09/25/21 03:00:00 PM,15.03,16.46,11.65,152.1,,,
282,09/25/21 03:15:00 PM,15.57,16.56,12.07,157.9,,,
283,09/25/21 03:30:00 PM,15.6,16.62,12.09,158.4,,,
284,09/25/21 03:45:00 PM,15.84,16.7,12.28,161.1,,,
285,09/25/21 04:00:00 PM,16.06,16.74,12.45,163.5,,,
286,09/25/21 04:15:00 PM,15.97,16.76,12.38,162.7,,,
287,09/25/21 04:30:00 PM,16.26,16.76,12.61,165.6,,,
288,09/25/21 04:45:00 PM,16.22,16.72,12.58,165.1,,,
289,09/25/21 05:00:00 PM,16.38,16.7,12.7,166.6,,,
290,09/25/21 05:15:00 PM,16.24,16.62,12.59,164.9,,,
291,09/25/21 05:30:00 PM,16.32,16.56,12.65,165.5,,,
292,09/25/21 05:45:00 PM,16.8,16.5,13.02,170.2,,,
293,09/25/21 06:00:00 PM,17.17,16.42,13.31,173.6,,,
294,09/25/21 06:15:00 PM,17.39,16.34,13.47,175.6,,,
295,09/25/21 06:30:00 PM,17.26,16.28,13.37,174,,,
296,09/25/21 06:45:00 PM,17.67,16.2,13.69,177.9,,,
297,09/25/21 07:00:00 PM,16.95,16.12,13.13,170.3,,,
298,09/25/21 07:15:00 PM,17.41,16.04,13.48,174.7,,,
299,09/25/21 07:30:00 PM,17.29,15.98,13.39,173.2,,,
300,09/25/21 07:45:00 PM,16.44,15.94,12.73,164.6,,,
301,09/25/21 08:00:00 PM,15.79,15.88,12.22,157.9,,,
302,09/25/21 08:15:00 PM,15.13,15.8,11.71,151,,,
303,09/25/21 08:30:00 PM,14.79,15.74,11.45,147.4,,,
304,09/25/21 08:45:00 PM,14.2,15.66,10.99,141.3,,,
305,09/25/21 09:00:00 PM,13.73,15.6,10.62,136.5,,,
306,09/25/21 09:15:00 PM,13.38,15.56,10.35,132.9,,,
307,09/25/21 09:30:00 PM,12.33,15.52,9.54,122.3,,,
308,09/25/21 09:45:00 PM,12.55,15.46,9.71,124.4,,,
309,09/25/21 10:00:00 PM,13.63,15.4,10.54,134.9,,,
310,09/25/21 10:15:00 PM,13.93,15.32,10.77,137.6,,,
311,09/25/21 10:30:00 PM,13.79,15.22,10.66,135.9,,,
312,09/25/21 10:45:00 PM,13.61,15.14,10.52,133.9,,,
313,09/25/21 11:00:00 PM,13.56,15.04,10.48,133.2,,,
314,09/25/21 11:15:00 PM,13.26,14.94,10.25,129.9,,,
315,09/25/21 11:30:00 PM,13.1,14.86,10.12,128.1,,,
316,09/25/21 11:45:00 PM,12.7,14.78,9.81,124,,,
317,09/26/21 12:00:00 AM,12.34,14.7,9.53,120.3,,,
318,09/26/21 12:15:00 AM,12.1,14.64,9.34,117.8,,,
319,09/26/21 12:30:00 AM,11.81,14.56,9.12,114.8,,,
320,09/26/21 12:45:00 AM,11.67,14.5,9.01,113.3,,,
321,09/26/21 01:00:00 AM,11.46,14.42,8.84,111,,,
322,09/26/21 01:15:00 AM,11.13,14.34,8.59,107.6,,,
323,09/26/21 01:30:00 AM,11.01,14.28,8.49,106.3,,,
324,09/26/21 01:45:00 AM,10.63,14.2,8.2,102.5,,,
325,09/26/21 02:00:00 AM,10.31,14.12,7.95,99.2,,,
326,09/26/21 02:15:00 AM,10.34,14.04,7.97,99.4,,,
327,09/26/21 02:30:00 AM,10.01,13.94,7.72,96,,,
328,09/26/21 02:45:00 AM,9.7,13.86,7.48,92.8,,,
329,09/26/21 03:00:00 AM,9.52,13.76,7.34,90.9,,,
330,09/26/21 03:15:00 AM,9.81,13.66,7.56,93.5,,,
331,09/26/21 03:30:00 AM,9.75,13.58,7.51,92.7,,,
332,09/26/21 03:45:00 AM,9.77,13.5,7.53,92.8,,,
333,09/26/21 04:00:00 AM,9.98,13.44,7.69,94.6,,,
334,09/26/21 04:15:00 AM,9.76,13.38,7.52,92.4,,,
335,09/26/21 04:30:00 AM,10.08,13.32,7.76,95.3,,,
336,09/26/21 04:45:00 AM,10.04,13.22,7.73,94.7,,,
337,09/26/21 05:00:00 AM,9.99,13.08,7.69,94,,,
338,09/26/21 05:15:00 AM,9.8,13.02,7.54,92.1,,,
339,09/26/21 05:30:00 AM,9.68,12.94,7.45,90.8,,,
340,09/26/21 05:45:00 AM,9.38,12.9,7.22,87.9,,,
341,09/26/21 06:00:00 AM,9.38,12.78,7.21,87.6,,,
342,09/26/21 06:15:00 AM,9.42,12.64,7.24,87.7,,,
343,09/26/21 06:30:00 AM,9.78,12.46,7.52,90.7,,,
344,09/26/21 06:45:00 AM,9.94,12.38,7.64,92,,,
345,09/26/21 07:00:00 AM,10.28,12.34,7.9,95.1,,,
346,09/26/21 07:15:00 AM,10.44,12.34,8.02,96.6,,,
347,09/26/21 07:30:00 AM,10.83,12.3,8.32,100.1,,,
348,09/26/21 07:45:00 AM,11.68,12.22,8.97,107.8,,,
349,09/26/21 08:00:00 AM,11.91,12.16,9.15,109.7,,,
350,09/26/21 08:15:00 AM,11.79,12.12,9.05,108.5,,,
351,09/26/21 08:30:00 AM,12.63,12.14,9.7,116.3,,,
352,09/26/21 08:45:00 AM,13.53,12.16,10.39,124.7,,,
353,09/26/21 09:00:00 AM,13.51,12.16,10.38,124.5,,,
354,09/26/21 09:15:00 AM,13.51,12.18,10.38,124.5,,,
355,09/26/21 09:30:00 AM,14.95,12.18,11.48,137.8,,,
356,09/26/21 09:45:00 AM,15.26,12.3,11.72,141,,,
357,09/26/21 10:00:00 AM,15.12,12.5,11.62,140.4,,,
358,09/26/21 10:15:00 AM,16.24,12.7,12.49,151.5,,,
359,09/26/21 10:30:00 AM,16.62,12.98,12.79,156,,,
360,09/26/21 10:45:00 AM,16.31,13.2,12.56,153.8,,,
361,09/26/21 11:00:00 AM,17.36,13.5,13.37,164.8,,,
362,09/26/21 11:15:00 AM,18.82,13.64,14.5,179.2,,,
363,09/26/21 11:30:00 AM,17.13,13.92,13.21,164.2,,,
364,09/26/21 11:45:00 AM,17.89,14.16,13.8,172.3,,,
365,09/26/21 12:00:00 PM,18.32,14.36,14.14,177.3,,,
366,09/26/21 12:15:00 PM,17.99,14.62,13.89,175.1,,,
367,09/26/21 12:30:00 PM,17.01,14.88,13.14,166.5,,,
368,09/26/21 12:45:00 PM,19.08,15.14,14.75,187.8,,,
369,09/26/21 01:00:00 PM,18.06,15.38,13.97,178.6,,,
370,09/26/21 01:15:00 PM,17.87,15.6,13.83,177.6,,,
371,09/26/21 01:30:00 PM,18.77,15.84,14.53,187.5,,,
372,09/26/21 01:45:00 PM,18.43,16.1,14.27,185.1,,,
373,09/26/21 02:00:00 PM,19.15,16.32,14.84,193.2,,,
374,09/26/21 02:15:00 PM,19.09,16.56,14.8,193.6,,,
375,09/26/21 02:30:00 PM,19.34,16.74,15,196.9,,,
376,09/26/21 02:45:00 PM,21.51,16.96,16.69,220,,,
377,09/26/21 03:00:00 PM,21.39,17.12,16.6,219.5,,,
378,09/26/21 03:15:00 PM,22.87,17.24,17.75,235.3,,,
379,09/26/21 03:30:00 PM,19.61,17.04,15.22,200.9,,,
380,09/26/21 03:45:00 PM,20.05,16.9,15.55,204.8,,,
381,09/26/21 04:00:00 PM,20.01,16.9,15.52,204.4,,,
382,09/26/21 04:15:00 PM,19.92,16.92,15.45,203.6,,,
383,09/26/21 04:30:00 PM,19.81,16.9,15.37,202.4,,,
384,09/26/21 04:45:00 PM,19.97,16.9,15.49,204,,,
385,09/26/21 05:00:00 PM,19.68,16.86,15.26,200.9,,,
386,09/26/21 05:15:00 PM,19.63,16.86,15.23,200.4,,,
387,09/26/21 05:30:00 PM,19.29,16.84,14.96,196.8,,,
388,09/26/21 05:45:00 PM,18.88,16.8,14.64,192.5,,,
389,09/26/21 06:00:00 PM,18.09,16.74,14.03,184.2,,,
390,09/26/21 06:15:00 PM,17.19,16.68,13.33,174.8,,,
391,09/26/21 06:30:00 PM,17.1,16.62,13.26,173.7,,,
392,09/26/21 06:45:00 PM,16.85,16.54,13.06,170.8,,,
393,09/26/21 07:00:00 PM,16.32,16.46,12.65,165.2,,,
394,09/26/21 07:15:00 PM,15.75,16.38,12.2,159.1,,,
395,09/26/21 07:30:00 PM,15.6,16.3,12.09,157.4,,,
396,09/26/21 07:45:00 PM,15.83,16.24,12.26,159.5,,,
397,09/26/21 08:00:00 PM,15.61,16.18,12.09,157.1,,,
398,09/26/21 08:15:00 PM,15.01,16.1,11.62,150.8,,,
399,09/26/21 08:30:00 PM,14.43,16.02,11.17,144.7,,,
400,09/26/21 08:45:00 PM,14.01,15.94,10.85,140.2,,,
401,09/26/21 09:00:00 PM,14.32,15.88,11.09,143.2,,,
402,09/26/21 09:15:00 PM,14.55,15.82,11.26,145.3,,,
403,09/26/21 09:30:00 PM,14.28,15.74,11.05,142.3,,,
404,09/26/21 09:45:00 PM,14.05,15.66,10.87,139.8,,,
405,09/26/21 10:00:00 PM,13.49,15.58,10.44,134,,,
406,09/26/21 10:15:00 PM,13.34,15.5,10.32,132.3,,,
407,09/26/21 10:30:00 PM,13.88,15.44,10.74,137.5,,,
408,09/26/21 10:45:00 PM,13.95,15.38,10.79,138,,,
409,09/26/21 11:00:00 PM,13.66,15.32,10.56,134.9,,,
410,09/26/21 11:15:00 PM,13.49,15.28,10.43,133.2,,,
411,09/26/21 11:30:00 PM,14.08,15.22,10.88,138.8,,,
412,09/26/21 11:45:00 PM,13.71,15.18,10.6,135,,,
413,09/27/21 12:00:00 AM,13.59,15.1,10.5,133.6,,,
414,09/27/21 12:15:00 AM,13.58,15.04,10.49,133.3,,,
415,09/27/21 12:30:00 AM,13,14.94,10.04,127.4,,,
416,09/27/21 12:45:00 AM,12.71,14.88,9.82,124.4,,,
417,09/27/21 01:00:00 AM,12.49,14.78,9.65,122,,,
418,09/27/21 01:15:00 AM,12.61,14.7,9.74,122.9,,,
419,09/27/21 01:30:00 AM,12.41,14.62,9.58,120.8,,,
420,09/27/21 01:45:00 AM,12.08,14.54,9.33,117.3,,,
421,09/27/21 02:00:00 AM,11.41,14.46,8.81,110.6,,,
422,09/27/21 02:15:00 AM,11.58,14.4,8.94,112.1,,,
423,09/27/21 02:30:00 AM,11.24,14.32,8.67,108.7,,,
424,09/27/21 02:45:00 AM,11.33,14.22,8.74,109.3,,,
425,09/27/21 03:00:00 AM,11.2,14.08,8.64,107.7,,,
426,09/27/21 03:15:00 AM,10.65,13.98,8.21,102.2,,,
427,09/27/21 03:30:00 AM,11.08,13.88,8.54,106.1,,,
428,09/27/21 03:45:00 AM,11.11,13.82,8.56,106.2,,,
429,09/27/21 04:00:00 AM,10.62,13.76,8.18,101.4,,,
430,09/27/21 04:15:00 AM,10.88,13.7,8.38,103.8,,,
431,09/27/21 04:30:00 AM,10.8,13.64,8.32,102.9,,,
432,09/27/21 04:45:00 AM,10.45,13.54,8.05,99.3,,,
433,09/27/21 05:00:00 AM,10.42,13.44,8.03,98.8,,,
434,09/27/21 05:15:00 AM,10.22,13.32,7.87,96.6,,,
435,09/27/21 05:30:00 AM,10.35,13.2,7.97,97.6,,,
436,09/27/21 05:45:00 AM,10.5,13.12,8.08,98.9,,,
437,09/27/21 06:00:00 AM,10.76,13.02,8.28,101.1,,,
438,09/27/21 06:15:00 AM,10.59,12.9,8.15,99.2,,,
439,09/27/21 06:30:00 AM,10.65,12.82,8.19,99.6,,,
440,09/27/21 06:45:00 AM,10.61,12.72,8.16,99,,,
441,09/27/21 07:00:00 AM,10.21,12.66,7.85,95.1,,,
442,09/27/21 07:15:00 AM,10.61,12.6,8.16,98.7,,,
443,09/27/21 07:30:00 AM,11.06,12.54,8.5,102.8,,,
444,09/27/21 07:45:00 AM,11.71,12.54,9,108.8,,,
445,09/27/21 08:00:00 AM,12.81,12.54,9.85,119,,,
446,09/27/21 08:15:00 AM,13.3,12.54,10.22,123.6,,,
447,09/27/21 08:30:00 AM,13.09,12.58,10.06,121.8,,,
448,09/27/21 08:45:00 AM,12.71,12.64,9.77,118.4,,,
449,09/27/21 09:00:00 AM,13.13,12.78,10.1,122.7,,,
450,09/27/21 09:15:00 AM,13.65,12.92,10.5,127.9,,,
451,09/27/21 09:30:00 AM,14.16,13.08,10.9,133.2,,,
452,09/27/21 09:45:00 AM,14.63,13.3,11.26,138.3,,,
453,09/27/21 10:00:00 AM,14.79,13.46,11.39,140.3,,,
454,09/27/21 10:15:00 AM,14.86,13.62,11.45,141.5,,,
455,09/27/21 10:30:00 AM,15.13,13.8,11.66,144.6,,,
456,09/27/21 10:45:00 AM,15.64,14.06,12.06,150.3,,,
457,09/27/21 11:00:00 AM,16.02,14.36,12.36,155,,,
458,09/27/21 11:15:00 AM,16.43,14.64,12.69,159.9,,,
459,09/27/21 11:30:00 AM,16.62,14.9,12.84,162.7,,,
460,09/27/21 11:45:00 AM,16.79,15.12,12.98,165.2,,,
461,09/27/21 12:00:00 PM,17.15,15.42,13.26,169.8,,,
462,09/27/21 12:15:00 PM,18.79,15.7,14.54,187.1,,,
463,09/27/21 12:30:00 PM,19.15,15.92,14.83,191.6,,,
464,09/27/21 12:45:00 PM,18.83,16.12,14.58,189.2,,,
465,09/27/21 01:00:00 PM,18.62,16.28,14.43,187.7,,,
466,09/27/21 01:15:00 PM,18.19,16.44,14.1,184,,,
467,09/27/21 01:30:00 PM,18.16,16.56,14.08,184.2,,,
468,09/27/21 01:45:00 PM,18.02,16.88,13.98,184,,,
469,09/27/21 02:00:00 PM,18.66,17.12,14.48,191.5,,,
470,09/27/21 02:15:00 PM,19.18,17.32,14.89,197.6,,,
471,09/27/21 02:30:00 PM,19.77,17.46,15.35,204.3,,,
472,09/27/21 02:45:00 PM,19.36,17.6,15.04,200.7,,,
473,09/27/21 03:00:00 PM,18.93,17.74,14.71,196.8,,,
474,09/27/21 03:15:00 PM,19.17,17.84,14.9,199.7,,,
475,09/27/21 03:30:00 PM,19.23,17.94,14.95,200.7,,,
476,09/27/21 03:45:00 PM,19.09,18.04,14.84,199.7,,,
477,09/27/21 04:00:00 PM,19.55,18.1,15.2,204.7,,,
478,09/27/21 04:15:00 PM,19.68,18.16,15.3,206.3,,,
479,09/27/21 04:30:00 PM,19.77,18.18,15.37,207.4,,,
480,09/27/21 04:45:00 PM,20.58,18.12,16,215.6,,,
481,09/27/21 05:00:00 PM,21.33,18.08,16.58,223.3,,,
482,09/27/21 05:15:00 PM,20.33,18,15.8,212.5,,,
483,09/27/21 05:30:00 PM,19.27,17.94,14.98,201.1,,,
484,09/27/21 05:45:00 PM,19.39,17.88,15.07,202.1,,,
485,09/27/21 06:00:00 PM,18.46,17.82,14.35,192.2,,,
486,09/27/21 06:15:00 PM,17.96,17.72,13.95,186.6,,,
487,09/27/21 06:30:00 PM,17.94,17.62,13.94,186,,,
488,09/27/21 06:45:00 PM,17.4,17.54,13.51,180.1,,,
489,09/27/21 07:00:00 PM,17.53,17.48,13.61,181.2,,,
490,09/27/21 07:15:00 PM,17.32,17.42,13.45,178.8,,,
491,09/27/21 07:30:00 PM,16.99,17.36,13.19,175.2,,,
492,09/27/21 07:45:00 PM,16.83,17.3,13.07,173.4,,,
493,09/27/21 08:00:00 PM,16.91,17.26,13.13,174,,,
494,09/27/21 08:15:00 PM,16.37,17.22,12.71,168.3,,,
495,09/27/21 08:30:00 PM,16.7,17.18,12.96,171.6,,,
496,09/27/21 08:45:00 PM,16.47,17.14,12.78,169.1,,,
497,09/27/21 09:00:00 PM,16.39,17.1,12.72,168.1,,,
498,09/27/21 09:15:00 PM,16.52,17.04,12.82,169.2,,,
499,09/27/21 09:30:00 PM,16.89,16.98,13.1,172.8,,,
500,09/27/21 09:45:00 PM,16.63,16.88,12.9,169.8,,,
501,09/27/21 10:00:00 PM,15.67,16.8,12.15,159.7,,,
502,09/27/21 10:15:00 PM,15.31,16.74,11.87,155.9,,,
503,09/27/21 10:30:00 PM,15.07,16.68,11.68,153.2,,,
504,09/27/21 10:45:00 PM,14.81,16.6,11.48,150.3,,,
505,09/27/21 11:00:00 PM,14.9,16.56,11.55,151.1,,,
506,09/27/21 11:15:00 PM,14.55,16.5,11.28,147.4,,,
507,09/27/21 11:30:00 PM,14.37,16.42,11.14,145.3,,,
508,09/27/21 11:45:00 PM,14.22,16.36,11.02,143.6,,,
509,09/28/21 12:00:00 AM,13.91,16.28,10.78,140.3,,,
510,09/28/21 12:15:00 AM,13.55,16.2,10.5,136.4,,,
511,09/28/21 12:30:00 AM,13.42,16.12,10.39,134.9,,,
512,09/28/21 12:45:00 AM,12.85,16.06,9.95,129,,,
513,09/28/21 01:00:00 AM,14.12,15.98,10.93,141.5,,,
514,09/28/21 01:15:00 AM,14.22,15.92,11.01,142.3,,,
515,09/28/21 01:30:00 AM,14,15.84,10.84,139.8,,,
516,09/28/21 01:45:00 AM,13.51,15.78,10.46,134.8,,,
517,09/28/21 02:00:00 AM,13.56,15.74,10.49,135.2,,,
518,09/28/21 02:15:00 AM,13.71,15.72,10.61,136.6,,,
519,09/28/21 02:30:00 AM,14.27,15.72,11.04,142.2,,,
520,09/28/21 02:45:00 AM,13.58,15.66,10.51,135.1,,,
521,09/28/21 03:00:00 AM,13.69,15.58,10.59,136,,,
522,09/28/21 03:15:00 AM,13.78,15.5,10.66,136.7,,,
523,09/28/21 03:30:00 AM,12.58,15.42,9.73,124.5,,,
524,09/28/21 03:45:00 AM,12.74,15.36,9.85,126,,,
525,09/28/21 04:00:00 AM,12.85,15.3,9.94,126.9,,,
526,09/28/21 04:15:00 AM,12.83,15.26,9.92,126.6,,,
527,09/28/21 04:30:00 AM,12.06,15.24,9.32,118.9,,,
528,09/28/21 04:45:00 AM,12.44,15.16,9.62,122.5,,,
529,09/28/21 05:00:00 AM,11.46,15.08,8.86,112.6,,,
530,09/28/21 05:15:00 AM,11.43,15.02,8.83,112.2,,,
531,09/28/21 05:30:00 AM,11.3,15,8.73,110.9,,,
532,09/28/21 05:45:00 AM,9.83,15.22,7.6,96.9,,,
533,09/28/21 06:00:00 AM,10.56,15.44,8.17,104.6,,,
534,09/28/21 06:15:00 AM,9.97,15.4,7.71,98.7,,,
535,09/28/21 06:30:00 AM,7.93,15.4,6.13,78.5,,,
536,09/28/21 06:45:00 AM,9.36,15.42,7.24,92.7,,,
537,09/28/21 07:00:00 AM,9.33,15.28,7.21,92.1,,,
538,09/28/21 07:15:00 AM,9.47,15.12,7.32,93.2,,,
539,09/28/21 07:30:00 AM,9.83,14.98,7.6,96.4,,,
540,09/28/21 07:45:00 AM,10.24,14.78,7.91,100,,,
541,09/28/21 08:00:00 AM,10.44,14.7,8.06,101.8,,,
542,09/28/21 08:15:00 AM,11.23,14.62,8.67,109.3,,,
543,09/28/21 08:30:00 AM,11.16,14.52,8.61,108.4,,,
544,09/28/21 08:45:00 AM,12.02,14.54,9.28,116.8,,,
545,09/28/21 09:00:00 AM,12.69,14.54,9.8,123.3,,,
546,09/28/21 09:15:00 AM,11.22,14.46,8.66,108.8,,,
547,09/28/21 09:30:00 AM,11.78,14.42,9.09,114.1,,,
548,09/28/21 09:45:00 AM,11.84,14.38,9.14,114.6,,,
549,09/28/21 10:00:00 AM,12.86,14.4,9.92,124.5,,,
550,09/28/21 10:15:00 AM,12.64,14.42,9.76,122.5,,,
551,09/28/21 10:30:00 AM,12.63,14.42,9.75,122.4,,,
552,09/28/21 10:45:00 AM,12.96,14.5,10,125.8,,,
553,09/28/21 11:00:00 AM,13.29,14.56,10.26,129.2,,,
554,09/28/21 11:15:00 AM,13.63,14.66,10.52,132.7,,,
555,09/28/21 11:30:00 AM,13.8,14.68,10.66,134.5,,,
556,09/28/21 11:45:00 AM,14.14,14.78,10.92,138.1,,,
557,09/28/21 12:00:00 PM,14.45,14.92,11.16,141.5,,,
558,09/28/21 12:15:00 PM,14.91,15,11.52,146.3,,,
559,09/28/21 12:30:00 PM,15.25,15.1,11.79,149.9,,,
560,09/28/21 12:45:00 PM,15.47,15.14,11.96,152.2,,,
561,09/28/21 01:00:00 PM,16.1,15.22,12.45,158.7,,,
562,09/28/21 01:15:00 PM,16.35,15.3,12.64,161.5,,,
563,09/28/21 01:30:00 PM,16.04,15.38,12.4,158.7,,,
564,09/28/21 01:45:00 PM,16.18,15.52,12.52,160.5,,,
565,09/28/21 02:00:00 PM,16.47,15.66,12.74,163.9,,,
566,09/28/21 02:15:00 PM,16.53,15.72,12.79,164.7,,,
567,09/28/21 02:30:00 PM,16.84,15.8,13.03,168.1,,,
568,09/28/21 02:45:00 PM,17,15.84,13.16,169.8,,,
569,09/28/21 03:00:00 PM,17.62,15.88,13.64,176.2,,,
570,09/28/21 03:15:00 PM,17.6,15.88,13.62,176,,,
571,09/28/21 03:30:00 PM,17.71,15.88,13.71,177.1,,,
572,09/28/21 03:45:00 PM,16.34,15.86,12.65,163.3,,,
573,09/28/21 04:00:00 PM,16.5,15.86,12.77,164.9,,,
574,09/28/21 04:15:00 PM,15.54,15.86,12.03,155.3,,,
575,09/28/21 04:30:00 PM,16.12,15.88,12.48,161.2,,,
576,09/28/21 04:45:00 PM,15.15,15.88,11.73,151.5,,,
577,09/28/21 05:00:00 PM,15.81,15.86,12.24,158,,,
578,09/28/21 05:15:00 PM,15.43,15.84,11.94,154.1,,,
579,09/28/21 05:30:00 PM,14.78,15.8,11.44,147.5,,,
580,09/28/21 05:45:00 PM,15.61,15.76,12.08,155.7,,,
581,09/28/21 06:00:00 PM,13.93,15.72,10.78,138.8,,,
582,09/28/21 06:15:00 PM,15.5,15.66,11.99,154.2,,,
583,09/28/21 06:30:00 PM,15.03,15.62,11.63,149.4,,,
584,09/28/21 06:45:00 PM,15.16,15.58,11.73,150.6,,,
585,09/28/21 07:00:00 PM,14.85,15.56,11.49,147.5,,,
586,09/28/21 07:15:00 PM,14.63,15.52,11.32,145.1,,,
587,09/28/21 07:30:00 PM,13.21,15.48,10.22,130.9,,,
588,09/28/21 07:45:00 PM,13.16,15.52,10.18,130.6,,,
589,09/28/21 08:00:00 PM,13.51,15.5,10.45,134,,,
590,09/28/21 08:15:00 PM,13.53,15.48,10.47,134.1,,,
591,09/28/21 08:30:00 PM,13.08,15.48,10.12,129.7,,,
592,09/28/21 08:45:00 PM,13.41,15.46,10.37,132.9,,,
593,09/28/21 09:00:00 PM,13.21,15.42,10.22,130.8,,,
594,09/28/21 09:15:00 PM,13.42,15.4,10.38,132.8,,,
595,09/28/21 09:30:00 PM,14.13,15.36,10.93,139.7,,,
596,09/28/21 09:45:00 PM,13.57,15.3,10.49,134,,,
597,09/28/21 10:00:00 PM,13.43,15.26,10.38,132.5,,,
598,09/28/21 10:15:00 PM,13,15.22,10.05,128.2,,,
599,09/28/21 10:30:00 PM,13.27,15.18,10.26,130.7,,,
600,09/28/21 10:45:00 PM,12.3,15.12,9.51,121,,,
601,09/28/21 11:00:00 PM,12.95,15.08,10.01,127.3,,,
602,09/28/21 11:15:00 PM,12.33,15.02,9.53,121,,,
603,09/28/21 11:30:00 PM,11.88,14.98,9.18,116.5,,,
604,09/28/21 11:45:00 PM,12.12,14.94,9.36,118.8,,,
605,09/29/21 12:00:00 AM,12.24,14.9,9.46,119.8,,,
606,09/29/21 12:15:00 AM,11.83,14.86,9.14,115.7,,,
607,09/29/21 12:30:00 AM,12.29,14.84,9.49,120.2,,,
608,09/29/21 12:45:00 AM,11.56,14.82,8.93,113,,,
609,09/29/21 01:00:00 AM,11.57,14.8,8.94,113,,,
610,09/29/21 01:15:00 AM,11.52,14.78,8.9,112.5,,,
611,09/29/21 01:30:00 AM,11.02,14.76,8.51,107.6,,,
612,09/29/21 01:45:00 AM,10.11,14.74,7.81,98.6,,,
613,09/29/21 02:00:00 AM,9.9,14.74,7.65,96.6,,,
614,09/29/21 02:15:00 AM,8.36,14.8,6.46,81.7,,,
615,09/29/21 02:30:00 AM,7.53,14.9,5.82,73.7,,,
616,09/29/21 02:45:00 AM,7.38,14.98,5.7,72.4,,,
617,09/29/21 03:00:00 AM,8.27,15,6.39,81.1,,,
618,09/29/21 03:15:00 AM,5.91,15,4.57,58,,,
619,09/29/21 03:30:00 AM,5.98,15.02,4.62,58.7,,,
620,09/29/21 03:45:00 AM,5.45,14.98,4.21,53.4,,,
621,09/29/21 04:00:00 AM,5.9,14.96,4.56,57.8,,,
622,09/29/21 04:15:00 AM,4.43,14.94,3.42,43.4,,,
623,09/29/21 04:30:00 AM,4.12,14.92,3.18,40.4,,,
624,09/29/21 04:45:00 AM,3.92,14.9,3.03,38.4,,,
625,09/29/21 05:00:00 AM,4.84,14.86,3.74,47.3,,,
626,09/29/21 05:15:00 AM,5.23,14.84,4.04,51.1,,,
627,09/29/21 05:30:00 AM,4.92,14.8,3.8,48.1,,,
628,09/29/21 05:45:00 AM,4.37,14.76,3.38,42.7,,,
629,09/29/21 06:00:00 AM,4.32,14.7,3.34,42.1,,,
630,09/29/21 06:15:00 AM,4.27,14.68,3.3,41.6,,,
631,09/29/21 06:30:00 AM,3.9,14.64,3.01,38,,,
632,09/29/21 06:45:00 AM,3.66,14.58,2.83,35.6,,,
633,09/29/21 07:00:00 AM,2.41,14.58,1.86,23.4,,,
634,09/29/21 07:15:00 AM,2.98,14.56,2.3,29,,,
635,09/29/21 07:30:00 AM,1.79,14.6,1.38,17.4,,,
636,09/29/21 07:45:00 AM,6.47,14.68,5,63,,,
637,09/29/21 08:00:00 AM,8.24,14.74,6.36,80.4,,,
638,09/29/21 08:15:00 AM,7.83,14.82,6.05,76.5,,,
639,09/29/21 08:30:00 AM,8.39,14.84,6.48,82,,,
640,09/29/21 08:45:00 AM,9.26,14.8,7.15,90.5,,,
641,09/29/21 09:00:00 AM,10.05,14.8,7.76,98.2,,,
642,09/29/21 09:15:00 AM,10.06,14.88,7.77,98.4,,,
643,09/29/21 09:30:00 AM,10.71,14.98,8.28,105,,,
644,09/29/21 09:45:00 AM,10.54,14.98,8.14,103.4,,,
645,09/29/21 10:00:00 AM,11.02,15.04,8.52,108.2,,,
646,09/29/21 10:15:00 AM,12.67,15.1,9.79,124.6,,,
647,09/29/21 10:30:00 AM,12.96,15.18,10.02,127.6,,,
648,09/29/21 10:45:00 AM,13.38,15.3,10.35,132.1,,,
649,09/29/21 11:00:00 AM,14.1,15.46,10.91,139.7,,,
650,09/29/21 11:15:00 AM,16.29,15.62,12.6,162,,,
651,09/29/21 11:30:00 AM,15.59,15.84,12.07,155.7,,,
652,09/29/21 11:45:00 AM,12.91,16.02,10,129.5,,,
653,09/29/21 12:00:00 PM,13.55,16.1,10.49,136.1,,,
654,09/29/21 12:15:00 PM,13.44,16.16,10.41,135.2,,,
655,09/29/21 12:30:00 PM,14.13,16.22,10.95,142.3,,,
656,09/29/21 12:45:00 PM,14.56,16.34,11.28,147,,,
657,09/29/21 01:00:00 PM,14.74,16.48,11.42,149.2,,,
658,09/29/21 01:15:00 PM,15.23,16.6,11.81,154.6,,,
659,09/29/21 01:30:00 PM,15.21,16.6,11.79,154.4,,,
660,09/29/21 01:45:00 PM,14.97,16.62,11.61,152,,,
661,09/29/21 02:00:00 PM,15.76,16.68,12.22,160.2,,,
662,09/29/21 02:15:00 PM,16.01,16.7,12.41,162.9,,,
663,09/29/21 02:30:00 PM,16.89,16.72,13.1,171.9,,,
664,09/29/21 02:45:00 PM,17.59,16.72,13.64,179,,,
665,09/29/21 03:00:00 PM,20.83,16.8,16.16,212.3,,,
666,09/29/21 03:15:00 PM,22.25,16.82,17.26,226.9,,,
667,09/29/21 03:30:00 PM,22.19,16.86,17.21,226.5,,,
668,09/29/21 03:45:00 PM,20.33,16.86,15.77,207.5,,,
669,09/29/21 04:00:00 PM,20.22,16.9,15.69,206.5,,,
670,09/29/21 04:15:00 PM,21.9,16.96,16.99,224,,,
671,09/29/21 04:30:00 PM,19.85,16.98,15.4,203.1,,,
672,09/29/21 04:45:00 PM,20.55,16.96,15.94,210.2,,,
673,09/29/21 05:00:00 PM,19.49,16.94,15.12,199.3,,,
674,09/29/21 05:15:00 PM,19.32,16.94,14.99,197.5,,,
675,09/29/21 05:30:00 PM,19.65,16.94,15.24,200.9,,,
676,09/29/21 05:45:00 PM,19.09,16.9,14.81,195,,,
677,09/29/21 06:00:00 PM,17.71,16.86,13.74,180.8,,,
678,09/29/21 06:15:00 PM,17.72,16.82,13.74,180.7,,,
679,09/29/21 06:30:00 PM,17.05,16.78,13.22,173.7,,,
680,09/29/21 06:45:00 PM,15.95,16.76,12.37,162.5,,,
681,09/29/21 07:00:00 PM,15.86,16.72,12.3,161.4,,,
682,09/29/21 07:15:00 PM,15.83,16.7,12.27,161,,,
683,09/29/21 07:30:00 PM,13.42,16.68,10.41,136.5,,,
684,09/29/21 07:45:00 PM,13.37,16.66,10.37,135.9,,,
685,09/29/21 08:00:00 PM,13.34,16.64,10.34,135.5,,,
686,09/29/21 08:15:00 PM,13.26,16.6,10.28,134.6,,,
687,09/29/21 08:30:00 PM,13.14,16.58,10.19,133.3,,,
688,09/29/21 08:45:00 PM,13.02,16.56,10.09,132.1,,,
689,09/29/21 09:00:00 PM,12.52,16.52,9.7,126.9,,,
690,09/29/21 09:15:00 PM,12.3,16.5,9.53,124.6,,,
691,09/29/21 09:30:00 PM,12.86,16.48,9.97,130.2,,,
692,09/29/21 09:45:00 PM,14.13,16.44,10.95,143,,,
693,09/29/21 10:00:00 PM,14.55,16.38,11.27,147,,,
694,09/29/21 10:15:00 PM,14.71,16.32,11.4,148.4,,,
695,09/29/21 10:30:00 PM,14.57,16.3,11.29,147,,,
696,09/29/21 10:45:00 PM,14.01,16.28,10.85,141.3,,,
697,09/29/21 11:00:00 PM,13.77,16.28,10.67,138.8,,,
698,09/29/21 11:15:00 PM,11.8,16.26,9.14,118.9,,,
699,09/29/21 11:30:00 PM,12.17,16.26,9.43,122.7,,,
700,09/29/21 11:45:00 PM,12.42,16.24,9.62,125.1,,,
701,09/30/21 12:00:00 AM,11.88,16.22,9.2,119.6,,,
702,09/30/21 12:15:00 AM,11.92,16.22,9.23,120,,,
703,09/30/21 12:30:00 AM,11.34,16.18,8.78,114.1,,,
704,09/30/21 12:45:00 AM,10.7,16.16,8.29,107.6,,,
705,09/30/21 01:00:00 AM,10.3,16.12,7.98,103.5,,,
706,09/30/21 01:15:00 AM,10.65,16.1,8.25,107,,,
707,09/30/21 01:30:00 AM,10.85,16.06,8.4,108.9,,,
708,09/30/21 01:45:00 AM,10.55,16.04,8.17,105.8,,,
709,09/30/21 02:00:00 AM,11.09,15.98,8.59,111.1,,,
710,09/30/21 02:15:00 AM,10.98,15.94,8.5,109.9,,,
711,09/30/21 02:30:00 AM,10.87,15.92,8.42,108.8,,,
712,09/30/21 02:45:00 AM,10.59,15.9,8.2,105.9,,,
713,09/30/21 03:00:00 AM,10.19,15.86,7.89,101.8,,,
714,09/30/21 03:15:00 AM,10.01,15.8,7.75,99.9,,,
715,09/30/21 03:30:00 AM,10.09,15.76,7.81,100.6,,,
716,09/30/21 03:45:00 AM,10.26,15.74,7.94,102.3,,,
717,09/30/21 04:00:00 AM,9.98,15.72,7.72,99.4,,,
718,09/30/21 04:15:00 AM,9.66,15.7,7.48,96.2,,,
719,09/30/21 04:30:00 AM,9.72,15.68,7.52,96.8,,,
720,09/30/21 04:45:00 AM,9.07,15.66,7.02,90.3,,,
721,09/30/21 05:00:00 AM,8.06,15.64,6.24,80.2,,,
722,09/30/21 05:15:00 AM,8.96,15.6,6.93,89,,,
723,09/30/21 05:30:00 AM,9.33,15.56,7.22,92.6,,,
724,09/30/21 05:45:00 AM,9.25,15.52,7.16,91.8,,,
725,09/30/21 06:00:00 AM,9.11,15.48,7.05,90.3,,,
726,09/30/21 06:15:00 AM,8.25,15.42,6.38,81.7,,,
727,09/30/21 06:30:00 AM,7.54,15.4,5.83,74.6,,,
728,09/30/21 06:45:00 AM,7.82,15.36,6.05,77.3,,,
729,09/30/21 07:00:00 AM,8.05,15.36,6.23,79.6,,,
730,09/30/21 07:15:00 AM,7.89,15.36,6.1,78,,,
731,09/30/21 07:30:00 AM,8.06,15.38,6.23,79.7,,,
732,09/30/21 07:45:00 AM,7.64,15.42,5.91,75.6,,,
733,09/30/21 08:00:00 AM,7.85,15.44,6.07,77.7,,,
734,09/30/21 08:15:00 AM,7.71,15.44,5.96,76.4,,,
735,09/30/21 08:30:00 AM,7.24,15.46,5.6,71.7,,,
736,09/30/21 08:45:00 AM,6.99,15.5,5.41,69.3,,,
737,09/30/21 09:00:00 AM,7.25,15.52,5.61,71.9,,,
738,09/30/21 09:15:00 AM,7.29,15.54,5.64,72.4,,,
739,09/30/21 09:30:00 AM,5.42,15.54,4.19,53.8,,,
740,09/30/21 09:45:00 AM,5.79,15.54,4.48,57.5,,,
741,09/30/21 10:00:00 AM,6.94,15.58,5.37,68.9,,,
742,09/30/21 10:15:00 AM,7.98,15.6,6.17,79.3,,,
743,09/30/21 10:30:00 AM,11.27,15.6,8.72,112,,,
744,09/30/21 10:45:00 AM,10.35,15.6,8.01,102.9,,,
745,09/30/21 11:00:00 AM,11.09,15.62,8.58,110.3,,,
746,09/30/21 11:15:00 AM,10.64,15.64,8.23,105.8,,,
747,09/30/21 11:30:00 AM,10.57,15.68,8.18,105.2,,,
748,09/30/21 11:45:00 AM,10.83,15.7,8.38,107.9,,,
749,09/30/21 12:00:00 PM,13.59,15.72,10.52,135.4,,,
750,09/30/21 12:15:00 PM,12.59,15.74,9.74,125.5,,,
751,09/30/21 12:30:00 PM,13.87,15.76,10.73,138.3,,,
752,09/30/21 12:45:00 PM,14.16,15.8,10.96,141.3,,,
753,09/30/21 01:00:00 PM,14.32,15.84,11.08,143,,,
754,09/30/21 01:15:00 PM,15.12,15.88,11.7,151.2,,,
755,09/30/21 01:30:00 PM,15.44,15.96,11.95,154.6,,,
756,09/30/21 01:45:00 PM,16.41,16,12.71,164.5,,,
757,09/30/21 02:00:00 PM,16.47,16.04,12.75,165.2,,,
758,09/30/21 02:15:00 PM,15.51,16.04,12.01,155.6,,,
759,09/30/21 02:30:00 PM,16.03,16.06,12.41,160.9,,,
760,09/30/21 02:45:00 PM,15.64,16.06,12.11,157,,,
761,09/30/21 03:00:00 PM,15.35,16.02,11.89,153.9,,,
762,09/30/21 03:15:00 PM,15.23,16.02,11.79,152.7,,,
763,09/30/21 03:30:00 PM,15.13,15.98,11.71,151.6,,,
764,09/30/21 03:45:00 PM,14.9,15.96,11.54,149.2,,,
765,09/30/21 04:00:00 PM,14.77,15.94,11.44,147.9,,,
766,09/30/21 04:15:00 PM,14.54,15.92,11.26,145.5,,,
767,09/30/21 04:30:00 PM,14.21,15.92,11,142.2,,,
768,09/30/21 04:45:00 PM,13.95,15.9,10.8,139.5,,,
769,09/30/21 05:00:00 PM,13.77,15.86,10.66,137.6,,,
770,09/30/21 05:15:00 PM,13.32,15.8,10.31,132.9,,,
771,09/30/21 05:30:00 PM,13.02,15.74,10.08,129.8,,,
772,09/30/21 05:45:00 PM,12.85,15.66,9.94,127.9,,,
773,09/30/21 06:00:00 PM,12.21,15.58,9.45,121.3,,,
774,09/30/21 06:15:00 PM,12.3,15.5,9.51,122,,,
775,09/30/21 06:30:00 PM,11.8,15.44,9.13,116.9,,,
776,09/30/21 06:45:00 PM,11.7,15.38,9.05,115.7,,,
777,09/30/21 07:00:00 PM,11.38,15.32,8.8,112.4,,,
778,09/30/21 07:15:00 PM,10.69,15.28,8.27,105.5,,,
779,09/30/21 07:30:00 PM,10.67,15.22,8.25,105.2,,,
780,09/30/21 07:45:00 PM,10.29,15.18,7.95,101.3,,,
781,09/30/21 08:00:00 PM,10.47,15.12,8.09,103,,,
782,09/30/21 08:15:00 PM,10.12,15.08,7.82,99.5,,,
783,09/30/21 08:30:00 PM,10.09,15.04,7.8,99.1,,,
784,09/30/21 08:45:00 PM,10.02,15,7.74,98.3,,,
785,09/30/21 09:00:00 PM,9.58,14.96,7.4,93.9,,,
786,09/30/21 09:15:00 PM,9.78,14.94,7.56,95.8,,,
787,09/30/21 09:30:00 PM,9.91,14.9,7.66,97,,,
788,09/30/21 09:45:00 PM,9.75,14.88,7.53,95.4,,,
789,09/30/21 10:00:00 PM,9.61,14.86,7.42,94,,,
790,09/30/21 10:15:00 PM,9.66,14.84,7.46,94.4,,,
791,09/30/21 10:30:00 PM,9.55,14.82,7.38,93.3,,,
792,09/30/21 10:45:00 PM,9.62,14.82,7.43,94,,,
793,09/30/21 11:00:00 PM,9.38,14.8,7.25,91.6,,,
794,09/30/21 11:15:00 PM,9.43,14.78,7.28,92.1,,,
795,09/30/21 11:30:00 PM,9.42,14.76,7.28,91.9,,,
796,09/30/21 11:45:00 PM,9.31,14.74,7.19,90.8,,,
797,10/01/2021 00:00:00,9.2,14.72,7.1,89.7,,,
798,10/01/2021 00:15:00,9.28,14.7,7.17,90.5,,,
799,10/01/2021 00:30:00,9.22,14.68,7.12,89.8,,,
800,10/01/2021 00:45:00,9,14.66,6.95,87.7,,,
801,10/01/2021 01:00:00,9.05,14.64,6.99,88.1,,,
802,10/01/2021 01:15:00,8.86,14.6,6.84,86.2,,,
803,10/01/2021 01:30:00,8.65,14.58,6.68,84.1,,,
804,10/01/2021 01:45:00,8.63,14.56,6.66,83.9,,,
805,10/01/2021 02:00:00,8.49,14.56,6.55,82.5,,,
806,10/01/2021 02:15:00,8.58,14.54,6.62,83.3,,,
807,10/01/2021 02:30:00,8.22,14.52,6.35,79.8,,,
808,10/01/2021 02:45:00,8.12,14.5,6.27,78.8,,,
809,10/01/2021 03:00:00,8.1,14.5,6.25,78.6,,,
810,10/01/2021 03:15:00,8.03,14.48,6.2,77.9,,,
811,10/01/2021 03:30:00,8.01,14.48,6.18,77.7,,,
812,10/01/2021 03:45:00,8.04,14.46,6.21,78,,,
813,10/01/2021 04:00:00,7.99,14.46,6.17,77.5,,,
814,10/01/2021 04:15:00,7.95,14.42,6.14,77,,,
815,10/01/2021 04:30:00,7.83,14.4,6.04,75.8,,,
816,10/01/2021 04:45:00,7.77,14.36,6,75.2,,,
817,10/01/2021 05:00:00,7.87,14.32,6.07,76.1,,,
818,10/01/2021 05:15:00,7.84,14.28,6.05,75.7,,,
819,10/01/2021 05:30:00,7.61,14.24,5.87,73.4,,,
820,10/01/2021 05:45:00,7.56,14.2,5.83,72.9,,,
821,10/01/2021 06:00:00,7.55,14.16,5.82,72.7,,,
822,10/01/2021 06:15:00,7.09,14.14,5.47,68.3,,,
823,10/01/2021 06:30:00,7.28,14.12,5.62,70.1,,,
824,10/01/2021 06:45:00,7.65,14.08,5.9,73.6,,,
825,10/01/2021 07:00:00,7.97,14.06,6.15,76.6,,,
826,10/01/2021 07:15:00,8.4,14.08,6.48,80.8,,,
827,10/01/2021 07:30:00,8.85,14.1,6.83,85.1,,,
828,10/01/2021 07:45:00,9.36,14.14,7.22,90.1,,,
829,10/01/2021 08:00:00,9.65,14.18,7.44,93,,,
830,10/01/2021 08:15:00,9.96,14.24,7.68,96.1,,,
831,10/01/2021 08:30:00,10.16,14.28,7.84,98.1,,,
832,10/01/2021 08:45:00,10.4,14.3,8.02,100.5,,,
833,10/01/2021 09:00:00,10.65,14.32,8.22,103,,,
834,10/01/2021 09:15:00,10.9,14.34,8.41,105.4,,,
835,10/01/2021 09:30:00,11.54,14.4,8.91,111.8,,,
836,10/01/2021 09:45:00,11.76,14.5,9.08,114.1,,,
837,10/01/2021 10:00:00,12.15,14.54,9.38,118,,,
838,10/01/2021 10:15:00,12.63,14.64,9.75,123,,,
839,10/01/2021 10:30:00,13.23,14.78,10.22,129.2,,,
840,10/01/2021 10:45:00,13.39,14.88,10.34,131,,,
841,10/01/2021 11:00:00,13.71,14.98,10.59,134.5,,,
842,10/01/2021 11:15:00,14.44,15.1,11.16,142,,,
843,10/01/2021 11:30:00,14.82,15.26,11.46,146.2,,,
844,10/01/2021 11:45:00,15.44,15.48,11.94,153.1,,,
845,10/01/2021 12:00:00,15.58,15.7,12.06,155.2,,,
846,10/01/2021 12:15:00,16.14,15.9,12.49,161.4,,,
847,10/01/2021 12:30:00,16.47,16.14,12.76,165.6,,,
848,10/01/2021 12:45:00,16.68,16.34,12.92,168.4,,,
849,10/01/2021 13:00:00,17.12,16.54,13.27,173.6,,,
850,10/01/2021 13:15:00,17.24,16.76,13.37,175.6,,,
851,10/01/2021 13:30:00,17.49,16.96,13.57,178.9,,,
852,10/01/2021 13:45:00,17.14,17.12,13.3,175.9,,,
853,10/01/2021 14:00:00,17.65,17.26,13.7,181.7,,,
854,10/01/2021 14:15:00,17.81,17.34,13.83,183.6,,,
855,10/01/2021 14:30:00,17.79,17.46,13.82,183.9,,,
856,10/01/2021 14:45:00,17.77,17.54,13.8,183.9,,,
857,10/01/2021 15:00:00,17.83,17.62,13.85,184.9,,,
858,10/01/2021 15:15:00,17.77,17.64,13.8,184.3,,,
859,10/01/2021 15:30:00,17.43,17.62,13.54,180.7,,,
860,10/01/2021 15:45:00,17.32,17.6,13.45,179.5,,,
861,10/01/2021 16:00:00,17.17,17.56,13.34,177.8,,,
862,10/01/2021 16:15:00,16.97,17.52,13.18,175.6,,,
863,10/01/2021 16:30:00,16.81,17.48,13.05,173.8,,,
864,10/01/2021 16:45:00,16.52,17.44,12.83,170.7,,,
865,10/01/2021 17:00:00,16.23,17.38,12.6,167.5,,,
866,10/01/2021 17:15:00,15.94,17.32,12.38,164.3,,,
867,10/01/2021 17:30:00,15.74,17.24,12.22,161.9,,,
868,10/01/2021 17:45:00,15.4,17.18,11.95,158.2,,,
869,10/01/2021 18:00:00,15.33,17.12,11.9,157.3,,,
870,10/01/2021 18:15:00,15.08,17.04,11.7,154.5,,,
871,10/01/2021 18:30:00,14.56,16.96,11.3,148.9,,,
872,10/01/2021 18:45:00,14.26,16.88,11.06,145.6,,,
873,10/01/2021 19:00:00,13.98,16.8,10.84,142.5,,,
874,10/01/2021 19:15:00,13.55,16.72,10.51,137.9,,,
875,10/01/2021 19:30:00,13.29,16.64,10.3,135,,,
876,10/01/2021 19:45:00,12.85,16.56,9.96,130.3,,,
877,10/01/2021 20:00:00,12.94,16.48,10.03,131,,,
878,10/01/2021 20:15:00,12.77,16.42,9.9,129.1,,,
879,10/01/2021 20:30:00,12.4,16.34,9.61,125.2,,,
880,10/01/2021 20:45:00,12.24,16.28,9.48,123.4,,,
881,10/01/2021 21:00:00,11.95,16.22,9.26,120.3,,,
882,10/01/2021 21:15:00,11.62,16.16,9,116.9,,,
883,10/01/2021 21:30:00,11.29,16.08,8.74,113.4,,,
884,10/01/2021 21:45:00,11.27,16.04,8.73,113.1,,,
885,10/01/2021 22:00:00,11.05,15.96,8.56,110.7,,,
886,10/01/2021 22:15:00,10.88,15.9,8.42,108.8,,,
887,10/01/2021 22:30:00,10.77,15.82,8.34,107.5,,,
888,10/01/2021 22:45:00,10.63,15.78,8.23,106.1,,,
889,10/01/2021 23:00:00,10.36,15.7,8.02,103.2,,,
890,10/01/2021 23:15:00,10.33,15.66,7.99,102.8,,,
891,10/01/2021 23:30:00,10.03,15.6,7.76,99.7,,,
892,10/01/2021 23:45:00,9.87,15.54,7.64,98,,,
893,10/02/2021 00:00:00,9.65,15.5,7.46,95.7,,,
894,10/02/2021 00:15:00,9.42,15.46,7.29,93.3,,,
895,10/02/2021 00:30:00,9.69,15.4,7.49,95.9,,,
896,10/02/2021 00:45:00,9.08,15.36,7.02,89.8,,,
897,10/02/2021 01:00:00,8.66,15.32,6.7,85.6,,,
898,10/02/2021 01:15:00,9.23,15.3,7.14,91.1,,,
899,10/02/2021 01:30:00,8.77,15.28,6.78,86.6,,,
900,10/02/2021 01:45:00,8.4,15.22,6.49,82.8,,,
901,10/02/2021 02:00:00,8.22,15.18,6.35,81,,,
902,10/02/2021 02:15:00,8.44,15.14,6.52,83.1,,,
903,10/02/2021 02:30:00,8.39,15.1,6.48,82.5,,,
904,10/02/2021 02:45:00,8.06,15.04,6.23,79.1,,,
905,10/02/2021 03:00:00,7.98,15,6.17,78.3,,,
906,10/02/2021 03:15:00,7.75,14.96,5.99,76,,,
907,10/02/2021 03:30:00,7.11,14.94,5.49,69.7,,,
908,10/02/2021 03:45:00,7.14,14.92,5.52,69.9,,,
909,10/02/2021 04:00:00,6.88,14.88,5.31,67.3,,,
910,10/02/2021 04:15:00,7.43,14.86,5.74,72.7,,,
911,10/02/2021 04:30:00,6.97,14.82,5.38,68.1,,,
912,10/02/2021 04:45:00,6.98,14.78,5.39,68.2,,,
913,10/02/2021 05:00:00,6.44,14.74,4.97,62.8,,,
914,10/02/2021 05:15:00,6.83,14.7,5.27,66.6,,,
915,10/02/2021 05:30:00,6.65,14.68,5.14,64.8,,,
916,10/02/2021 05:45:00,6.1,14.64,4.71,59.4,,,
917,10/02/2021 06:00:00,5.64,14.6,4.35,54.9,,,
918,10/02/2021 06:15:00,5.51,14.58,4.25,53.6,,,
919,10/02/2021 06:30:00,5.03,14.56,3.88,48.9,,,
920,10/02/2021 06:45:00,5.42,14.54,4.18,52.6,,,
921,10/02/2021 07:00:00,5.17,14.52,3.99,50.2,,,
922,10/02/2021 07:15:00,4.97,14.52,3.84,48.3,,,
923,10/02/2021 07:30:00,5.52,14.52,4.26,53.6,,,
924,10/02/2021 07:45:00,5.91,14.52,4.56,57.4,,,
925,10/02/2021 08:00:00,5.84,14.54,4.51,56.7,,,
926,10/02/2021 08:15:00,5.73,14.58,4.42,55.7,,,
927,10/02/2021 08:30:00,5.57,14.62,4.3,54.2,,,
928,10/02/2021 08:45:00,5.48,14.66,4.23,53.4,,,
929,10/02/2021 09:00:00,5.33,14.7,4.12,52,,,
930,10/02/2021 09:15:00,6.2,14.78,4.79,60.5,,,
931,10/02/2021 09:30:00,6.26,14.88,4.84,61.3,,,
932,10/02/2021 09:45:00,7.32,15.08,5.66,71.9,,,
933,10/02/2021 10:00:00,8.34,15.28,6.45,82.3,,,
934,10/02/2021 10:15:00,8.57,15.5,6.63,85,,,
935,10/02/2021 10:30:00,8.69,15.78,6.73,86.7,,,
936,10/02/2021 10:45:00,8.68,16.06,6.72,87.1,,,
937,10/02/2021 11:00:00,9.36,16.32,7.25,94.5,,,
938,10/02/2021 11:15:00,9.9,16.6,7.68,100.5,,,
939,10/02/2021 11:30:00,10.61,16.88,8.23,108.3,,,
940,10/02/2021 11:45:00,11.19,17.14,8.68,114.9,,,
941,10/02/2021 12:00:00,11.7,17.44,9.09,120.9,,,
942,10/02/2021 12:15:00,11.92,17.7,9.26,123.8,,,
943,10/02/2021 12:30:00,12.16,17.94,9.45,126.9,,,
944,10/02/2021 12:45:00,13.64,18.18,10.61,143.1,,,
945,10/02/2021 13:00:00,13.38,18.38,10.41,140.9,,,
946,10/02/2021 13:15:00,14.26,18.6,11.1,150.9,,,
947,10/02/2021 13:30:00,14.52,18.84,11.31,154.4,,,
948,10/02/2021 13:45:00,15,19.04,11.68,160.1,,,
949,10/02/2021 14:00:00,15.22,19.24,11.86,163.1,,,
950,10/02/2021 14:15:00,15.7,19.42,12.24,168.9,,,
951,10/02/2021 14:30:00,15.63,19.6,12.19,168.7,,,
952,10/02/2021 14:45:00,16.07,19.74,12.53,173.9,,,
953,10/02/2021 15:00:00,16.96,19.88,13.23,184.1,,,
954,10/02/2021 15:15:00,15.72,19.96,12.27,170.9,,,
955,10/02/2021 15:30:00,17.32,20.04,13.52,188.6,,,
956,10/02/2021 15:45:00,17.13,20.08,13.37,186.7,,,
957,10/02/2021 16:00:00,17,20.12,13.27,185.4,,,
958,10/02/2021 16:15:00,18.13,20.14,14.15,197.8,,,
959,10/02/2021 16:30:00,18.98,20.12,14.82,207,,,
960,10/02/2021 16:45:00,18.55,20.1,14.48,202.2,,,
961,10/02/2021 17:00:00,18.34,20.08,14.31,199.9,,,
962,10/02/2021 17:15:00,18.42,20.02,14.38,200.5,,,
963,10/02/2021 17:30:00,17.78,19.96,13.87,193.3,,,
964,10/02/2021 17:45:00,17.11,19.88,13.35,185.7,,,
965,10/02/2021 18:00:00,16.95,19.82,13.22,183.8,,,
966,10/02/2021 18:15:00,16.96,19.72,13.23,183.5,,,
967,10/02/2021 18:30:00,17.22,19.64,13.43,186,,,
968,10/02/2021 18:45:00,17.09,19.56,13.33,184.3,,,
969,10/02/2021 19:00:00,17.28,19.48,13.47,186.1,,,
970,10/02/2021 19:15:00,18.02,19.4,14.05,193.7,,,
971,10/02/2021 19:30:00,16.24,19.3,12.66,174.2,,,
972,10/02/2021 19:45:00,16.4,19.22,12.78,175.7,,,
973,10/02/2021 20:00:00,16.33,19.14,12.72,174.7,,,
974,10/02/2021 20:15:00,15.8,19.08,12.31,168.8,,,
975,10/02/2021 20:30:00,15.28,19.02,11.9,163,,,
976,10/02/2021 20:45:00,15.57,18.92,12.13,165.8,,,
977,10/02/2021 21:00:00,15.29,18.82,11.91,162.5,,,
978,10/02/2021 21:15:00,14.8,18.72,11.52,157,,,
979,10/02/2021 21:30:00,14.21,18.66,11.06,150.5,,,
980,10/02/2021 21:45:00,13.49,18.58,10.5,142.7,,,
981,10/02/2021 22:00:00,13.24,18.52,10.3,139.8,,,
982,10/02/2021 22:15:00,12.99,18.46,10.11,137,,,
983,10/02/2021 22:30:00,12.7,18.4,9.88,133.8,,,
984,10/02/2021 22:45:00,12,18.34,9.34,126.3,,,
985,10/02/2021 23:00:00,13.06,18.3,10.16,137.3,,,
986,10/02/2021 23:15:00,12.2,18.22,9.49,128.1,,,
987,10/02/2021 23:30:00,11.94,18.16,9.29,125.2,,,
988,10/02/2021 23:45:00,10,18.1,7.78,104.7,,,
989,10/03/2021 00:00:00,10.14,18.02,7.88,106,,,
990,10/03/2021 00:15:00,10.51,17.94,8.17,109.7,,,
991,10/03/2021 00:30:00,11.75,17.88,9.13,122.5,,,
992,10/03/2021 00:45:00,11.2,17.8,8.7,116.6,,,
993,10/03/2021 01:00:00,9.5,17.72,7.38,98.7,,,
994,10/03/2021 01:15:00,9.68,17.66,7.52,100.5,,,
995,10/03/2021 01:30:00,9.63,17.6,7.48,99.8,,,
996,10/03/2021 01:45:00,8.2,17.56,6.37,84.9,,,
997,10/03/2021 02:00:00,8.48,17.5,6.59,87.7,,,
998,10/03/2021 02:15:00,7.13,17.44,5.54,73.7,,,
999,10/03/2021 02:30:00,9.54,17.36,7.41,98.4,,,
1000,10/03/2021 02:45:00,10.99,17.26,8.53,113.1,,,
1001,10/03/2021 03:00:00,10.56,17.2,8.2,108.5,,,
1002,10/03/2021 03:15:00,10.52,17.12,8.16,108,,,
1003,10/03/2021 03:30:00,10.52,16.96,8.16,107.6,,,
1004,10/03/2021 03:45:00,11.12,16.86,8.63,113.5,,,
1005,10/03/2021 04:00:00,10.96,16.76,8.5,111.6,,,
1006,10/03/2021 04:15:00,10.32,16.64,8,104.8,,,
1007,10/03/2021 04:30:00,10.12,16.6,7.85,102.7,,,
1008,10/03/2021 04:45:00,10.13,16.56,7.85,102.7,,,
1009,10/03/2021 05:00:00,9.76,16.54,7.57,98.9,,,
1010,10/03/2021 05:15:00,9.27,16.54,7.19,94,,,
1011,10/03/2021 05:30:00,8.65,16.52,6.7,87.7,,,
1012,10/03/2021 05:45:00,9.23,16.48,7.15,93.5,,,
1013,10/03/2021 06:00:00,9.7,16.4,7.52,98.1,,,
1014,10/03/2021 06:15:00,9.55,16.34,7.4,96.4,,,
1015,10/03/2021 06:30:00,9.41,16.3,7.29,94.9,,,
1016,10/03/2021 06:45:00,9.25,16.28,7.17,93.3,,,
1017,10/03/2021 07:00:00,8.95,16.22,6.93,90.1,,,
1018,10/03/2021 07:15:00,8.99,16.2,6.96,90.5,,,
1019,10/03/2021 07:30:00,8.96,16.2,6.94,90.2,,,
1020,10/03/2021 07:45:00,8.9,16.2,6.89,89.6,,,
1021,10/03/2021 08:00:00,8.8,16.22,6.82,88.6,,,
1022,10/03/2021 08:15:00,8.71,16.18,6.75,87.6,,,
1023,10/03/2021 08:30:00,9.06,16.2,7.02,91.2,,,
1024,10/03/2021 08:45:00,9.05,16.24,7.01,91.2,,,
1025,10/03/2021 09:00:00,8.82,16.3,6.83,89,,,
1026,10/03/2021 09:15:00,8.78,16.4,6.8,88.8,,,
1027,10/03/2021 09:30:00,8.65,16.5,6.7,87.6,,,
1028,10/03/2021 09:45:00,10.02,16.72,7.77,102,,,
1029,10/03/2021 10:00:00,10.84,16.94,8.41,110.8,,,
1030,10/03/2021 10:15:00,11.79,17.3,9.15,121.4,,,
1031,10/03/2021 10:30:00,12.28,17.5,9.54,127,,,
1032,10/03/2021 10:45:00,12.86,17.56,9.99,133.2,,,
1033,10/03/2021 11:00:00,13.11,17.64,10.18,136,,,
1034,10/03/2021 11:15:00,13.65,17.8,10.61,142.1,,,
1035,10/03/2021 11:30:00,13.74,17.94,10.68,143.4,,,
1036,10/03/2021 11:45:00,14.08,17.98,10.95,147.1,,,
1037,10/03/2021 12:00:00,14.23,18,11.06,148.7,,,
1038,10/03/2021 12:15:00,14.49,18,11.26,151.4,,,
1039,10/03/2021 12:30:00,14.77,18.04,11.48,154.5,,,
1040,10/03/2021 12:45:00,14.95,18.1,11.62,156.6,,,
1041,10/03/2021 13:00:00,15.24,18.14,11.85,159.7,,,
1042,10/03/2021 13:15:00,15.14,18.14,11.77,158.7,,,
1043,10/03/2021 13:30:00,15.17,18.14,11.8,159,,,
1044,10/03/2021 13:45:00,15.06,18.12,11.71,157.8,,,
1045,10/03/2021 14:00:00,15.12,18.14,11.76,158.5,,,
1046,10/03/2021 14:15:00,15.14,18.14,11.77,158.7,,,
1047,10/03/2021 14:30:00,14.88,18.1,11.57,155.8,,,
1048,10/03/2021 14:45:00,14.59,18,11.34,152.5,,,
1049,10/03/2021 15:00:00,14.35,17.94,11.15,149.8,,,
1050,10/03/2021 15:15:00,14.26,17.88,11.08,148.7,,,
1051,10/03/2021 15:30:00,14.03,17.8,10.9,146,,,
1052,10/03/2021 15:45:00,13.97,17.74,10.85,145.2,,,
1053,10/03/2021 16:00:00,14.02,17.72,10.89,145.7,,,
1054,10/03/2021 16:15:00,14.01,17.72,10.89,145.6,,,
1055,10/03/2021 16:30:00,13.97,17.68,10.85,145,,,
1056,10/03/2021 16:45:00,13.75,17.62,10.68,142.6,,,
1057,10/03/2021 17:00:00,13.57,17.54,10.54,140.5,,,
1058,10/03/2021 17:15:00,13.42,17.46,10.42,138.7,,,
1059,10/03/2021 17:30:00,13.23,17.36,10.27,136.4,,,
1060,10/03/2021 17:45:00,13.03,17.26,10.11,134.1,,,
1061,10/03/2021 18:00:00,12.74,17.14,9.89,130.8,,,
1062,10/03/2021 18:15:00,12.42,17.02,9.64,127.2,,,
1063,10/03/2021 18:30:00,12.12,16.9,9.4,123.8,,,
1064,10/03/2021 18:45:00,11.81,16.76,9.16,120.3,,,
1065,10/03/2021 19:00:00,11.54,16.62,8.95,117.2,,,
1066,10/03/2021 19:15:00,11.22,16.5,8.7,113.7,,,
1067,10/03/2021 19:30:00,10.97,16.4,8.5,110.9,,,
1068,10/03/2021 19:45:00,10.68,16.3,8.27,107.7,,,
1069,10/03/2021 20:00:00,10.49,16.18,8.13,105.5,,,
1070,10/03/2021 20:15:00,10.22,16.1,7.92,102.7,,,
1071,10/03/2021 20:30:00,10.1,16,7.82,101.2,,,
1072,10/03/2021 20:45:00,9.93,15.9,7.69,99.3,,,
1073,10/03/2021 21:00:00,9.72,15.82,7.52,97.1,,,
1074,10/03/2021 21:15:00,9.53,15.72,7.37,95,,,
1075,10/03/2021 21:30:00,9.35,15.62,7.23,93,,,
1076,10/03/2021 21:45:00,9.22,15.52,7.13,91.5,,,
1077,10/03/2021 22:00:00,9.17,15.42,7.09,90.8,,,
1078,10/03/2021 22:15:00,9.08,15.32,7.02,89.7,,,
1079,10/03/2021 22:30:00,8.92,15.24,6.9,88,,,
1080,10/03/2021 22:45:00,8.75,15.18,6.76,86.2,,,
1081,10/03/2021 23:00:00,8.73,15.1,6.75,85.8,,,
1082,10/03/2021 23:15:00,8.62,15.06,6.66,84.7,,,
1083,10/03/2021 23:30:00,8.62,15.02,6.66,84.6,,,
1084,10/03/2021 23:45:00,8.48,14.98,6.55,83.2,,,
1085,10/04/2021 00:00:00,8.42,14.94,6.51,82.5,,,
1086,10/04/2021 00:15:00,8.24,14.92,6.37,80.7,,,
1087,10/04/2021 00:30:00,8.34,14.82,6.44,81.5,,,
1088,10/04/2021 00:45:00,8.31,14.84,6.42,81.2,,,
1089,10/04/2021 01:00:00,8.31,14.8,6.42,81.2,,,
1090,10/04/2021 01:15:00,8.32,14.76,6.43,81.2,,,
1091,10/04/2021 01:30:00,8.34,14.74,6.44,81.4,,,
1092,10/04/2021 01:45:00,8.44,14.7,6.52,82.3,,,
1093,10/04/2021 02:00:00,8.45,14.66,6.52,82.3,,,
1094,10/04/2021 02:15:00,8.44,14.6,6.52,82.1,,,
1095,10/04/2021 02:30:00,8.34,14.54,6.44,81,,,
1096,10/04/2021 02:45:00,8.26,14.44,6.38,80.1,,,
1097,10/04/2021 03:00:00,8.35,14.28,6.44,80.7,,,
1098,10/04/2021 03:15:00,8.36,14.18,6.45,80.6,,,
1099,10/04/2021 03:30:00,8.41,14.1,6.49,80.9,,,
1100,10/04/2021 03:45:00,8.44,14,6.51,81,,,
1101,10/04/2021 04:00:00,8.47,13.86,6.53,81.1,,,
1102,10/04/2021 04:15:00,8.62,13.7,6.64,82.2,,,
1103,10/04/2021 04:30:00,8.69,13.7,6.7,82.9,,,
1104,10/04/2021 04:45:00,8.58,13.66,6.61,81.8,,,
1105,10/04/2021 05:00:00,8.67,13.56,6.68,82.4,,,
1106,10/04/2021 05:15:00,8.7,13.42,6.7,82.5,,,
1107,10/04/2021 05:30:00,8.94,13.22,6.88,84.4,,,
1108,10/04/2021 05:45:00,9.19,13.02,7.07,86.3,,,
1109,10/04/2021 06:00:00,9.17,12.94,7.05,86,,,
1110,10/04/2021 06:15:00,9.24,12.84,7.11,86.5,,,
1111,10/04/2021 06:30:00,9.5,12.7,7.31,88.6,,,
1112,10/04/2021 06:45:00,9.8,12.54,7.53,91.1,,,
1113,10/04/2021 07:00:00,10.06,12.42,7.73,93.2,,,
1114,10/04/2021 07:15:00,10.42,12.32,8.01,96.4,,,
1115,10/04/2021 07:30:00,10.62,12.3,8.16,98.2,,,
1116,10/04/2021 07:45:00,10.84,12.3,8.33,100.2,,,
1117,10/04/2021 08:00:00,11.06,12.36,8.5,102.4,,,
1118,10/04/2021 08:15:00,11.36,12.4,8.73,105.2,,,
1119,10/04/2021 08:30:00,11.6,12.44,8.91,107.6,,,
1120,10/04/2021 08:45:00,11.92,12.48,9.16,110.6,,,
1121,10/04/2021 09:00:00,12.3,12.5,9.45,114.2,,,
1122,10/04/2021 09:15:00,12.56,12.56,9.66,116.8,,,
1123,10/04/2021 09:30:00,12.71,12.64,9.77,118.4,,,
1124,10/04/2021 09:45:00,12.85,12.76,9.88,120,,,
1125,10/04/2021 10:00:00,12.98,12.88,9.98,121.6,,,
1126,10/04/2021 10:15:00,13.11,13.04,10.09,123.2,,,
1127,10/04/2021 10:30:00,13.36,13.2,10.28,126,,,
1128,10/04/2021 10:45:00,13.3,13.38,10.24,125.9,,,
1129,10/04/2021 11:00:00,13.53,13.56,10.42,128.6,,,
1130,10/04/2021 11:15:00,13.55,13.74,10.44,129.3,,,
1131,10/04/2021 11:30:00,13.53,13.88,10.43,129.5,,,
1132,10/04/2021 11:45:00,13.49,14.06,10.4,129.7,,,
1133,10/04/2021 12:00:00,13.61,14.22,10.5,131.3,,,
1134,10/04/2021 12:15:00,13.72,14.42,10.59,132.9,,,
1135,10/04/2021 12:30:00,13.8,14.62,10.66,134.3,,,
1136,10/04/2021 12:45:00,13.8,14.82,10.66,134.9,,,
1137,10/04/2021 13:00:00,13.87,15.02,10.72,136.1,,,
1138,10/04/2021 13:15:00,13.74,15.22,10.62,135.4,,,
1139,10/04/2021 13:30:00,13.25,15.36,10.25,131,,,
1140,10/04/2021 13:45:00,13.06,15.52,10.1,129.6,,,
1141,10/04/2021 14:00:00,12.65,15.66,9.79,125.9,,,
1142,10/04/2021 14:15:00,13.09,15.7,10.13,130.4,,,
1143,10/04/2021 14:30:00,12.85,15.86,9.95,128.4,,,
1144,10/04/2021 14:45:00,12.53,15.98,9.7,125.5,,,
1145,10/04/2021 15:00:00,12.51,16.04,9.69,125.5,,,
1146,10/04/2021 15:15:00,12.52,16.08,9.7,125.7,,,
1147,10/04/2021 15:30:00,12.5,16.16,9.68,125.7,,,
1148,10/04/2021 15:45:00,12.55,16.18,9.72,126.3,,,
1149,10/04/2021 16:00:00,12.43,16.24,9.63,125.2,,,
1150,10/04/2021 16:15:00,12.34,16.26,9.56,124.4,,,
1151,10/04/2021 16:30:00,12.11,16.26,9.38,122.1,,,
1152,10/04/2021 16:45:00,12.07,16.26,9.35,121.6,,,
1153,10/04/2021 17:00:00,11.8,16.32,9.14,119.1,,,
1154,10/04/2021 17:15:00,11.67,16.28,9.04,117.7,,,
1155,10/04/2021 17:30:00,11.5,16.24,8.91,115.9,,,
1156,10/04/2021 17:45:00,11.37,16.16,8.81,114.4,,,
1157,10/04/2021 18:00:00,11.21,16.1,8.68,112.6,,,
1158,10/04/2021 18:15:00,10.91,16.04,8.45,109.4,,,
1159,10/04/2021 18:30:00,10.76,15.96,8.33,107.8,,,
1160,10/04/2021 18:45:00,10.6,15.9,8.21,106,,,
1161,10/04/2021 19:00:00,10.4,15.84,8.05,103.9,,,
1162,10/04/2021 19:15:00,10.38,15.78,8.03,103.6,,,
1163,10/04/2021 19:30:00,10.22,15.7,7.91,101.8,,,
1164,10/04/2021 19:45:00,10.17,15.62,7.87,101.1,,,
1165,10/04/2021 20:00:00,10.09,15.56,7.81,100.2,,,
1166,10/04/2021 20:15:00,10.02,15.46,7.75,99.3,,,
1167,10/04/2021 20:30:00,9.91,15.38,7.66,98,,,
1168,10/04/2021 20:45:00,9.86,15.32,7.62,97.4,,,
1169,10/04/2021 21:00:00,9.8,15.24,7.58,96.6,,,
1170,10/04/2021 21:15:00,9.7,15.18,7.5,95.5,,,
1171,10/04/2021 21:30:00,9.7,15.06,7.5,95.3,,,
1172,10/04/2021 21:45:00,9.67,14.96,7.47,94.8,,,
1173,10/04/2021 22:00:00,9.61,14.86,7.42,94,,,
1174,10/04/2021 22:15:00,9.61,14.76,7.42,93.8,,,
1175,10/04/2021 22:30:00,9.59,14.64,7.4,93.4,,,
1176,10/04/2021 22:45:00,9.54,14.54,7.36,92.7,,,
1177,10/04/2021 23:00:00,9.52,14.4,7.35,92.2,,,
1178,10/04/2021 23:15:00,9.49,14.28,7.32,91.7,,,
1179,10/04/2021 23:30:00,9.5,14.14,7.33,91.5,,,
1180,10/04/2021 23:45:00,9.5,14.02,7.33,91.2,,,
1181,10/05/2021 00:00:00,9.52,13.94,7.34,91.3,,,
1182,10/05/2021 00:15:00,9.55,13.82,7.36,91.3,,,
1183,10/05/2021 00:30:00,9.59,13.74,7.39,91.5,,,
1184,10/05/2021 00:45:00,9.53,13.68,7.34,90.8,,,
1185,10/05/2021 01:00:00,9.54,13.6,7.35,90.8,,,
1186,10/05/2021 01:15:00,9.63,13.48,7.42,91.4,,,
1187,10/05/2021 01:30:00,9.66,13.38,7.44,91.5,,,
1188,10/05/2021 01:45:00,9.65,13.3,7.43,91.2,,,
1189,10/05/2021 02:00:00,9.65,13.22,7.43,91.1,,,
1190,10/05/2021 02:15:00,9.66,13.16,7.44,91,,,
1191,10/05/2021 02:30:00,9.63,13.12,7.41,90.7,,,
1192,10/05/2021 02:45:00,9.52,13.1,7.33,89.6,,,
1193,10/05/2021 03:00:00,9.51,13.12,7.32,89.5,,,
1194,10/05/2021 03:15:00,9.57,13.06,7.36,90,,,
1195,10/05/2021 03:30:00,9.59,12.98,7.38,90,,,
1196,10/05/2021 03:45:00,9.54,12.92,7.34,89.4,,,
1197,10/05/2021 04:00:00,9.49,12.9,7.3,88.9,,,
1198,10/05/2021 04:15:00,9.57,12.82,7.36,89.5,,,
1199,10/05/2021 04:30:00,9.63,12.74,7.41,89.9,,,
1200,10/05/2021 04:45:00,9.68,12.64,7.44,90.2,,,
1201,10/05/2021 05:00:00,9.67,12.58,7.43,89.9,,,
1202,10/05/2021 05:15:00,9.67,12.52,7.43,89.8,,,
1203,10/05/2021 05:30:00,9.65,12.48,7.42,89.6,,,
1204,10/05/2021 05:45:00,9.67,12.4,7.43,89.6,,,
1205,10/05/2021 06:00:00,9.7,12.34,7.45,89.7,,,
1206,10/05/2021 06:15:00,9.74,12.3,7.48,90,,,
1207,10/05/2021 06:30:00,9.78,12.28,7.51,90.4,,,
1208,10/05/2021 06:45:00,9.79,12.26,7.52,90.4,,,
1209,10/05/2021 07:00:00,9.91,12.22,7.61,91.4,,,
1210,10/05/2021 07:15:00,10.05,12.22,7.72,92.7,,,
1211,10/05/2021 07:30:00,10.23,12.24,7.86,94.4,,,
1212,10/05/2021 07:45:00,10.35,12.28,7.95,95.6,,,
1213,10/05/2021 08:00:00,10.5,12.32,8.07,97.1,,,
1214,10/05/2021 08:15:00,10.74,12.4,8.25,99.5,,,
1215,10/05/2021 08:30:00,10.88,12.5,8.36,101,,,
1216,10/05/2021 08:45:00,11.1,12.58,8.53,103.2,,,
1217,10/05/2021 09:00:00,11.13,12.68,8.56,103.8,,,
1218,10/05/2021 09:15:00,11.53,12.78,8.87,107.7,,,
1219,10/05/2021 09:30:00,12.11,12.98,9.32,113.7,,,
1220,10/05/2021 09:45:00,12.25,13.14,9.43,115.4,,,
1221,10/05/2021 10:00:00,12.25,13.26,9.43,115.7,,,
1222,10/05/2021 10:15:00,12.24,13.38,9.43,115.9,,,
1223,10/05/2021 10:30:00,12.46,13.46,9.6,118.2,,,
1224,10/05/2021 10:45:00,12.43,13.52,9.58,118.1,,,
1225,10/05/2021 11:00:00,12.5,13.66,9.63,119.1,,,
1226,10/05/2021 11:15:00,12.62,13.86,9.73,120.8,,,
1227,10/05/2021 11:30:00,13.11,14.08,10.11,126.1,,,
1228,10/05/2021 11:45:00,13.43,14.34,10.36,129.9,,,
1229,10/05/2021 12:00:00,13.09,14.58,10.11,127.3,,,
1230,10/05/2021 12:15:00,13.19,14.82,10.19,128.9,,,
1231,10/05/2021 12:30:00,13.42,15,10.37,131.7,,,
1232,10/05/2021 12:45:00,13.63,15.28,10.54,134.5,,,
1233,10/05/2021 13:00:00,14.06,15.5,10.88,139.4,,,
1234,10/05/2021 13:15:00,15.18,15.68,11.75,151.1,,,
1235,10/05/2021 13:30:00,19.32,15.88,14.96,193.2,,,
1236,10/05/2021 13:45:00,21.69,16.04,16.8,217.6,,,
1237,10/05/2021 14:00:00,23.7,16.18,18.36,238.5,,,
1238,10/05/2021 14:15:00,23.91,16.34,18.53,241.4,,,
1239,10/05/2021 14:30:00,24.49,16.48,18.98,248,,,
1240,10/05/2021 14:45:00,25.45,16.56,19.73,258.1,,,
1241,10/05/2021 15:00:00,23.42,16.56,18.15,237.5,,,
1242,10/05/2021 15:15:00,22.9,16.62,17.75,232.6,,,
1243,10/05/2021 15:30:00,22.08,16.78,17.12,225,,,
1244,10/05/2021 15:45:00,22.21,16.96,17.23,227.2,,,
1245,10/05/2021 16:00:00,22.36,17.14,17.35,229.6,,,
1246,10/05/2021 16:15:00,21.77,17.26,16.9,224.1,,,
1247,10/05/2021 16:30:00,19.15,17.32,14.87,197.3,,,
1248,10/05/2021 16:45:00,19.45,17.32,15.1,200.4,,,
1249,10/05/2021 17:00:00,18.24,17.34,14.16,188,,,
1250,10/05/2021 17:15:00,16.06,17.32,12.47,165.5,,,
1251,10/05/2021 17:30:00,14.64,17.24,11.36,150.6,,,
1252,10/05/2021 17:45:00,11.83,17.18,9.18,121.5,,,
1253,10/05/2021 18:00:00,12.02,17.12,9.33,123.3,,,
1254,10/05/2021 18:15:00,10.58,17.08,8.21,108.5,,,
1255,10/05/2021 18:30:00,9.92,17.08,7.7,101.7,,,
1256,10/05/2021 18:45:00,9.85,17.08,7.64,101,,,
1257,10/05/2021 19:00:00,9.91,17.08,7.69,101.6,,,
1258,10/05/2021 19:15:00,10.42,17.1,8.09,106.9,,,
1259,10/05/2021 19:30:00,9.11,17.1,7.07,93.4,,,
1260,10/05/2021 19:45:00,9.75,17.1,7.57,100,,,
1261,10/05/2021 20:00:00,9.65,17.08,7.49,98.9,,,
1262,10/05/2021 20:15:00,6.51,17.1,5.05,66.8,,,
1263,10/05/2021 20:30:00,6.96,17.1,5.4,71.4,,,
1264,10/05/2021 20:45:00,6.01,17.08,4.66,61.6,,,
1265,10/05/2021 21:00:00,6.17,17.04,4.79,63.2,,,
1266,10/05/2021 21:15:00,5.23,17.04,4.06,53.6,,,
1267,10/05/2021 21:30:00,3.54,16.98,2.75,36.2,,,
1268,10/05/2021 21:45:00,2.55,16.94,1.98,26.1,,,
1269,10/05/2021 22:00:00,4.71,16.94,3.65,48.2,,,
1270,10/05/2021 22:15:00,6.77,16.94,5.25,69.2,,,
1271,10/05/2021 22:30:00,9.28,16.94,7.2,94.9,,,
1272,10/05/2021 22:45:00,8.01,16.88,6.21,81.8,,,
1273,10/05/2021 23:00:00,8.27,16.82,6.41,84.3,,,
1274,10/05/2021 23:15:00,8.34,16.76,6.47,84.9,,,
1275,10/05/2021 23:30:00,3.44,16.7,2.67,35,,,
1276,10/05/2021 23:45:00,2.19,16.64,1.7,22.2,,,
1277,10/06/2021 00:00:00,2.36,16.58,1.83,23.9,,,
1278,10/06/2021 00:15:00,2.62,16.5,2.03,26.5,,,
1279,10/06/2021 00:30:00,3.24,16.4,2.51,32.8,,,
1280,10/06/2021 00:45:00,4.2,16.3,3.25,42.4,,,
1281,10/06/2021 01:00:00,5.29,16.2,4.1,53.2,,,
1282,10/06/2021 01:15:00,10.44,16.08,8.09,104.8,,,
1283,10/06/2021 01:30:00,14.85,15.94,11.5,148.7,,,
1284,10/06/2021 01:45:00,16.22,15.84,12.56,162,,,
1285,10/06/2021 02:00:00,17.19,15.72,13.3,171.3,,,
1286,10/06/2021 02:15:00,14.62,15.54,11.31,145.1,,,
1287,10/06/2021 02:30:00,13.79,15.36,10.66,136.3,,,
1288,10/06/2021 02:45:00,15.78,15.24,12.2,155.6,,,
1289,10/06/2021 03:00:00,16.93,15.16,13.09,166.7,,,
1290,10/06/2021 03:15:00,15.98,15.1,12.35,157.1,,,
1291,10/06/2021 03:30:00,15.27,14.96,11.8,149.7,,,
1292,10/06/2021 03:45:00,14.96,14.82,11.56,146.2,,,
1293,10/06/2021 04:00:00,14.47,14.7,11.17,141,,,
1294,10/06/2021 04:15:00,13.39,14.52,10.34,130,,,
1295,10/06/2021 04:30:00,10.43,14.4,8.05,101,,,
1296,10/06/2021 04:45:00,11.45,14.34,8.84,110.7,,,
1297,10/06/2021 05:00:00,12.17,14.28,9.39,117.5,,,
1298,10/06/2021 05:15:00,12.33,14.18,9.51,118.8,,,
1299,10/06/2021 05:30:00,8.85,14.18,6.83,85.3,,,
1300,10/06/2021 05:45:00,4.95,14.08,3.82,47.6,,,
1301,10/06/2021 06:00:00,4.13,13.98,3.18,39.6,,,
1302,10/06/2021 06:15:00,7.24,13.88,5.58,69.3,,,
1303,10/06/2021 06:30:00,8.69,13.78,6.7,83,,,
1304,10/06/2021 06:45:00,8.9,13.58,6.86,84.7,,,
1305,10/06/2021 07:00:00,8.24,13.48,6.35,78.2,,,
1306,10/06/2021 07:15:00,7.81,13.4,6.01,74,,,
1307,10/06/2021 07:30:00,8.04,13.3,6.19,76,,,
1308,10/06/2021 07:45:00,10.33,13.26,7.95,97.6,,,
1309,10/06/2021 08:00:00,11.34,13.28,8.73,107.1,,,
1310,10/06/2021 08:15:00,12.72,13.34,9.79,120.3,,,
1311,10/06/2021 08:30:00,12.32,13.42,9.49,116.8,,,
1312,10/06/2021 08:45:00,11.6,13.52,8.94,110.2,,,
1313,10/06/2021 09:00:00,12.13,13.66,9.35,115.6,,,
1314,10/06/2021 09:15:00,12.13,13.7,9.35,115.7,,,
1315,10/06/2021 09:30:00,13.28,13.8,10.24,126.9,,,
1316,10/06/2021 09:45:00,12.5,13.94,9.64,119.8,,,
1317,10/06/2021 10:00:00,12.5,14.14,9.64,120.4,,,
1318,10/06/2021 10:15:00,12.43,14.34,9.59,120.2,,,
1319,10/06/2021 10:30:00,13.2,14.78,10.2,128.9,,,
1320,10/06/2021 10:45:00,13.68,15.08,10.57,134.4,,,
1321,10/06/2021 11:00:00,14.09,15.3,10.89,139.1,,,
1322,10/06/2021 11:15:00,13.78,15.42,10.66,136.4,,,
1323,10/06/2021 11:30:00,14.15,15.56,10.95,140.5,,,
1324,10/06/2021 11:45:00,14.09,15.7,10.9,140.3,,,
1325,10/06/2021 12:00:00,14.62,15.88,11.32,146.2,,,
1326,10/06/2021 12:15:00,14.55,15.96,11.27,145.7,,,
1327,10/06/2021 12:30:00,14.28,16,11.06,143.1,,,
1328,10/06/2021 12:45:00,13.75,16.04,10.65,137.9,,,
1329,10/06/2021 13:00:00,14.17,16.1,10.97,142.3,,,
1330,10/06/2021 13:15:00,14.05,16.14,10.88,141.2,,,
1331,10/06/2021 13:30:00,14.21,16.16,11.01,142.9,,,
1332,10/06/2021 13:45:00,14.92,16.32,11.56,150.6,,,
1333,10/06/2021 14:00:00,13.84,16.3,10.72,139.6,,,
1334,10/06/2021 14:15:00,13.83,16.3,10.72,139.5,,,
1335,10/06/2021 14:30:00,13.82,16.32,10.71,139.5,,,
1336,10/06/2021 14:45:00,13.91,16.34,10.78,140.4,,,
1337,10/06/2021 15:00:00,14.02,16.44,10.87,141.8,,,
1338,10/06/2021 15:15:00,14.06,16.46,10.9,142.3,,,
1339,10/06/2021 15:30:00,14.03,16.4,10.87,141.8,,,
1340,10/06/2021 15:45:00,14.14,16.4,10.96,142.9,,,
1341,10/06/2021 16:00:00,13.93,16.38,10.79,140.8,,,
1342,10/06/2021 16:15:00,13.71,16.38,10.62,138.5,,,
1343,10/06/2021 16:30:00,13.79,16.38,10.69,139.3,,,
1344,10/06/2021 16:45:00,13.88,16.36,10.76,140.2,,,
1345,10/06/2021 17:00:00,13.83,16.32,10.72,139.6,,,
1346,10/06/2021 17:15:00,13.95,16.3,10.81,140.7,,,
1347,10/06/2021 17:30:00,13.92,16.26,10.78,140.3,,,
1348,10/06/2021 17:45:00,13.84,16.24,10.72,139.4,,,
1349,10/06/2021 18:00:00,13.68,16.2,10.6,137.7,,,
1350,10/06/2021 18:15:00,13.32,16.16,10.32,134,,,
1351,10/06/2021 18:30:00,13.03,16.14,10.09,131,,,
1352,10/06/2021 18:45:00,12.77,16.1,9.89,128.3,,,
1353,10/06/2021 19:00:00,12.42,16.06,9.62,124.6,,,
1354,10/06/2021 19:15:00,12.1,16.02,9.37,121.3,,,
1355,10/06/2021 19:30:00,11.95,15.96,9.25,119.7,,,
1356,10/06/2021 19:45:00,11.73,15.9,9.08,117.3,,,
1357,10/06/2021 20:00:00,11.5,15.84,8.9,114.9,,,
1358,10/06/2021 20:15:00,11.19,15.78,8.66,111.6,,,
1359,10/06/2021 20:30:00,10.88,15.7,8.42,108.4,,,
1360,10/06/2021 20:45:00,10.69,15.6,8.27,106.2,,,
1361,10/06/2021 21:00:00,10.43,15.54,8.07,103.5,,,
1362,10/06/2021 21:15:00,10.45,15.44,8.08,103.5,,,
1363,10/06/2021 21:30:00,10.34,15.34,8,102.2,,,
1364,10/06/2021 21:45:00,10.19,15.24,7.88,100.5,,,
1365,10/06/2021 22:00:00,9.93,15.12,7.68,97.7,,,
1366,10/06/2021 22:15:00,9.84,15.04,7.6,96.6,,,
1367,10/06/2021 22:30:00,9.66,14.94,7.46,94.7,,,
1368,10/06/2021 22:45:00,9.62,14.82,7.43,94,,,
1369,10/06/2021 23:00:00,9.53,14.72,7.36,92.9,,,
1370,10/06/2021 23:15:00,9.28,14.6,7.16,90.3,,,
1371,10/06/2021 23:30:00,9.25,14.5,7.14,89.8,,,
1372,10/06/2021 23:45:00,9.15,14.4,7.06,88.6,,,
1373,10/07/2021 00:00:00,9.22,14.3,7.11,89.1,,,
1374,10/07/2021 00:15:00,8.58,14.22,6.62,82.8,,,
1375,10/07/2021 00:30:00,8.53,14.14,6.58,82.1,,,
1376,10/07/2021 00:45:00,8.48,14.04,6.54,81.5,,,
1377,10/07/2021 01:00:00,8.35,13.94,6.44,80.1,,,
1378,10/07/2021 01:15:00,8.35,13.88,6.44,79.9,,,
1379,10/07/2021 01:30:00,8.47,13.78,6.53,80.9,,,
1380,10/07/2021 01:45:00,8.41,13.7,6.48,80.2,,,
1381,10/07/2021 02:00:00,8.16,13.62,6.29,77.7,,,
1382,10/07/2021 02:15:00,8.37,13.52,6.45,79.5,,,
1383,10/07/2021 02:30:00,8.65,13.4,6.66,81.9,,,
1384,10/07/2021 02:45:00,8.63,13.34,6.65,81.6,,,
1385,10/07/2021 03:00:00,8.36,13.28,6.44,79,,,
1386,10/07/2021 03:15:00,8.26,13.24,6.36,78,,,
1387,10/07/2021 03:30:00,8.52,13.14,6.56,80.3,,,
1388,10/07/2021 03:45:00,8.3,13.08,6.39,78.1,,,
1389,10/07/2021 04:00:00,8.23,13.02,6.33,77.3,,,
1390,10/07/2021 04:15:00,8.38,12.94,6.45,78.6,,,
1391,10/07/2021 04:30:00,8.3,12.86,6.38,77.7,,,
1392,10/07/2021 04:45:00,8.03,12.78,6.18,75,,,
1393,10/07/2021 05:00:00,8.07,12.66,6.2,75.2,,,
1394,10/07/2021 05:15:00,8.2,12.54,6.3,76.2,,,
1395,10/07/2021 05:30:00,8.11,12.44,6.23,75.2,,,
1396,10/07/2021 05:45:00,8.31,12.32,6.38,76.8,,,
1397,10/07/2021 06:00:00,8.33,12.22,6.4,76.9,,,
1398,10/07/2021 06:15:00,8.28,12.2,6.36,76.4,,,
1399,10/07/2021 06:30:00,8.62,12.12,6.62,79.4,,,
1400,10/07/2021 06:45:00,9.06,12.12,6.96,83.4,,,
1401,10/07/2021 07:00:00,9.51,12.04,7.3,87.4,,,
1402,10/07/2021 07:15:00,9.85,12.02,7.56,90.5,,,
1403,10/07/2021 07:30:00,10.31,11.94,7.91,94.5,,,
1404,10/07/2021 07:45:00,10.6,11.82,8.14,96.9,,,
1405,10/07/2021 08:00:00,11.21,11.62,8.6,102,,,
1406,10/07/2021 08:15:00,11.7,11.56,8.97,106.3,,,
1407,10/07/2021 08:30:00,12.09,11.56,9.27,109.9,,,
1408,10/07/2021 08:45:00,12.81,11.64,9.83,116.6,,,
1409,10/07/2021 09:00:00,13.17,11.78,10.11,120.3,,,
1410,10/07/2021 09:15:00,13.66,11.92,10.49,125.2,,,
1411,10/07/2021 09:30:00,14.04,12.08,10.78,129.1,,,
1412,10/07/2021 09:45:00,13.74,12.24,10.55,126.8,,,
1413,10/07/2021 10:00:00,14.74,12.44,11.33,136.7,,,
1414,10/07/2021 10:15:00,14.94,12.62,11.49,139.1,,,
1415,10/07/2021 10:30:00,15.74,12.82,12.11,147.2,,,
1416,10/07/2021 10:45:00,15.39,13.02,11.84,144.6,,,
1417,10/07/2021 11:00:00,15.74,13.22,12.12,148.5,,,
1418,10/07/2021 11:15:00,16.02,13.44,12.34,151.9,,,
1419,10/07/2021 11:30:00,14.96,13.62,11.53,142.4,,,
1420,10/07/2021 11:45:00,14.67,13.74,11.31,140,,,
1421,10/07/2021 12:00:00,15.28,13.92,11.78,146.4,,,
1422,10/07/2021 12:15:00,15.47,14.14,11.93,149,,,
1423,10/07/2021 12:30:00,15.81,14.32,12.2,152.8,,,
1424,10/07/2021 12:45:00,15.8,14.48,12.2,153.3,,,
1425,10/07/2021 13:00:00,15.89,14.7,12.27,154.9,,,
1426,10/07/2021 13:15:00,15.59,14.86,12.04,152.5,,,
1427,10/07/2021 13:30:00,16.02,15.1,12.38,157.5,,,
1428,10/07/2021 13:45:00,16.82,15.34,13.01,166.2,,,
1429,10/07/2021 14:00:00,17.56,15.54,13.58,174.3,,,
1430,10/07/2021 14:15:00,17.74,15.7,13.73,176.7,,,
1431,10/07/2021 14:30:00,18.15,15.84,14.05,181.3,,,
1432,10/07/2021 14:45:00,18.67,15.98,14.46,187.1,,,
1433,10/07/2021 15:00:00,18.7,16.06,14.48,187.7,,,
1434,10/07/2021 15:15:00,19.03,16.18,14.74,191.5,,,
1435,10/07/2021 15:30:00,19.32,16.32,14.97,195,,,
1436,10/07/2021 15:45:00,19.53,16.44,15.14,197.6,,,
1437,10/07/2021 16:00:00,17.86,16.52,13.84,181,,,
1438,10/07/2021 16:15:00,18.11,16.56,14.04,183.7,,,
1439,10/07/2021 16:30:00,18.71,16.62,14.51,190,,,
1440,10/07/2021 16:45:00,17.88,16.64,13.86,181.7,,,
1441,10/07/2021 17:00:00,17.59,16.64,13.64,178.7,,,
1442,10/07/2021 17:15:00,16.81,16.62,13.03,170.7,,,
1443,10/07/2021 17:30:00,16.97,16.6,13.16,172.3,,,
1444,10/07/2021 17:45:00,16.8,16.56,13.02,170.4,,,
1445,10/07/2021 18:00:00,17.35,16.54,13.45,175.9,,,
1446,10/07/2021 18:15:00,16.76,16.52,12.99,169.8,,,
1447,10/07/2021 18:30:00,16.03,16.48,12.42,162.3,,,
1448,10/07/2021 18:45:00,14.67,16.44,11.37,148.4,,,
1449,10/07/2021 19:00:00,12.72,16.38,9.86,128.5,,,
1450,10/07/2021 19:15:00,11.46,16.28,8.88,115.5,,,
1451,10/07/2021 19:30:00,12.14,16.22,9.4,122.3,,,
1452,10/07/2021 19:45:00,13.85,16.14,10.73,139.2,,,
1453,10/07/2021 20:00:00,13.11,16.06,10.15,131.6,,,
1454,10/07/2021 20:15:00,13.44,16,10.41,134.7,,,
1455,10/07/2021 20:30:00,13.64,15.94,10.56,136.5,,,
1456,10/07/2021 20:45:00,13.2,15.9,10.22,132,,,
1457,10/07/2021 21:00:00,13.28,15.86,10.28,132.7,,,
1458,10/07/2021 21:15:00,13.44,15.8,10.4,134.1,,,
1459,10/07/2021 21:30:00,13.19,15.76,10.21,131.5,,,
1460,10/07/2021 21:45:00,12.41,15.7,9.6,123.6,,,
1461,10/07/2021 22:00:00,11.99,15.62,9.28,119.2,,,
1462,10/07/2021 22:15:00,11.67,15.52,9.03,115.8,,,
1463,10/07/2021 22:30:00,11.59,15.42,8.96,114.7,,,
1464,10/07/2021 22:45:00,9.84,15.32,7.61,97.2,,,
1465,10/07/2021 23:00:00,8.49,15.2,6.56,83.7,,,
1466,10/07/2021 23:15:00,8.05,15.1,6.22,79.1,,,
1467,10/07/2021 23:30:00,7.14,15.02,5.52,70.1,,,
1468,10/07/2021 23:45:00,6.58,14.96,5.08,64.5,,,
1469,10/08/2021 00:00:00,6.25,14.94,4.83,61.2,,,
1470,10/08/2021 00:15:00,8.02,14.94,6.2,78.6,,,
1471,10/08/2021 00:30:00,8.63,14.92,6.67,84.5,,,
1472,10/08/2021 00:45:00,7.73,14.86,5.97,75.6,,,
1473,10/08/2021 01:00:00,9.27,14.84,7.16,90.6,,,
1474,10/08/2021 01:15:00,10.13,14.8,7.82,99,,,
1475,10/08/2021 01:30:00,10.51,14.74,8.12,102.5,,,
1476,10/08/2021 01:45:00,10.34,14.64,7.98,100.7,,,
1477,10/08/2021 02:00:00,10.52,14.54,8.12,102.2,,,
1478,10/08/2021 02:15:00,10.6,14.46,8.18,102.8,,,
1479,10/08/2021 02:30:00,10.54,14.4,8.13,102.1,,,
1480,10/08/2021 02:45:00,10.33,14.34,7.97,99.9,,,
1481,10/08/2021 03:00:00,10.02,14.26,7.73,96.7,,,
1482,10/08/2021 03:15:00,9.08,14.2,7,87.6,,,
1483,10/08/2021 03:30:00,8.18,14.14,6.31,78.8,,,
1484,10/08/2021 03:45:00,6.8,14.06,5.24,65.4,,,
1485,10/08/2021 04:00:00,6.55,14.04,5.05,62.9,,,
1486,10/08/2021 04:15:00,7.82,14,6.03,75.1,,,
1487,10/08/2021 04:30:00,9.51,13.98,7.33,91.3,,,
1488,10/08/2021 04:45:00,10.51,13.94,8.1,100.8,,,
1489,10/08/2021 05:00:00,11.23,13.92,8.66,107.6,,,
1490,10/08/2021 05:15:00,11.69,13.86,9.01,111.9,,,
1491,10/08/2021 05:30:00,11.82,13.82,9.11,113,,,
1492,10/08/2021 05:45:00,11.54,13.76,8.89,110.2,,,
1493,10/08/2021 06:00:00,11.11,13.7,8.56,106,,,
1494,10/08/2021 06:15:00,10.93,13.64,8.42,104.1,,,
1495,10/08/2021 06:30:00,11.52,13.6,8.88,109.6,,,
1496,10/08/2021 06:45:00,12.34,13.56,9.51,117.3,,,
1497,10/08/2021 07:00:00,12.33,13.56,9.5,117.2,,,
1498,10/08/2021 07:15:00,12.59,13.54,9.7,119.6,,,
1499,10/08/2021 07:30:00,13.36,13.52,10.29,126.9,,,
1500,10/08/2021 07:45:00,13.8,13.52,10.63,131.1,,,
1501,10/08/2021 08:00:00,13.83,13.52,10.65,131.4,,,
1502,10/08/2021 08:15:00,16.69,13.42,12.85,158.2,,,
1503,10/08/2021 08:30:00,17.64,13.38,13.58,167,,,
1504,10/08/2021 08:45:00,16.93,13.38,13.04,160.3,,,
1505,10/08/2021 09:00:00,16.64,13.46,12.82,157.9,,,
1506,10/08/2021 09:15:00,15.56,13.56,11.99,147.9,,,
1507,10/08/2021 09:30:00,15.64,13.68,12.05,149.1,,,
1508,10/08/2021 09:45:00,15.9,13.82,12.26,152,,,
1509,10/08/2021 10:00:00,15.9,13.96,12.26,152.5,,,
1510,10/08/2021 10:15:00,16.05,14.14,12.38,154.6,,,
1511,10/08/2021 10:30:00,16.81,14.36,12.97,162.7,,,
1512,10/08/2021 10:45:00,17.19,14.62,13.27,167.3,,,
1513,10/08/2021 11:00:00,16.81,14.86,12.99,164.4,,,
1514,10/08/2021 11:15:00,17.07,15.08,13.19,167.8,,,
1515,10/08/2021 11:30:00,17.44,15.36,13.49,172.4,,,
1516,10/08/2021 11:45:00,17.91,15.62,13.86,178.1,,,
1517,10/08/2021 12:00:00,18.28,15.9,14.15,182.8,,,
1518,10/08/2021 12:15:00,18.19,16.14,14.09,182.9,,,
1519,10/08/2021 12:30:00,18.6,16.4,14.41,188,,,
1520,10/08/2021 12:45:00,18.56,16.62,14.39,188.5,,,
1521,10/08/2021 13:00:00,18.39,16.74,14.26,187.2,,,
1522,10/08/2021 13:15:00,18.8,16.98,14.59,192.4,,,
1523,10/08/2021 13:30:00,18.62,17.16,14.45,191.2,,,
1524,10/08/2021 13:45:00,19.06,17.36,14.8,196.6,,,
1525,10/08/2021 14:00:00,18.71,17.56,14.53,193.8,,,
1526,10/08/2021 14:15:00,18.64,17.76,14.48,193.8,,,
1527,10/08/2021 14:30:00,18.45,17.94,14.34,192.6,,,
1528,10/08/2021 14:45:00,17.7,18.1,13.76,185.3,,,
1529,10/08/2021 15:00:00,18.12,18.22,14.09,190.2,,,
1530,10/08/2021 15:15:00,19.09,18.36,14.85,201,,,
1531,10/08/2021 15:30:00,19.47,18.5,15.15,205.6,,,
1532,10/08/2021 15:45:00,19.88,18.6,15.47,210.3,,,
1533,10/08/2021 16:00:00,19.03,18.68,14.81,201.6,,,
1534,10/08/2021 16:15:00,18.46,18.7,14.37,195.7,,,
1535,10/08/2021 16:30:00,18.19,18.66,14.16,192.7,,,
1536,10/08/2021 16:45:00,17.83,18.66,13.88,188.9,,,
1537,10/08/2021 17:00:00,17.41,18.62,13.55,184.3,,,
1538,10/08/2021 17:15:00,16.84,18.58,13.11,178.1,,,
1539,10/08/2021 17:30:00,16.57,18.52,12.89,175,,,
1540,10/08/2021 17:45:00,16.62,18.44,12.93,175.3,,,
1541,10/08/2021 18:00:00,16.61,18.38,12.92,174.9,,,
1542,10/08/2021 18:15:00,16.1,18.3,12.52,169.3,,,
1543,10/08/2021 18:30:00,14.13,18.22,10.99,148.3,,,
1544,10/08/2021 18:45:00,13.15,18.14,10.23,137.8,,,
1545,10/08/2021 19:00:00,13.2,18.1,10.26,138.2,,,
1546,10/08/2021 19:15:00,13.07,18.06,10.16,136.8,,,
1547,10/08/2021 19:30:00,13.32,18.02,10.36,139.3,,,
1548,10/08/2021 19:45:00,12.69,17.96,9.86,132.5,,,
1549,10/08/2021 20:00:00,11.27,17.9,8.76,117.5,,,
1550,10/08/2021 20:15:00,10.55,17.86,8.2,109.9,,,
1551,10/08/2021 20:30:00,10.6,17.8,8.24,110.3,,,
1552,10/08/2021 20:45:00,10.7,17.74,8.31,111.2,,,
1553,10/08/2021 21:00:00,11.29,17.68,8.77,117.2,,,
1554,10/08/2021 21:15:00,9.67,17.62,7.51,100.3,,,
1555,10/08/2021 21:30:00,9.64,17.56,7.49,99.8,,,
1556,10/08/2021 21:45:00,9.01,17.5,7,93.2,,,
1557,10/08/2021 22:00:00,8.07,17.42,6.27,83.3,,,
1558,10/08/2021 22:15:00,8.11,17.34,6.3,83.6,,,
1559,10/08/2021 22:30:00,9.1,17.26,7.06,93.7,,,
1560,10/08/2021 22:45:00,10.07,17.2,7.82,103.5,,,
1561,10/08/2021 23:00:00,10.6,17.14,8.23,108.8,,,
1562,10/08/2021 23:15:00,10.48,17.1,8.13,107.5,,,
1563,10/08/2021 23:30:00,10.68,17.06,8.29,109.5,,,
1564,10/08/2021 23:45:00,10.78,17,8.36,110.3,,,
1565,10/09/2021 00:00:00,9.69,16.96,7.52,99.1,,,
1566,10/09/2021 00:15:00,9.55,16.9,7.41,97.6,,,
1567,10/09/2021 00:30:00,9.16,16.86,7.11,93.5,,,
1568,10/09/2021 00:45:00,9.3,16.8,7.21,94.8,,,
1569,10/09/2021 01:00:00,8.77,16.74,6.8,89.3,,,
1570,10/09/2021 01:15:00,8.43,16.68,6.54,85.7,,,
1571,10/09/2021 01:30:00,8.68,16.62,6.73,88.1,,,
1572,10/09/2021 01:45:00,8.41,16.56,6.52,85.3,,,
1573,10/09/2021 02:00:00,8.24,16.5,6.39,83.5,,,
1574,10/09/2021 02:15:00,8,16.44,6.2,80.9,,,
1575,10/09/2021 02:30:00,7.96,16.4,6.17,80.5,,,
1576,10/09/2021 02:45:00,7.72,16.36,5.98,78,,,
1577,10/09/2021 03:00:00,7.64,16.32,5.92,77.1,,,
1578,10/09/2021 03:15:00,7.43,16.26,5.76,74.9,,,
1579,10/09/2021 03:30:00,7.37,16.22,5.71,74.2,,,
1580,10/09/2021 03:45:00,7.54,16.16,5.84,75.8,,,
1581,10/09/2021 04:00:00,7.57,16.08,5.86,76,,,
1582,10/09/2021 04:15:00,7.41,16.04,5.74,74.3,,,
1583,10/09/2021 04:30:00,7.1,15.98,5.5,71.1,,,
1584,10/09/2021 04:45:00,6.88,15.96,5.33,68.9,,,
1585,10/09/2021 05:00:00,6.98,15.94,5.4,69.9,,,
1586,10/09/2021 05:15:00,6.96,15.9,5.39,69.6,,,
1587,10/09/2021 05:30:00,6.84,15.88,5.3,68.4,,,
1588,10/09/2021 05:45:00,6.63,15.86,5.13,66.3,,,
1589,10/09/2021 06:00:00,6.83,15.84,5.29,68.2,,,
1590,10/09/2021 06:15:00,6.85,15.82,5.3,68.4,,,
1591,10/09/2021 06:30:00,7.05,15.82,5.46,70.4,,,
1592,10/09/2021 06:45:00,6.59,15.82,5.1,65.8,,,
1593,10/09/2021 07:00:00,6.95,15.82,5.38,69.4,,,
1594,10/09/2021 07:15:00,7.56,15.84,5.85,75.5,,,
1595,10/09/2021 07:30:00,7.55,15.86,5.84,75.5,,,
1596,10/09/2021 07:45:00,8.26,15.88,6.39,82.6,,,
1597,10/09/2021 08:00:00,8.59,15.88,6.65,85.9,,,
1598,10/09/2021 08:15:00,9.73,15.92,7.53,97.4,,,
1599,10/09/2021 08:30:00,13.67,16,10.58,137,,,
1600,10/09/2021 08:45:00,17.66,16.08,13.68,177.3,,,
1601,10/09/2021 09:00:00,14.6,16.16,11.31,146.8,,,
1602,10/09/2021 09:15:00,14.85,16.26,11.5,149.7,,,
1603,10/09/2021 09:30:00,16.96,16.38,13.14,171.4,,,
1604,10/09/2021 09:45:00,20.08,16.48,15.56,203.3,,,
1605,10/09/2021 10:00:00,17.99,16.62,13.95,182.7,,,
1606,10/09/2021 10:15:00,18.84,16.76,14.61,191.9,,,
1607,10/09/2021 10:30:00,21.37,16.96,16.58,218.6,,,
1608,10/09/2021 10:45:00,20.81,17.18,16.15,213.8,,,
1609,10/09/2021 11:00:00,19.74,17.4,15.33,203.8,,,
1610,10/09/2021 11:15:00,18.02,17.58,14,186.7,,,
1611,10/09/2021 11:30:00,18.28,17.78,14.2,190.2,,,
1612,10/09/2021 11:45:00,18.04,17.92,14.02,188.2,,,
1613,10/09/2021 12:00:00,17.52,18.1,13.62,183.5,,,
1614,10/09/2021 12:15:00,17.98,18.44,13.99,189.6,,,
1615,10/09/2021 12:30:00,17.86,18.68,13.9,189.2,,,
1616,10/09/2021 12:45:00,17.36,18.58,13.51,183.6,,,
1617,10/09/2021 13:00:00,16.35,18.44,12.72,172.4,,,
1618,10/09/2021 13:15:00,15.94,18.38,12.4,167.9,,,
1619,10/09/2021 13:30:00,15.7,18.38,12.21,165.3,,,
1620,10/09/2021 13:45:00,16.04,18.3,12.48,168.7,,,
1621,10/09/2021 14:00:00,16.18,18.28,12.59,170.1,,,
1622,10/09/2021 14:15:00,16.07,18.34,12.5,169.1,,,
1623,10/09/2021 14:30:00,15.97,18.32,12.42,168,,,
1624,10/09/2021 14:45:00,15.9,18.28,12.37,167.1,,,
1625,10/09/2021 15:00:00,13.1,18.28,10.19,137.7,,,
1626,10/09/2021 15:15:00,13.43,18.3,10.45,141.2,,,
1627,10/09/2021 15:30:00,12.48,18.3,9.71,131.2,,,
1628,10/09/2021 15:45:00,12.84,18.32,9.99,135.1,,,
1629,10/09/2021 16:00:00,12.13,18.34,9.44,127.6,,,
1630,10/09/2021 16:15:00,15.28,18.38,11.89,160.9,,,
1631,10/09/2021 16:30:00,17.98,18.36,13.99,189.3,,,
1632,10/09/2021 16:45:00,17.57,18.3,13.67,184.7,,,
1633,10/09/2021 17:00:00,16.41,18.24,12.76,172.3,,,
1634,10/09/2021 17:15:00,15.46,18.2,12.02,162.2,,,
1635,10/09/2021 17:30:00,13.85,18.14,10.77,145.2,,,
1636,10/09/2021 17:45:00,12.96,18.1,10.08,135.7,,,
1637,10/09/2021 18:00:00,12.73,18.04,9.9,133.1,,,
1638,10/09/2021 18:15:00,12.5,17.98,9.72,130.6,,,
1639,10/09/2021 18:30:00,11.65,17.92,9.06,121.5,,,
1640,10/09/2021 18:45:00,11.58,17.84,9,120.6,,,
1641,10/09/2021 19:00:00,11.8,17.78,9.17,122.8,,,
1642,10/09/2021 19:15:00,11.54,17.7,8.97,119.9,,,
1643,10/09/2021 19:30:00,11.18,17.62,8.68,115.9,,,
1644,10/09/2021 19:45:00,10.72,17.54,8.33,111,,,
1645,10/09/2021 20:00:00,10.5,17.46,8.15,108.5,,,
1646,10/09/2021 20:15:00,10.09,17.38,7.83,104.1,,,
1647,10/09/2021 20:30:00,9.61,17.3,7.46,99,,,
1648,10/09/2021 20:45:00,9.17,17.22,7.12,94.3,,,
1649,10/09/2021 21:00:00,8.8,17.14,6.83,90.3,,,
1650,10/09/2021 21:15:00,9.5,17.08,7.37,97.4,,,
1651,10/09/2021 21:30:00,10.15,17.02,7.88,103.9,,,
1652,10/09/2021 21:45:00,9.98,16.94,7.74,102,,,
1653,10/09/2021 22:00:00,9.44,16.88,7.32,96.4,,,
1654,10/09/2021 22:15:00,8.85,16.8,6.86,90.2,,,
1655,10/09/2021 22:30:00,9.24,16.74,7.17,94.1,,,
1656,10/09/2021 22:45:00,9.34,16.68,7.24,95,,,
1657,10/09/2021 23:00:00,9.81,16.6,7.61,99.6,,,
1658,10/09/2021 23:15:00,9.57,16.54,7.42,97,,,
1659,10/09/2021 23:30:00,9.51,16.46,7.37,96.3,,,
1660,10/09/2021 23:45:00,9.76,16.38,7.56,98.6,,,
1661,10/10/2021 00:00:00,9.39,16.3,7.28,94.7,,,
1662,10/10/2021 00:15:00,9.33,16.22,7.23,94,,,
1663,10/10/2021 00:30:00,9.44,16.14,7.31,94.9,,,
1664,10/10/2021 00:45:00,9.4,16.06,7.28,94.3,,,
1665,10/10/2021 01:00:00,9.24,15.98,7.15,92.6,,,
1666,10/10/2021 01:15:00,8.6,15.88,6.66,86,,,
1667,10/10/2021 01:30:00,7.59,15.8,5.87,75.8,,,
1668,10/10/2021 01:45:00,6.18,15.72,4.78,61.6,,,
1669,10/10/2021 02:00:00,5.43,15.66,4.2,54,,,
1670,10/10/2021 02:15:00,5.84,15.58,4.52,58,,,
1671,10/10/2021 02:30:00,6.56,15.52,5.07,65.1,,,
1672,10/10/2021 02:45:00,6.82,15.44,5.27,67.5,,,
1673,10/10/2021 03:00:00,7.14,15.38,5.52,70.6,,,
1674,10/10/2021 03:15:00,6.92,15.32,5.35,68.4,,,
1675,10/10/2021 03:30:00,6.03,15.28,4.66,59.5,,,
1676,10/10/2021 03:45:00,6.55,15.22,5.06,64.6,,,
1677,10/10/2021 04:00:00,6.72,15.16,5.19,66.2,,,
1678,10/10/2021 04:15:00,6.31,15.1,4.88,62,,,
1679,10/10/2021 04:30:00,6.34,15.04,4.9,62.3,,,
1680,10/10/2021 04:45:00,6.76,14.98,5.22,66.3,,,
1681,10/10/2021 05:00:00,6.69,14.9,5.17,65.5,,,
1682,10/10/2021 05:15:00,6.67,14.84,5.15,65.2,,,
1683,10/10/2021 05:30:00,6.32,14.76,4.88,61.7,,,
1684,10/10/2021 05:45:00,5.76,14.7,4.45,56.1,,,
1685,10/10/2021 06:00:00,5.77,14.64,4.46,56.2,,,
1686,10/10/2021 06:15:00,5.61,14.6,4.33,54.6,,,
1687,10/10/2021 06:30:00,5.49,14.56,4.24,53.4,,,
1688,10/10/2021 06:45:00,5.57,14.52,4.3,54.1,,,
1689,10/10/2021 07:00:00,5.77,14.5,4.45,56,,,
1690,10/10/2021 07:15:00,6.9,14.48,5.33,66.9,,,
1691,10/10/2021 07:30:00,8.6,14.44,6.64,83.4,,,
1692,10/10/2021 07:45:00,10.62,14.42,8.2,102.9,,,
1693,10/10/2021 08:00:00,11.11,14.44,8.57,107.7,,,
1694,10/10/2021 08:15:00,12.1,14.46,9.34,117.3,,,
1695,10/10/2021 08:30:00,13.48,14.5,10.41,130.8,,,
1696,10/10/2021 08:45:00,14.28,14.56,11.02,138.8,,,
1697,10/10/2021 09:00:00,17.56,14.64,13.56,170.9,,,
1698,10/10/2021 09:15:00,23.42,14.72,18.09,228.4,,,
1699,10/10/2021 09:30:00,20.05,14.8,15.49,195.9,,,
1700,10/10/2021 09:45:00,19.77,14.84,15.27,193.3,,,
1701,10/10/2021 10:00:00,17.98,14.9,13.89,176,,,
1702,10/10/2021 10:15:00,17.46,15,13.49,171.3,,,
1703,10/10/2021 10:30:00,16.5,15.1,12.75,162.2,,,
1704,10/10/2021 10:45:00,15.32,15.24,11.84,151.1,,,
1705,10/10/2021 11:00:00,16.29,15.44,12.6,161.3,,,
1706,10/10/2021 11:15:00,16.61,15.56,12.85,164.9,,,
1707,10/10/2021 11:30:00,18.75,15.58,14.51,186.3,,,
1708,10/10/2021 11:45:00,16.57,15.8,12.83,165.4,,,
1709,10/10/2021 12:00:00,16.57,16.08,12.83,166.4,,,
1710,10/10/2021 12:15:00,16.36,16.34,12.68,165.2,,,
1711,10/10/2021 12:30:00,18.1,16.56,14.03,183.6,,,
1712,10/10/2021 12:45:00,22.14,16.78,17.17,225.6,,,
1713,10/10/2021 13:00:00,20.94,16.98,16.25,214.3,,,
1714,10/10/2021 13:15:00,19.75,17.16,15.33,202.8,,,
1715,10/10/2021 13:30:00,20.22,17.3,15.7,208.3,,,
1716,10/10/2021 13:45:00,22.7,17.3,17.62,233.8,,,
1717,10/10/2021 14:00:00,19.19,17.42,14.9,198.2,,,
1718,10/10/2021 14:15:00,21.46,17.56,16.67,222.2,,,
1719,10/10/2021 14:30:00,21.86,17.68,16.98,226.9,,,
1720,10/10/2021 14:45:00,21.45,17.72,16.67,222.9,,,
1721,10/10/2021 15:00:00,20.39,17.76,15.84,212,,,
1722,10/10/2021 15:15:00,20.71,17.8,16.09,215.5,,,
1723,10/10/2021 15:30:00,20.35,17.78,15.81,211.7,,,
1724,10/10/2021 15:45:00,20.09,17.76,15.61,208.9,,,
1725,10/10/2021 16:00:00,19.01,17.74,14.77,197.6,,,
1726,10/10/2021 16:15:00,16.55,17.72,12.86,172,,,
1727,10/10/2021 16:30:00,17.53,17.7,13.62,182.1,,,
1728,10/10/2021 16:45:00,18.59,17.66,14.44,192.9,,,
1729,10/10/2021 17:00:00,17.33,17.6,13.46,179.6,,,
1730,10/10/2021 17:15:00,17.75,17.54,13.79,183.7,,,
1731,10/10/2021 17:30:00,16.65,17.48,12.93,172.1,,,
1732,10/10/2021 17:45:00,17.38,17.4,13.5,179.4,,,
1733,10/10/2021 18:00:00,16.87,17.32,13.1,173.8,,,
1734,10/10/2021 18:15:00,16.21,17.24,12.58,166.8,,,
1735,10/10/2021 18:30:00,16.32,17.14,12.67,167.5,,,
1736,10/10/2021 18:45:00,15.6,17.04,12.1,159.8,,,
1737,10/10/2021 19:00:00,15.21,16.96,11.8,155.6,,,
1738,10/10/2021 19:15:00,14.77,16.86,11.46,150.7,,,
1739,10/10/2021 19:30:00,14.34,16.76,11.12,146.1,,,
1740,10/10/2021 19:45:00,13.94,16.64,10.81,141.6,,,
1741,10/10/2021 20:00:00,13.69,16.54,10.61,138.8,,,
1742,10/10/2021 20:15:00,13.68,16.44,10.6,138.4,,,
1743,10/10/2021 20:30:00,13.28,16.34,10.29,134.1,,,
1744,10/10/2021 20:45:00,13.01,16.26,10.08,131.1,,,
1745,10/10/2021 21:00:00,12.72,16.18,9.85,128,,,
1746,10/10/2021 21:15:00,12.51,16.08,9.69,125.6,,,
1747,10/10/2021 21:30:00,11.81,15.98,9.14,118.3,,,
1748,10/10/2021 21:45:00,11.7,15.88,9.06,117,,,
1749,10/10/2021 22:00:00,11.5,15.8,8.9,114.8,,,
1750,10/10/2021 22:15:00,11.46,15.7,8.87,114.1,,,
1751,10/10/2021 22:30:00,11.56,15.62,8.94,114.9,,,
1752,10/10/2021 22:45:00,11.3,15.54,8.74,112.2,,,
1753,10/10/2021 23:00:00,11.21,15.46,8.67,111.1,,,
1754,10/10/2021 23:15:00,10.76,15.4,8.32,106.5,,,
1755,10/10/2021 23:30:00,10.7,15.32,8.27,105.7,,,
1756,10/10/2021 23:45:00,10.79,15.26,8.34,106.5,,,
1757,10/11/2021 00:00:00,10.28,15.16,7.95,101.2,,,
1758,10/11/2021 00:15:00,10.34,15.06,7.99,101.6,,,
1759,10/11/2021 00:30:00,10.26,14.98,7.93,100.6,,,
1760,10/11/2021 00:45:00,9.9,14.9,7.65,96.9,,,
1761,10/11/2021 01:00:00,9.8,14.8,7.57,95.7,,,
1762,10/11/2021 01:15:00,9.63,14.72,7.44,93.9,,,
1763,10/11/2021 01:30:00,9.59,14.64,7.4,93.4,,,
1764,10/11/2021 01:45:00,9.23,14.56,7.13,89.7,,,
1765,10/11/2021 02:00:00,9.08,14.48,7.01,88.1,,,
1766,10/11/2021 02:15:00,8.85,14.42,6.83,85.7,,,
1767,10/11/2021 02:30:00,8.58,14.38,6.62,83.1,,,
1768,10/11/2021 02:45:00,8.41,14.34,6.49,81.3,,,
1769,10/11/2021 03:00:00,8.25,14.32,6.37,79.8,,,
1770,10/11/2021 03:15:00,7.98,14.3,6.16,77.1,,,
1771,10/11/2021 03:30:00,7.77,14.3,6,75.1,,,
1772,10/11/2021 03:45:00,7.68,14.28,5.93,74.2,,,
1773,10/11/2021 04:00:00,7.66,14.28,5.91,74,,,
1774,10/11/2021 04:15:00,7.15,14.26,5.52,69,,,
1775,10/11/2021 04:30:00,7.29,14.24,5.62,70.4,,,
1776,10/11/2021 04:45:00,7.2,14.22,5.55,69.5,,,
1777,10/11/2021 05:00:00,7.46,14.16,5.75,71.9,,,
1778,10/11/2021 05:15:00,7.3,14.08,5.63,70.2,,,
1779,10/11/2021 05:30:00,7.24,14.02,5.58,69.5,,,
1780,10/11/2021 05:45:00,7.05,13.94,5.44,67.6,,,
1781,10/11/2021 06:00:00,6.98,13.88,5.38,66.8,,,
1782,10/11/2021 06:15:00,6.96,13.82,5.36,66.6,,,
1783,10/11/2021 06:30:00,6.97,13.76,5.37,66.6,,,
1784,10/11/2021 06:45:00,6.79,13.74,5.23,64.8,,,
1785,10/11/2021 07:00:00,6.75,13.72,5.2,64.4,,,
1786,10/11/2021 07:15:00,7,13.7,5.39,66.8,,,
1787,10/11/2021 07:30:00,7.23,13.72,5.57,69,,,
1788,10/11/2021 07:45:00,7.61,13.76,5.87,72.7,,,
1789,10/11/2021 08:00:00,8.09,13.82,6.24,77.4,,,
1790,10/11/2021 08:15:00,8.91,13.88,6.87,85.3,,,
1791,10/11/2021 08:30:00,9.28,13.98,7.16,89,,,
1792,10/11/2021 08:45:00,10.88,14.1,8.39,104.7,,,
1793,10/11/2021 09:00:00,15.57,14.22,12.01,150.2,,,
1794,10/11/2021 09:15:00,20.13,14.36,15.53,194.8,,,
1795,10/11/2021 09:30:00,21.56,14.52,16.64,209.3,,,
1796,10/11/2021 09:45:00,23.52,14.7,18.16,229.3,,,
1797,10/11/2021 10:00:00,24.21,14.9,18.7,237,,,
1798,10/11/2021 10:15:00,24.74,15.08,19.12,243.1,,,
1799,10/11/2021 10:30:00,28.76,15.28,22.24,283.9,,,
1800,10/11/2021 10:45:00,27.81,15.48,21.51,275.7,,,
1801,10/11/2021 11:00:00,28.52,15.72,22.07,284.2,,,
1802,10/11/2021 11:15:00,28.34,15.94,21.94,283.7,,,
1803,10/11/2021 11:30:00,26.49,16.1,20.52,266.1,,,
1804,10/11/2021 11:45:00,26.68,16.24,20.67,268.8,,,
1805,10/11/2021 12:00:00,21.86,16.38,16.94,220.9,,,
1806,10/11/2021 12:15:00,21.15,16.58,16.4,214.6,,,
1807,10/11/2021 12:30:00,21.5,16.78,16.67,219.1,,,
1808,10/11/2021 12:45:00,20.42,16.98,15.84,208.9,,,
1809,10/11/2021 13:00:00,22.01,17.16,17.08,226.1,,,
1810,10/11/2021 13:15:00,23.32,17.32,18.1,240.3,,,
1811,10/11/2021 13:30:00,23.49,17.46,18.24,242.8,,,
1812,10/11/2021 13:45:00,23.06,17.62,17.91,239.1,,,
1813,10/11/2021 14:00:00,22.45,17.74,17.44,233.4,,,
1814,10/11/2021 14:15:00,23.43,17.86,18.21,244.1,,,
1815,10/11/2021 14:30:00,22.48,17.94,17.47,234.6,,,
1816,10/11/2021 14:45:00,21.81,18,16.96,227.9,,,
1817,10/11/2021 15:00:00,20.48,18.04,15.92,214.2,,,
1818,10/11/2021 15:15:00,20.52,18.06,15.95,214.7,,,
1819,10/11/2021 15:30:00,20.77,18.06,16.15,217.3,,,
1820,10/11/2021 15:45:00,19.87,18.06,15.45,207.9,,,
1821,10/11/2021 16:00:00,18.89,18.04,14.69,197.6,,,
1822,10/11/2021 16:15:00,18.79,18.02,14.61,196.4,,,
1823,10/11/2021 16:30:00,18.7,17.98,14.54,195.3,,,
1824,10/11/2021 16:45:00,18.75,17.94,14.57,195.7,,,
1825,10/11/2021 17:00:00,17.99,17.9,13.98,187.6,,,
1826,10/11/2021 17:15:00,17.21,17.82,13.37,179.2,,,
1827,10/11/2021 17:30:00,16.64,17.76,12.93,173,,,
1828,10/11/2021 17:45:00,16.29,17.68,12.66,169.1,,,
1829,10/11/2021 18:00:00,15.29,17.6,11.88,158.5,,,
1830,10/11/2021 18:15:00,14.83,17.5,11.52,153.4,,,
1831,10/11/2021 18:30:00,14.81,17.4,11.5,152.9,,,
1832,10/11/2021 18:45:00,13.86,17.3,10.76,142.8,,,
1833,10/11/2021 19:00:00,13.66,17.18,10.6,140.4,,,
1834,10/11/2021 19:15:00,13.18,17.06,10.23,135.1,,,
1835,10/11/2021 19:30:00,11.99,16.94,9.3,122.6,,,
1836,10/11/2021 19:45:00,13.67,16.84,10.6,139.5,,,
1837,10/11/2021 20:00:00,13.82,16.74,10.72,140.7,,,
1838,10/11/2021 20:15:00,13.05,16.64,10.12,132.6,,,
1839,10/11/2021 20:30:00,12.82,16.54,9.94,130,,,
1840,10/11/2021 20:45:00,12.34,16.46,9.56,124.9,,,
1841,10/11/2021 21:00:00,12.72,16.4,9.86,128.6,,,
1842,10/11/2021 21:15:00,12.7,16.32,9.84,128.2,,,
1843,10/11/2021 21:30:00,12.39,16.26,9.6,124.9,,,
1844,10/11/2021 21:45:00,12.16,16.2,9.42,122.4,,,
1845,10/11/2021 22:00:00,11.74,16.14,9.09,118,,,
1846,10/11/2021 22:15:00,11.71,16.08,9.07,117.6,,,
1847,10/11/2021 22:30:00,11.34,16.02,8.78,113.7,,,
1848,10/11/2021 22:45:00,11.49,15.96,8.9,115.1,,,
1849,10/11/2021 23:00:00,11.21,15.88,8.68,112.1,,,
1850,10/11/2021 23:15:00,11.18,15.82,8.65,111.6,,,
1851,10/11/2021 23:30:00,11.2,15.74,8.67,111.6,,,
1852,10/11/2021 23:45:00,10.7,15.66,8.28,106.5,,,
1853,10/12/2021 00:00:00,10.38,15.58,8.03,103.1,,,
1854,10/12/2021 00:15:00,10.28,15.52,7.95,102,,,
1855,10/12/2021 00:30:00,10.59,15.44,8.19,104.9,,,
1856,10/12/2021 00:45:00,10.58,15.38,8.18,104.7,,,
1857,10/12/2021 01:00:00,10.76,15.3,8.32,106.3,,,
1858,10/12/2021 01:15:00,10.5,15.22,8.12,103.5,,,
1859,10/12/2021 01:30:00,9.91,15.14,7.66,97.5,,,
1860,10/12/2021 01:45:00,9.4,15.06,7.26,92.3,,,
1861,10/12/2021 02:00:00,9.86,14.98,7.62,96.7,,,
1862,10/12/2021 02:15:00,10.15,14.9,7.84,99.4,,,
1863,10/12/2021 02:30:00,9.8,14.82,7.57,95.8,,,
1864,10/12/2021 02:45:00,9.83,14.74,7.59,95.9,,,
1865,10/12/2021 03:00:00,9.65,14.64,7.45,93.9,,,
1866,10/12/2021 03:15:00,9.92,14.54,7.66,96.4,,,
1867,10/12/2021 03:30:00,10.14,14.42,7.83,98.2,,,
1868,10/12/2021 03:45:00,9.5,14.32,7.33,91.8,,,
1869,10/12/2021 04:00:00,9.72,14.24,7.5,93.8,,,
1870,10/12/2021 04:15:00,8.99,14.16,6.93,86.6,,,
1871,10/12/2021 04:30:00,7.48,14.08,5.77,71.9,,,
1872,10/12/2021 04:45:00,6.91,14,5.33,66.3,,,
1873,10/12/2021 05:00:00,6.35,13.92,4.9,60.9,,,
1874,10/12/2021 05:15:00,6.79,13.84,5.23,65,,,
1875,10/12/2021 05:30:00,7.9,13.78,6.09,75.5,,,
1876,10/12/2021 05:45:00,7.62,13.72,5.87,72.7,,,
1877,10/12/2021 06:00:00,7.86,13.66,6.06,74.9,,,
1878,10/12/2021 06:15:00,8.41,13.6,6.48,80,,,
1879,10/12/2021 06:30:00,8.3,13.54,6.39,78.9,,,
1880,10/12/2021 06:45:00,8.86,13.5,6.82,84.1,,,
1881,10/12/2021 07:00:00,11.02,13.46,8.49,104.5,,,
1882,10/12/2021 07:15:00,13.68,13.46,10.54,129.8,,,
1883,10/12/2021 07:30:00,15.59,13.44,12.01,147.8,,,
1884,10/12/2021 07:45:00,15.38,13.44,11.85,145.8,,,
1885,10/12/2021 08:00:00,16.42,13.46,12.65,155.8,,,
1886,10/12/2021 08:15:00,16.84,13.48,12.97,159.8,,,
1887,10/12/2021 08:30:00,17.66,13.54,13.6,167.8,,,
1888,10/12/2021 08:45:00,19.24,13.6,14.82,183.1,,,
1889,10/12/2021 09:00:00,21.29,13.64,16.4,202.8,,,
1890,10/12/2021 09:15:00,21.15,13.68,16.3,201.6,,,
1891,10/12/2021 09:30:00,22.84,13.78,17.6,218.2,,,
1892,10/12/2021 09:45:00,21.81,13.9,16.81,208.9,,,
1893,10/12/2021 10:00:00,21.46,14.04,16.55,206.2,,,
1894,10/12/2021 10:15:00,20.05,14.18,15.47,193.2,,,
1895,10/12/2021 10:30:00,20.25,14.38,15.63,196,,,
1896,10/12/2021 10:45:00,21.16,14.64,16.34,206,,,
1897,10/12/2021 11:00:00,23.32,14.86,18.01,228.1,,,
1898,10/12/2021 11:15:00,23.01,15.12,17.78,226.3,,,
1899,10/12/2021 11:30:00,21.22,15.42,16.41,210.1,,,
1900,10/12/2021 11:45:00,20.67,15.6,15.99,205.4,,,
1901,10/12/2021 12:00:00,20.45,15.74,15.83,203.8,,,
1902,10/12/2021 12:15:00,19.36,15.86,14.99,193.5,,,
1903,10/12/2021 12:30:00,18.88,15.92,14.62,188.9,,,
1904,10/12/2021 12:45:00,18.28,15.98,14.15,183.1,,,
1905,10/12/2021 13:00:00,18.66,16.18,14.45,187.7,,,
1906,10/12/2021 13:15:00,20.1,16.4,15.58,203.2,,,
1907,10/12/2021 13:30:00,19.79,16.6,15.34,200.9,,,
1908,10/12/2021 13:45:00,20.58,16.78,15.96,209.7,,,
1909,10/12/2021 14:00:00,20.47,16.96,15.88,209.4,,,
1910,10/12/2021 14:15:00,19.57,17.12,15.19,200.8,,,
1911,10/12/2021 14:30:00,19.48,17.22,15.12,200.3,,,
1912,10/12/2021 14:45:00,18.8,17.3,14.6,193.6,,,
1913,10/12/2021 15:00:00,18.58,17.38,14.43,191.7,,,
1914,10/12/2021 15:15:00,18.58,17.42,14.43,191.9,,,
1915,10/12/2021 15:30:00,18.29,17.46,14.2,189,,,
1916,10/12/2021 15:45:00,18.98,17.48,14.74,196.2,,,
1917,10/12/2021 16:00:00,19.57,17.48,15.2,202.3,,,
1918,10/12/2021 16:15:00,19.53,17.48,15.17,201.9,,,
1919,10/12/2021 16:30:00,19.78,17.48,15.36,204.5,,,
1920,10/12/2021 16:45:00,20.02,17.46,15.55,206.9,,,
1921,10/12/2021 17:00:00,18.89,17.46,14.67,195.2,,,
1922,10/12/2021 17:15:00,19.24,17.42,14.94,198.7,,,
1923,10/12/2021 17:30:00,19.5,17.4,15.14,201.3,,,
1924,10/12/2021 17:45:00,20.07,17.36,15.58,207,,,
1925,10/12/2021 18:00:00,19.44,17.3,15.09,200.2,,,
1926,10/12/2021 18:15:00,18.59,17.26,14.43,191.3,,,
1927,10/12/2021 18:30:00,17.97,17.2,13.95,184.7,,,
1928,10/12/2021 18:45:00,17.91,17.16,13.9,183.9,,,
1929,10/12/2021 19:00:00,18.09,17.1,14.04,185.6,,,
1930,10/12/2021 19:15:00,18.16,17.04,14.09,186,,,
1931,10/12/2021 19:30:00,18.43,16.98,14.3,188.6,,,
1932,10/12/2021 19:45:00,18.02,16.92,13.98,184.2,,,
1933,10/12/2021 20:00:00,17.87,16.86,13.86,182.4,,,
1934,10/12/2021 20:15:00,17.95,16.78,13.92,182.9,,,
1935,10/12/2021 20:30:00,17.69,16.72,13.72,180,,,
1936,10/12/2021 20:45:00,16.95,16.64,13.14,172.2,,,
1937,10/12/2021 21:00:00,16.52,16.56,12.81,167.6,,,
1938,10/12/2021 21:15:00,16.57,16.48,12.84,167.8,,,
1939,10/12/2021 21:30:00,16.28,16.4,12.62,164.6,,,
1940,10/12/2021 21:45:00,16.23,16.34,12.58,163.9,,,
1941,10/12/2021 22:00:00,15.7,16.26,12.16,158.2,,,
1942,10/12/2021 22:15:00,15.41,16.2,11.94,155.1,,,
1943,10/12/2021 22:30:00,15.47,16.12,11.98,155.5,,,
1944,10/12/2021 22:45:00,15.1,16.06,11.69,151.5,,,
1945,10/12/2021 23:00:00,14.7,15.98,11.38,147.3,,,
1946,10/12/2021 23:15:00,13.89,15.92,10.75,139,,,
1947,10/12/2021 23:30:00,12.72,15.88,9.85,127.2,,,
1948,10/12/2021 23:45:00,13.54,15.88,10.48,135.4,,,
1949,10/13/21 12:00:00 AM,14.05,15.88,10.88,140.5,,,
1950,10/13/21 12:15:00 AM,14.65,15.84,11.34,146.3,,,
1951,10/13/21 12:30:00 AM,14.57,15.78,11.28,145.4,,,
1952,10/13/21 12:45:00 AM,14.5,15.74,11.22,144.5,,,
1953,10/13/21 01:00:00 AM,13.74,15.7,10.63,136.8,,,
1954,10/13/21 01:15:00 AM,13.97,15.62,10.81,138.9,,,
1955,10/13/21 01:30:00 AM,13.81,15.54,10.68,137.1,,,
1956,10/13/21 01:45:00 AM,13.42,15.46,10.38,133,,,
1957,10/13/21 02:00:00 AM,13.19,15.34,10.2,130.4,,,
1958,10/13/21 02:15:00 AM,12.95,15.24,10.01,127.7,,,
1959,10/13/21 02:30:00 AM,12.22,15.18,9.45,120.4,,,
1960,10/13/21 02:45:00 AM,11.49,15.1,8.88,113,,,
1961,10/13/21 03:00:00 AM,11.51,15.02,8.89,113,,,
1962,10/13/21 03:15:00 AM,11.52,14.94,8.9,112.9,,,
1963,10/13/21 03:30:00 AM,11.83,14.88,9.14,115.8,,,
1964,10/13/21 03:45:00 AM,11.33,14.84,8.75,110.8,,,
1965,10/13/21 04:00:00 AM,10.84,14.82,8.37,105.9,,,
1966,10/13/21 04:15:00 AM,10.47,14.8,8.09,102.3,,,
1967,10/13/21 04:30:00 AM,9.69,14.78,7.48,94.6,,,
1968,10/13/21 04:45:00 AM,10,14.74,7.72,97.6,,,
1969,10/13/21 05:00:00 AM,9.72,14.72,7.51,94.8,,,
1970,10/13/21 05:15:00 AM,9.23,14.68,7.13,89.9,,,
1971,10/13/21 05:30:00 AM,8.09,14.66,6.25,78.8,,,
1972,10/13/21 05:45:00 AM,8.85,14.66,6.83,86.2,,,
1973,10/13/21 06:00:00 AM,9.18,14.66,7.09,89.4,,,
1974,10/13/21 06:15:00 AM,8.89,14.68,6.86,86.6,,,
1975,10/13/21 06:30:00 AM,8.47,14.66,6.54,82.5,,,
1976,10/13/21 06:45:00 AM,8.85,14.64,6.83,86.2,,,
1977,10/13/21 07:00:00 AM,8.84,14.62,6.83,86,,,
1978,10/13/21 07:15:00 AM,8.93,14.6,6.89,86.9,,,
1979,10/13/21 07:30:00 AM,8.77,14.56,6.77,85.2,,,
1980,10/13/21 07:45:00 AM,8.4,14.54,6.48,81.6,,,
1981,10/13/21 08:00:00 AM,7.84,14.52,6.05,76.1,,,
1982,10/13/21 08:15:00 AM,7.47,14.5,5.77,72.5,,,
1983,10/13/21 08:30:00 AM,6.93,14.5,5.35,67.3,,,
1984,10/13/21 08:45:00 AM,6.54,14.5,5.05,63.5,,,
1985,10/13/21 09:00:00 AM,6.23,14.52,4.81,60.5,,,
1986,10/13/21 09:15:00 AM,5.89,14.56,4.55,57.2,,,
1987,10/13/21 09:30:00 AM,5.55,14.6,4.29,54,,,
1988,10/13/21 09:45:00 AM,5.69,14.6,4.39,55.3,,,
1989,10/13/21 10:00:00 AM,5.35,14.6,4.13,52,,,
1990,10/13/21 10:15:00 AM,4.29,14.68,3.31,41.8,,,
1991,10/13/21 10:30:00 AM,4.29,14.86,3.31,42,,,
1992,10/13/21 10:45:00 AM,4.77,14.96,3.69,46.8,,,
1993,10/13/21 11:00:00 AM,5.4,15.08,4.17,53.1,,,
1994,10/13/21 11:15:00 AM,9.94,15.16,7.68,97.9,,,
1995,10/13/21 11:30:00 AM,11.29,15.26,8.73,111.4,,,
1996,10/13/21 11:45:00 AM,11.56,15.4,8.94,114.4,,,
1997,10/13/21 12:00:00 PM,11.54,15.6,8.93,114.7,,,
1998,10/13/21 12:15:00 PM,11.25,15.64,8.7,111.9,,,
1999,10/13/21 12:30:00 PM,13.52,15.54,10.46,134.2,,,
2000,10/13/21 12:45:00 PM,12.9,15.54,9.98,128,,,
2001,10/13/21 01:00:00 PM,12.58,15.58,9.73,125,,,
2002,10/13/21 01:15:00 PM,12.56,15.54,9.72,124.7,,,
2003,10/13/21 01:30:00 PM,12.29,15.66,9.51,122.3,,,
2004,10/13/21 01:45:00 PM,12.39,15.78,9.59,123.6,,,
2005,10/13/21 02:00:00 PM,12.06,15.76,9.33,120.3,,,
2006,10/13/21 02:15:00 PM,11.95,15.88,9.25,119.5,,,
2007,10/13/21 02:30:00 PM,11.5,16.1,8.91,115.5,,,
2008,10/13/21 02:45:00 PM,11.16,16.28,8.65,112.5,,,
2009,10/13/21 03:00:00 PM,10.41,16.4,8.07,105.2,,,
2010,10/13/21 03:15:00 PM,10.06,16.5,7.8,101.9,,,
2011,10/13/21 03:30:00 PM,9.97,16.58,7.73,101.2,,,
2012,10/13/21 03:45:00 PM,10.37,16.66,8.04,105.4,,,
2013,10/13/21 04:00:00 PM,10.82,16.7,8.39,110.1,,,
2014,10/13/21 04:15:00 PM,10.97,16.76,8.51,111.7,,,
2015,10/13/21 04:30:00 PM,11.52,16.8,8.93,117.4,,,
2016,10/13/21 04:45:00 PM,10.59,16.88,8.21,108.1,,,
2017,10/13/21 05:00:00 PM,10.48,16.92,8.13,107.1,,,
2018,10/13/21 05:15:00 PM,10.65,16.92,8.26,108.8,,,
2019,10/13/21 05:30:00 PM,11.3,16.92,8.77,115.5,,,
2020,10/13/21 05:45:00 PM,10.76,16.9,8.35,109.9,,,
2021,10/13/21 06:00:00 PM,9.91,16.88,7.69,101.2,,,
2022,10/13/21 06:15:00 PM,10.23,16.84,7.93,104.4,,,
2023,10/13/21 06:30:00 PM,11.03,16.8,8.55,112.4,,,
2024,10/13/21 06:45:00 PM,11.34,16.76,8.79,115.5,,,
2025,10/13/21 07:00:00 PM,11.11,16.7,8.61,113,,,
2026,10/13/21 07:15:00 PM,9.93,16.64,7.7,100.9,,,
2027,10/13/21 07:30:00 PM,10.54,16.58,8.17,106.9,,,
2028,10/13/21 07:45:00 PM,8.51,16.52,6.6,86.2,,,
2029,10/13/21 08:00:00 PM,9.04,16.46,7.01,91.5,,,
2030,10/13/21 08:15:00 PM,10.04,16.4,7.78,101.5,,,
2031,10/13/21 08:30:00 PM,10.42,16.34,8.07,105.2,,,
2032,10/13/21 08:45:00 PM,9.95,16.3,7.71,100.4,,,
2033,10/13/21 09:00:00 PM,10.09,16.24,7.82,101.6,,,
2034,10/13/21 09:15:00 PM,10.3,16.18,7.98,103.6,,,
2035,10/13/21 09:30:00 PM,10.28,16.12,7.96,103.3,,,
2036,10/13/21 09:45:00 PM,9.93,16.06,7.69,99.7,,,
2037,10/13/21 10:00:00 PM,9.5,16.02,7.36,95.3,,,
2038,10/13/21 10:15:00 PM,9.36,15.94,7.25,93.7,,,
2039,10/13/21 10:30:00 PM,9.18,15.88,7.11,91.8,,,
2040,10/13/21 10:45:00 PM,9.37,15.8,7.25,93.5,,,
2041,10/13/21 11:00:00 PM,9.24,15.74,7.15,92.1,,,
2042,10/13/21 11:15:00 PM,10.1,15.68,7.82,100.5,,,
2043,10/13/21 11:30:00 PM,10.26,15.62,7.94,102,,,
2044,10/13/21 11:45:00 PM,10.63,15.56,8.22,105.6,,,
2045,10/14/21 12:00:00 AM,10.68,15.48,8.26,105.9,,,
2046,10/14/21 12:15:00 AM,10.41,15.4,8.05,103,,,
2047,10/14/21 12:30:00 AM,10.04,15.3,7.76,99.1,,,
2048,10/14/21 12:45:00 AM,9.71,15.24,7.51,95.8,,,
2049,10/14/21 01:00:00 AM,9.62,15.16,7.44,94.7,,,
2050,10/14/21 01:15:00 AM,9.62,15.1,7.44,94.6,,,
2051,10/14/21 01:30:00 AM,9.26,15.04,7.16,90.9,,,
2052,10/14/21 01:45:00 AM,8.18,14.98,6.32,80.2,,,
2053,10/14/21 02:00:00 AM,7.73,14.92,5.97,75.7,,,
2054,10/14/21 02:15:00 AM,7.5,14.86,5.79,73.4,,,
2055,10/14/21 02:30:00 AM,7.36,14.8,5.68,71.9,,,
2056,10/14/21 02:45:00 AM,7,14.72,5.41,68.3,,,
2057,10/14/21 03:00:00 AM,6.55,14.66,5.06,63.8,,,
2058,10/14/21 03:15:00 AM,6.26,14.6,4.83,60.9,,,
2059,10/14/21 03:30:00 AM,6.39,14.54,4.93,62.1,,,
2060,10/14/21 03:45:00 AM,6.76,14.48,5.22,65.6,,,
2061,10/14/21 04:00:00 AM,6.42,14.44,4.96,62.2,,,
2062,10/14/21 04:15:00 AM,6.46,14.38,4.99,62.5,,,
2063,10/14/21 04:30:00 AM,6.44,14.32,4.97,62.3,,,
2064,10/14/21 04:45:00 AM,6.34,14.26,4.89,61.2,,,
2065,10/14/21 05:00:00 AM,6.17,14.2,4.76,59.5,,,
2066,10/14/21 05:15:00 AM,5.91,14.14,4.56,56.9,,,
2067,10/14/21 05:30:00 AM,5.99,14.1,4.62,57.6,,,
2068,10/14/21 05:45:00 AM,5.85,14.08,4.51,56.3,,,
2069,10/14/21 06:00:00 AM,5.11,14.06,3.94,49.1,,,
2070,10/14/21 06:15:00 AM,5.45,14.06,4.2,52.4,,,
2071,10/14/21 06:30:00 AM,7.23,14.08,5.58,69.5,,,
2072,10/14/21 06:45:00 AM,7.41,14.1,5.72,71.3,,,
2073,10/14/21 07:00:00 AM,7.8,14.14,6.02,75.1,,,
2074,10/14/21 07:15:00 AM,8.51,14.16,6.56,82,,,
2075,10/14/21 07:30:00 AM,9.83,14.2,7.58,94.8,,,
2076,10/14/21 07:45:00 AM,10.3,14.26,7.95,99.4,,,
2077,10/14/21 08:00:00 AM,10.4,14.34,8.03,100.6,,,
2078,10/14/21 08:15:00 AM,10.61,14.42,8.19,102.8,,,
2079,10/14/21 08:30:00 AM,10.89,14.52,8.41,105.7,,,
2080,10/14/21 08:45:00 AM,11.22,14.6,8.66,109.1,,,
2081,10/14/21 09:00:00 AM,10.56,14.68,8.15,102.9,,,
2082,10/14/21 09:15:00 AM,10.92,14.72,8.43,106.5,,,
2083,10/14/21 09:30:00 AM,11.11,14.8,8.58,108.5,,,
2084,10/14/21 09:45:00 AM,11.58,14.9,8.95,113.4,,,
2085,10/14/21 10:00:00 AM,12.3,15.04,9.51,120.8,,,
2086,10/14/21 10:15:00 AM,12.81,15.16,9.9,126.1,,,
2087,10/14/21 10:30:00 AM,13.32,15.24,10.3,131.4,,,
2088,10/14/21 10:45:00 AM,13.47,15.36,10.42,133.2,,,
2089,10/14/21 11:00:00 AM,14.28,15.5,11.05,141.6,,,
2090,10/14/21 11:15:00 AM,14.78,15.68,11.44,147.1,,,
2091,10/14/21 11:30:00 AM,14.09,15.8,10.91,140.6,,,
2092,10/14/21 11:45:00 AM,13.27,15.88,10.27,132.7,,,
2093,10/14/21 12:00:00 PM,13.11,15.92,10.15,131.2,,,
2094,10/14/21 12:15:00 PM,12.38,15.94,9.58,123.9,,,
2095,10/14/21 12:30:00 PM,13.15,15.94,10.18,131.6,,,
2096,10/14/21 12:45:00 PM,14.21,15.94,11,142.2,,,
2097,10/14/21 01:00:00 PM,13.54,15.96,10.48,135.6,,,
2098,10/14/21 01:15:00 PM,14.24,16,11.03,142.7,,,
2099,10/14/21 01:30:00 PM,13.89,16.04,10.76,139.3,,,
2100,10/14/21 01:45:00 PM,13.27,16.16,10.28,133.5,,,
2101,10/14/21 02:00:00 PM,16.21,16.5,12.56,164.2,,,
2102,10/14/21 02:15:00 PM,15.21,16.86,11.8,155.2,,,
2103,10/14/21 02:30:00 PM,15.44,17.1,11.98,158.4,,,
2104,10/14/21 02:45:00 PM,14.58,17.14,11.32,149.7,,,
2105,10/14/21 03:00:00 PM,13.93,17.24,10.81,143.3,,,
2106,10/14/21 03:15:00 PM,13.93,17.3,10.81,143.5,,,
2107,10/14/21 03:30:00 PM,13.49,17.26,10.47,138.8,,,
2108,10/14/21 03:45:00 PM,13.73,17.26,10.66,141.3,,,
2109,10/14/21 04:00:00 PM,14.32,17.3,11.12,147.5,,,
2110,10/14/21 04:15:00 PM,14.08,17.34,10.93,145.1,,,
2111,10/14/21 04:30:00 PM,14.07,17.36,10.92,145.1,,,
2112,10/14/21 04:45:00 PM,13.65,17.38,10.6,140.8,,,
2113,10/14/21 05:00:00 PM,14.36,17.36,11.15,148.1,,,
2114,10/14/21 05:15:00 PM,15.39,17.36,11.95,158.7,,,
2115,10/14/21 05:30:00 PM,16.17,17.38,12.56,166.8,,,
2116,10/14/21 05:45:00 PM,16.51,17.38,12.82,170.3,,,
2117,10/14/21 06:00:00 PM,16.96,17.36,13.17,174.9,,,
2118,10/14/21 06:15:00 PM,16.96,17.3,13.17,174.7,,,
2119,10/14/21 06:30:00 PM,16.99,17.24,13.19,174.8,,,
2120,10/14/21 06:45:00 PM,16.23,17.16,12.6,166.7,,,
2121,10/14/21 07:00:00 PM,15.7,17.08,12.18,161,,,
2122,10/14/21 07:15:00 PM,15.35,17.02,11.91,157.2,,,
2123,10/14/21 07:30:00 PM,14.81,16.98,11.49,151.5,,,
2124,10/14/21 07:45:00 PM,13.95,16.96,10.82,142.7,,,
2125,10/14/21 08:00:00 PM,13.57,16.96,10.53,138.8,,,
2126,10/14/21 08:15:00 PM,13.34,16.96,10.35,136.4,,,
2127,10/14/21 08:30:00 PM,13.83,16.94,10.73,141.4,,,
2128,10/14/21 08:45:00 PM,13.6,16.9,10.55,138.9,,,
2129,10/14/21 09:00:00 PM,12.61,16.84,9.78,128.6,,,
2130,10/14/21 09:15:00 PM,13.29,16.78,10.31,135.4,,,
2131,10/14/21 09:30:00 PM,12.54,16.72,9.72,127.6,,,
2132,10/14/21 09:45:00 PM,11.88,16.68,9.21,120.8,,,
2133,10/14/21 10:00:00 PM,12.5,16.64,9.69,127,,,
2134,10/14/21 10:15:00 PM,12.86,16.6,9.97,130.5,,,
2135,10/14/21 10:30:00 PM,13.05,16.56,10.12,132.4,,,
2136,10/14/21 10:45:00 PM,12.71,16.52,9.85,128.8,,,
2137,10/14/21 11:00:00 PM,10.72,16.48,8.31,108.5,,,
2138,10/14/21 11:15:00 PM,10.76,16.42,8.34,108.8,,,
2139,10/14/21 11:30:00 PM,10.22,16.38,7.92,103.3,,,
2140,10/14/21 11:45:00 PM,10.94,16.34,8.48,110.4,,,
2141,10/15/21 12:00:00 AM,10.83,16.28,8.39,109.2,,,
2142,10/15/21 12:15:00 AM,10.26,16.24,7.95,103.4,,,
2143,10/15/21 12:30:00 AM,9.63,16.22,7.46,97,,,
2144,10/15/21 12:45:00 AM,8.98,16.18,6.96,90.4,,,
2145,10/15/21 01:00:00 AM,8.82,16.16,6.83,88.7,,,
2146,10/15/21 01:15:00 AM,8.6,16.12,6.66,86.4,,,
2147,10/15/21 01:30:00 AM,8.54,16.08,6.61,85.7,,,
2148,10/15/21 01:45:00 AM,8.49,16.06,6.57,85.2,,,
2149,10/15/21 02:00:00 AM,8.2,16.04,6.35,82.3,,,
2150,10/15/21 02:15:00 AM,8.2,16.02,6.35,82.2,,,
2151,10/15/21 02:30:00 AM,8.14,15.98,6.3,81.6,,,
2152,10/15/21 02:45:00 AM,8.31,15.96,6.43,83.2,,,
2153,10/15/21 03:00:00 AM,8.45,15.92,6.54,84.6,,,
2154,10/15/21 03:15:00 AM,8,15.88,6.19,80,,,
2155,10/15/21 03:30:00 AM,6.71,15.84,5.19,67,,,
2156,10/15/21 03:45:00 AM,6.08,15.8,4.71,60.7,,,
2157,10/15/21 04:00:00 AM,6.03,15.76,4.67,60.1,,,
2158,10/15/21 04:15:00 AM,6.24,15.7,4.83,62.1,,,
2159,10/15/21 04:30:00 AM,6.19,15.64,4.79,61.6,,,
2160,10/15/21 04:45:00 AM,5.97,15.6,4.62,59.3,,,
2161,10/15/21 05:00:00 AM,5.53,15.54,4.28,54.9,,,
2162,10/15/21 05:15:00 AM,5.23,15.5,4.05,51.9,,,
2163,10/15/21 05:30:00 AM,5.27,15.44,4.08,52.2,,,
2164,10/15/21 05:45:00 AM,4.77,15.38,3.69,47.2,,,
2165,10/15/21 06:00:00 AM,3.96,15.32,3.06,39.1,,,
2166,10/15/21 06:15:00 AM,2.73,15.26,2.11,26.9,,,
2167,10/15/21 06:30:00 AM,2.78,15.18,2.15,27.4,,,
2168,10/15/21 06:45:00 AM,3.47,15.1,2.68,34.1,,,
2169,10/15/21 07:00:00 AM,4.02,15.02,3.11,39.5,,,
2170,10/15/21 07:15:00 AM,4.54,14.98,3.51,44.5,,,
2171,10/15/21 07:30:00 AM,4.84,14.94,3.74,47.4,,,
2172,10/15/21 07:45:00 AM,4.63,14.94,3.58,45.4,,,
2173,10/15/21 08:00:00 AM,4.57,14.94,3.53,44.8,,,
2174,10/15/21 08:15:00 AM,5.57,14.98,4.3,54.6,,,
2175,10/15/21 08:30:00 AM,5.42,15,4.19,53.2,,,
2176,10/15/21 08:45:00 AM,6.83,15.02,5.28,67,,,
2177,10/15/21 09:00:00 AM,7.5,15.04,5.8,73.6,,,
2178,10/15/21 09:15:00 AM,9.5,15.1,7.34,93.4,,,
2179,10/15/21 09:30:00 AM,13.95,15.24,10.78,137.6,,,
2180,10/15/21 09:45:00 AM,12.52,15.38,9.68,123.8,,,
2181,10/15/21 10:00:00 AM,12.21,15.6,9.45,121.3,,,
2182,10/15/21 10:15:00 AM,13.68,15.86,10.59,136.7,,,
2183,10/15/21 10:30:00 AM,18.04,16.12,13.97,181.3,,,
2184,10/15/21 10:45:00 AM,14.02,16.36,10.86,141.6,,,
2185,10/15/21 11:00:00 AM,11.49,16.6,8.91,116.6,,,
2186,10/15/21 11:15:00 AM,13.92,16.78,10.8,141.8,,,
2187,10/15/21 11:30:00 AM,12.92,16.94,10.02,132.1,,,
2188,10/15/21 11:45:00 AM,14.43,17.02,11.2,147.8,,,
2189,10/15/21 12:00:00 PM,15.86,17.06,12.31,162.6,,,
2190,10/15/21 12:15:00 PM,15.29,17.04,11.86,156.6,,,
2191,10/15/21 12:30:00 PM,14.21,17.04,11.03,145.6,,,
2192,10/15/21 12:45:00 PM,13.48,17.12,10.46,138.3,,,
2193,10/15/21 01:00:00 PM,12.82,17.32,9.95,132.1,,,
2194,10/15/21 01:15:00 PM,13.13,17.56,10.2,136,,,
2195,10/15/21 01:30:00 PM,15.5,17.72,12.04,161,,,
2196,10/15/21 01:45:00 PM,15.64,17.78,12.15,162.7,,,
2197,10/15/21 02:00:00 PM,14.66,17.78,11.39,152.5,,,
2198,10/15/21 02:15:00 PM,17.37,17.78,13.5,180.7,,,
2199,10/15/21 02:30:00 PM,16.88,17.78,13.12,175.6,,,
2200,10/15/21 02:45:00 PM,17.18,17.64,13.35,178.2,,,
2201,10/15/21 03:00:00 PM,17.53,17.6,13.62,181.7,,,
2202,10/15/21 03:15:00 PM,17.45,17.64,13.56,181,,,
2203,10/15/21 03:30:00 PM,17.75,17.66,13.79,184.2,,,
2204,10/15/21 03:45:00 PM,16.97,17.66,13.18,176.1,,,
2205,10/15/21 04:00:00 PM,15.96,17.68,12.4,165.7,,,
2206,10/15/21 04:15:00 PM,16.96,17.72,13.18,176.2,,,
2207,10/15/21 04:30:00 PM,16.63,17.7,12.92,172.7,,,
2208,10/15/21 04:45:00 PM,16.4,17.7,12.74,170.3,,,
2209,10/15/21 05:00:00 PM,15.92,17.68,12.37,165.3,,,
2210,10/15/21 05:15:00 PM,14.97,17.62,11.63,155.2,,,
2211,10/15/21 05:30:00 PM,14.83,17.6,11.52,153.7,,,
2212,10/15/21 05:45:00 PM,14.34,17.56,11.14,148.5,,,
2213,10/15/21 06:00:00 PM,13.79,17.54,10.71,142.7,,,
2214,10/15/21 06:15:00 PM,13.48,17.52,10.47,139.5,,,
2215,10/15/21 06:30:00 PM,13.23,17.5,10.28,136.8,,,
2216,10/15/21 06:45:00 PM,12.8,17.46,9.94,132.3,,,
2217,10/15/21 07:00:00 PM,12.07,17.42,9.37,124.6,,,
2218,10/15/21 07:15:00 PM,11.39,17.32,8.84,117.4,,,
2219,10/15/21 07:30:00 PM,11.12,17.26,8.63,114.4,,,
2220,10/15/21 07:45:00 PM,11.21,17.2,8.7,115.2,,,
2221,10/15/21 08:00:00 PM,10.62,17.12,8.24,109,,,
2222,10/15/21 08:15:00 PM,10.5,17.04,8.15,107.6,,,
2223,10/15/21 08:30:00 PM,10.28,16.94,7.98,105.1,,,
2224,10/15/21 08:45:00 PM,10.37,16.86,8.04,105.8,,,
2225,10/15/21 09:00:00 PM,10.08,16.78,7.82,102.7,,,
2226,10/15/21 09:15:00 PM,9.84,16.7,7.63,100.1,,,
2227,10/15/21 09:30:00 PM,9.98,16.62,7.74,101.3,,,
2228,10/15/21 09:45:00 PM,9.64,16.52,7.47,97.7,,,
2229,10/15/21 10:00:00 PM,9.44,16.44,7.32,95.5,,,
2230,10/15/21 10:15:00 PM,9.46,16.36,7.33,95.5,,,
2231,10/15/21 10:30:00 PM,9.13,16.26,7.07,92,,,
2232,10/15/21 10:45:00 PM,9.16,16.16,7.1,92.1,,,
2233,10/15/21 11:00:00 PM,9.22,16.04,7.14,92.5,,,
2234,10/15/21 11:15:00 PM,9.07,15.92,7.02,90.8,,,
2235,10/15/21 11:30:00 PM,9.1,15.86,7.04,90.9,,,
2236,10/15/21 11:45:00 PM,9.04,15.78,7,90.2,,,
2237,10/16/21 12:00:00 AM,8.96,15.72,6.93,89.3,,,
2238,10/16/21 12:15:00 AM,8.86,15.66,6.86,88.2,,,
2239,10/16/21 12:30:00 AM,8.41,15.56,6.51,83.5,,,
2240,10/16/21 12:45:00 AM,8.6,15.52,6.65,85.3,,,
2241,10/16/21 01:00:00 AM,8.53,15.46,6.6,84.5,,,
2242,10/16/21 01:15:00 AM,7.96,15.38,6.16,78.7,,,
2243,10/16/21 01:30:00 AM,8.12,15.32,6.28,80.2,,,
2244,10/16/21 01:45:00 AM,7.7,15.24,5.95,75.9,,,
2245,10/16/21 02:00:00 AM,7.89,15.18,6.1,77.7,,,
2246,10/16/21 02:15:00 AM,8.03,15.16,6.21,79.1,,,
2247,10/16/21 02:30:00 AM,7.64,15.1,5.9,75.1,,,
2248,10/16/21 02:45:00 AM,7.84,15.06,6.06,77,,,
2249,10/16/21 03:00:00 AM,7.87,15,6.08,77.2,,,
2250,10/16/21 03:15:00 AM,7.63,14.94,5.9,74.8,,,
2251,10/16/21 03:30:00 AM,7.59,14.88,5.86,74.3,,,
2252,10/16/21 03:45:00 AM,7.76,14.84,5.99,75.9,,,
2253,10/16/21 04:00:00 AM,7.73,14.78,5.97,75.5,,,
2254,10/16/21 04:15:00 AM,7.27,14.74,5.61,70.9,,,
2255,10/16/21 04:30:00 AM,7.19,14.68,5.55,70.1,,,
2256,10/16/21 04:45:00 AM,7.36,14.64,5.68,71.6,,,
2257,10/16/21 05:00:00 AM,7.19,14.58,5.55,69.9,,,
2258,10/16/21 05:15:00 AM,7.07,14.56,5.46,68.7,,,
2259,10/16/21 05:30:00 AM,6.95,14.5,5.36,67.5,,,
2260,10/16/21 05:45:00 AM,7.18,14.46,5.54,69.6,,,
2261,10/16/21 06:00:00 AM,7.13,14.4,5.5,69,,,
2262,10/16/21 06:15:00 AM,7.23,14.34,5.58,69.9,,,
2263,10/16/21 06:30:00 AM,6.95,14.32,5.36,67.2,,,
2264,10/16/21 06:45:00 AM,6.86,14.3,5.29,66.3,,,
2265,10/16/21 07:00:00 AM,7.28,14.26,5.62,70.3,,,
2266,10/16/21 07:15:00 AM,7.84,14.22,6.05,75.6,,,
2267,10/16/21 07:30:00 AM,7.39,14.2,5.7,71.3,,,
2268,10/16/21 07:45:00 AM,7.81,14.16,6.02,75.2,,,
2269,10/16/21 08:00:00 AM,8.71,14.16,6.72,83.9,,,
2270,10/16/21 08:15:00 AM,9.3,14.16,7.17,89.6,,,
2271,10/16/21 08:30:00 AM,10.21,14.18,7.88,98.4,,,
2272,10/16/21 08:45:00 AM,10.74,14.2,8.29,103.6,,,
2273,10/16/21 09:00:00 AM,11.18,14.24,8.63,107.9,,,
2274,10/16/21 09:15:00 AM,11.63,14.26,8.97,112.3,,,
2275,10/16/21 09:30:00 AM,12.44,14.32,9.6,120.3,,,
2276,10/16/21 09:45:00 AM,12.39,14.4,9.56,120,,,
2277,10/16/21 10:00:00 AM,16.06,14.6,12.4,156.2,,,
2278,10/16/21 10:15:00 AM,16.1,14.68,12.43,156.9,,,
2279,10/16/21 10:30:00 AM,16.26,14.78,12.56,158.8,,,
2280,10/16/21 10:45:00 AM,16.14,14.92,12.47,158.1,,,
2281,10/16/21 11:00:00 AM,15.02,15.14,11.61,147.8,,,
2282,10/16/21 11:15:00 AM,14.14,15.46,10.94,140.1,,,
2283,10/16/21 11:30:00 AM,17.82,15.78,13.79,177.8,,,
2284,10/16/21 11:45:00 AM,17.81,15.9,13.79,178.1,,,
2285,10/16/21 12:00:00 PM,18.12,15.98,14.03,181.5,,,
2286,10/16/21 12:15:00 PM,18.79,16.1,14.55,188.7,,,
2287,10/16/21 12:30:00 PM,19.31,16.34,14.96,194.9,,,
2288,10/16/21 12:45:00 PM,19.49,16.38,15.1,196.9,,,
2289,10/16/21 01:00:00 PM,18.06,16.5,14,182.9,,,
2290,10/16/21 01:15:00 PM,17.79,16.68,13.79,180.9,,,
2291,10/16/21 01:30:00 PM,17.57,16.76,13.63,179,,,
2292,10/16/21 01:45:00 PM,17.44,16.84,13.53,177.9,,,
2293,10/16/21 02:00:00 PM,18.29,16.94,14.19,187,,,
2294,10/16/21 02:15:00 PM,17.97,17.06,13.94,184.2,,,
2295,10/16/21 02:30:00 PM,17.41,17.18,13.51,178.9,,,
2296,10/16/21 02:45:00 PM,17.41,17.3,13.52,179.3,,,
2297,10/16/21 03:00:00 PM,18.28,17.36,14.19,188.5,,,
2298,10/16/21 03:15:00 PM,18.03,17.44,14,186.3,,,
2299,10/16/21 03:30:00 PM,17.93,17.48,13.92,185.4,,,
2300,10/16/21 03:45:00 PM,17.81,17.54,13.83,184.4,,,
2301,10/16/21 04:00:00 PM,18.05,17.58,14.02,187,,,
2302,10/16/21 04:15:00 PM,17.87,17.62,13.88,185.3,,,
2303,10/16/21 04:30:00 PM,18.16,17.66,14.11,188.5,,,
2304,10/16/21 04:45:00 PM,17.99,17.66,13.98,186.7,,,
2305,10/16/21 05:00:00 PM,18.13,17.66,14.09,188.1,,,
2306,10/16/21 05:15:00 PM,18.48,17.66,14.36,191.8,,,
2307,10/16/21 05:30:00 PM,18.33,17.62,14.24,190.1,,,
2308,10/16/21 05:45:00 PM,18.51,17.58,14.38,191.8,,,
2309,10/16/21 06:00:00 PM,18.35,17.54,14.25,190,,,
2310,10/16/21 06:15:00 PM,18.13,17.48,14.08,187.4,,,
2311,10/16/21 06:30:00 PM,18.1,17.42,14.06,186.9,,,
2312,10/16/21 06:45:00 PM,18.02,17.34,13.99,185.8,,,
2313,10/16/21 07:00:00 PM,17.65,17.26,13.7,181.7,,,
2314,10/16/21 07:15:00 PM,17.37,17.18,13.48,178.5,,,
2315,10/16/21 07:30:00 PM,16.88,17.12,13.1,173.2,,,
2316,10/16/21 07:45:00 PM,16.07,17.06,12.47,164.7,,,
2317,10/16/21 08:00:00 PM,15.18,17,11.78,155.4,,,
2318,10/16/21 08:15:00 PM,14.74,16.94,11.44,150.7,,,
2319,10/16/21 08:30:00 PM,14.46,16.88,11.22,147.6,,,
2320,10/16/21 08:45:00 PM,13.37,16.82,10.37,136.3,,,
2321,10/16/21 09:00:00 PM,12.83,16.78,9.95,130.7,,,
2322,10/16/21 09:15:00 PM,11.83,16.72,9.17,120.4,,,
2323,10/16/21 09:30:00 PM,9.69,16.68,7.51,98.5,,,
2324,10/16/21 09:45:00 PM,13.26,16.64,10.28,134.7,,,
2325,10/16/21 10:00:00 PM,14.96,16.58,11.6,151.8,,,
2326,10/16/21 10:15:00 PM,13.02,16.54,10.09,132,,,
2327,10/16/21 10:30:00 PM,11.82,16.48,9.16,119.7,,,
2328,10/16/21 10:45:00 PM,12.34,16.44,9.56,124.8,,,
2329,10/16/21 11:00:00 PM,11.8,16.38,9.14,119.2,,,
2330,10/16/21 11:15:00 PM,11.36,16.34,8.8,114.7,,,
2331,10/16/21 11:30:00 PM,11.43,16.32,8.86,115.3,,,
2332,10/16/21 11:45:00 PM,10.82,16.28,8.38,109.1,,,
2333,10/17/21 12:00:00 AM,10.31,16.24,7.99,103.9,,,
2334,10/17/21 12:15:00 AM,10.31,16.22,7.99,103.8,,,
2335,10/17/21 12:30:00 AM,9.68,16.18,7.5,97.4,,,
2336,10/17/21 12:45:00 AM,9.87,16.16,7.64,99.3,,,
2337,10/17/21 01:00:00 AM,9.99,16.12,7.74,100.4,,,
2338,10/17/21 01:15:00 AM,9.92,16.08,7.68,99.6,,,
2339,10/17/21 01:30:00 AM,9.98,16.06,7.73,100.2,,,
2340,10/17/21 01:45:00 AM,9.41,16.02,7.29,94.4,,,
2341,10/17/21 02:00:00 AM,9.42,16,7.29,94.4,,,
2342,10/17/21 02:15:00 AM,8.9,15.96,6.89,89.1,,,
2343,10/17/21 02:30:00 AM,8.59,15.92,6.65,86,,,
2344,10/17/21 02:45:00 AM,8.38,15.9,6.49,83.8,,,
2345,10/17/21 03:00:00 AM,8.34,15.88,6.46,83.4,,,
2346,10/17/21 03:15:00 AM,7.97,15.84,6.17,79.6,,,
2347,10/17/21 03:30:00 AM,7.84,15.82,6.07,78.3,,,
2348,10/17/21 03:45:00 AM,7.85,15.8,6.08,78.3,,,
2349,10/17/21 04:00:00 AM,7.75,15.78,6,77.3,,,
2350,10/17/21 04:15:00 AM,7.73,15.76,5.98,77.1,,,
2351,10/17/21 04:30:00 AM,7.59,15.72,5.87,75.6,,,
2352,10/17/21 04:45:00 AM,7.52,15.7,5.82,74.9,,,
2353,10/17/21 05:00:00 AM,7.48,15.68,5.79,74.5,,,
2354,10/17/21 05:15:00 AM,7.48,15.64,5.79,74.4,,,
2355,10/17/21 05:30:00 AM,7.29,15.62,5.64,72.5,,,
2356,10/17/21 05:45:00 AM,7.11,15.58,5.5,70.6,,,
2357,10/17/21 06:00:00 AM,6.6,15.56,5.11,65.5,,,
2358,10/17/21 06:15:00 AM,6.36,15.54,4.92,63.1,,,
2359,10/17/21 06:30:00 AM,6.35,15.52,4.91,63,,,
2360,10/17/21 06:45:00 AM,6.06,15.5,4.69,60.1,,,
2361,10/17/21 07:00:00 AM,5.84,15.48,4.52,57.9,,,
2362,10/17/21 07:15:00 AM,5.54,15.48,4.29,54.9,,,
2363,10/17/21 07:30:00 AM,5.55,15.48,4.29,55,,,
2364,10/17/21 07:45:00 AM,8.06,15.48,6.23,79.9,,,
2365,10/17/21 08:00:00 AM,10.41,15.52,8.05,103.3,,,
2366,10/17/21 08:15:00 AM,11.92,15.54,9.22,118.3,,,
2367,10/17/21 08:30:00 AM,13.28,15.62,10.27,132,,,
2368,10/17/21 08:45:00 AM,15.26,15.76,11.81,152.2,,,
2369,10/17/21 09:00:00 AM,13.89,15.88,10.75,138.9,,,
2370,10/17/21 09:15:00 AM,13.19,16.06,10.21,132.4,,,
2371,10/17/21 09:30:00 AM,13.37,16.24,10.36,134.7,,,
2372,10/17/21 09:45:00 AM,13.81,16.42,10.7,139.7,,,
2373,10/17/21 10:00:00 AM,14.23,16.58,11.03,144.4,,,
2374,10/17/21 10:15:00 AM,14.29,16.76,11.08,145.5,,,
2375,10/17/21 10:30:00 AM,15.55,16.94,12.06,159,,,
2376,10/17/21 10:45:00 AM,16.41,17.18,12.74,168.6,,,
2377,10/17/21 11:00:00 AM,20.07,17.44,15.59,207.3,,,
2378,10/17/21 11:15:00 AM,24.28,17.74,18.87,252.4,,,
2379,10/17/21 11:30:00 AM,21.79,18.02,16.94,227.8,,,
2380,10/17/21 11:45:00 AM,20.44,18.28,15.9,214.8,,,
2381,10/17/21 12:00:00 PM,21.08,18.52,16.4,222.6,,,
2382,10/17/21 12:15:00 PM,20.19,18.74,15.72,214.2,,,
2383,10/17/21 12:30:00 PM,19.37,18.96,15.09,206.4,,,
2384,10/17/21 12:45:00 PM,19.37,19.22,15.09,207.5,,,
2385,10/17/21 01:00:00 PM,20.3,19.46,15.83,218.5,,,
2386,10/17/21 01:15:00 PM,21.2,19.66,16.53,229.1,,,
2387,10/17/21 01:30:00 PM,20.38,19.86,15.9,221.1,,,
2388,10/17/21 01:45:00 PM,19.59,20.04,15.29,213.3,,,
2389,10/17/21 02:00:00 PM,18.77,20.2,14.65,205,,,
2390,10/17/21 02:15:00 PM,18.08,20.32,14.12,198,,,
2391,10/17/21 02:30:00 PM,18.45,20.46,14.41,202.6,,,
2392,10/17/21 02:45:00 PM,18.97,20.56,14.82,208.7,,,
2393,10/17/21 03:00:00 PM,20.16,20.66,15.75,222.2,,,
2394,10/17/21 03:15:00 PM,19.57,20.72,15.29,216,,,
2395,10/17/21 03:30:00 PM,18.45,20.78,14.42,203.9,,,
2396,10/17/21 03:45:00 PM,19.03,20.8,14.87,210.4,,,
2397,10/17/21 04:00:00 PM,19.68,20.82,15.38,217.6,,,
2398,10/17/21 04:15:00 PM,20.23,20.8,15.81,223.6,,,
2399,10/17/21 04:30:00 PM,19.78,20.8,15.46,218.6,,,
2400,10/17/21 04:45:00 PM,19.65,20.76,15.36,217,,,
2401,10/17/21 05:00:00 PM,19.48,20.72,15.22,215,,,
2402,10/17/21 05:15:00 PM,19.16,20.68,14.97,211.3,,,
2403,10/17/21 05:30:00 PM,19.03,20.62,14.87,209.6,,,
2404,10/17/21 05:45:00 PM,18.95,20.56,14.8,208.5,,,
2405,10/17/21 06:00:00 PM,18.37,20.48,14.35,201.8,,,
2406,10/17/21 06:15:00 PM,18.09,20.4,14.13,198.4,,,
2407,10/17/21 06:30:00 PM,17.66,20.32,13.79,193.4,,,
2408,10/17/21 06:45:00 PM,17.14,20.24,13.38,187.4,,,
2409,10/17/21 07:00:00 PM,16.6,20.14,12.96,181.1,,,
2410,10/17/21 07:15:00 PM,16.06,20.06,12.53,175,,,
2411,10/17/21 07:30:00 PM,15.39,19.96,12.01,167.3,,,
2412,10/17/21 07:45:00 PM,15,19.86,11.7,162.8,,,
2413,10/17/21 08:00:00 PM,14.69,19.76,11.46,159.1,,,
2414,10/17/21 08:15:00 PM,14.45,19.66,11.27,156.2,,,
2415,10/17/21 08:30:00 PM,14.61,19.56,11.39,157.6,,,
2416,10/17/21 08:45:00 PM,14.96,19.46,11.66,161,,,
2417,10/17/21 09:00:00 PM,14.38,19.38,11.21,154.5,,,
2418,10/17/21 09:15:00 PM,14.25,19.28,11.11,152.8,,,
2419,10/17/21 09:30:00 PM,14.09,19.2,10.98,150.9,,,
2420,10/17/21 09:45:00 PM,13.66,19.12,10.64,146,,,
2421,10/17/21 10:00:00 PM,13.61,19.04,10.6,145.3,,,
2422,10/17/21 10:15:00 PM,13.51,18.96,10.52,144,,,
2423,10/17/21 10:30:00 PM,13.03,18.9,10.15,138.7,,,
2424,10/17/21 10:45:00 PM,12.46,18.84,9.7,132.5,,,
2425,10/17/21 11:00:00 PM,12.5,18.76,9.73,132.7,,,
2426,10/17/21 11:15:00 PM,12.56,18.7,9.78,133.1,,,
2427,10/17/21 11:30:00 PM,12.15,18.64,9.46,128.6,,,
2428,10/17/21 11:45:00 PM,11.76,18.58,9.15,124.4,,,
2429,10/18/21 12:00:00 AM,11.64,18.52,9.06,122.9,,,
2430,10/18/21 12:15:00 AM,11.33,18.46,8.82,119.5,,,
2431,10/18/21 12:30:00 AM,11.43,18.4,8.89,120.4,,,
2432,10/18/21 12:45:00 AM,11.26,18.34,8.76,118.5,,,
2433,10/18/21 01:00:00 AM,11.09,18.28,8.63,116.6,,,
2434,10/18/21 01:15:00 AM,10.91,18.22,8.49,114.5,,,
2435,10/18/21 01:30:00 AM,10.8,18.16,8.4,113.2,,,
2436,10/18/21 01:45:00 AM,10.8,18.1,8.4,113.1,,,
2437,10/18/21 02:00:00 AM,10.68,18.06,8.3,111.7,,,
2438,10/18/21 02:15:00 AM,10.58,18,8.22,110.6,,,
2439,10/18/21 02:30:00 AM,10.48,17.94,8.15,109.4,,,
2440,10/18/21 02:45:00 AM,10.24,17.88,7.96,106.7,,,
2441,10/18/21 03:00:00 AM,10.22,17.82,7.94,106.4,,,
2442,10/18/21 03:15:00 AM,9.88,17.78,7.68,102.8,,,
2443,10/18/21 03:30:00 AM,9.65,17.72,7.5,100.3,,,
2444,10/18/21 03:45:00 AM,9.47,17.68,7.36,98.3,,,
2445,10/18/21 04:00:00 AM,9.29,17.62,7.22,96.3,,,
2446,10/18/21 04:15:00 AM,9.2,17.56,7.15,95.3,,,
2447,10/18/21 04:30:00 AM,9.47,17.52,7.36,98,,,
2448,10/18/21 04:45:00 AM,9.49,17.46,7.37,98.1,,,
2449,10/18/21 05:00:00 AM,10.16,17.4,7.89,104.9,,,
2450,10/18/21 05:15:00 AM,9.66,17.34,7.5,99.6,,,
2451,10/18/21 05:30:00 AM,9.19,17.3,7.13,94.7,,,
2452,10/18/21 05:45:00 AM,9.39,17.26,7.29,96.6,,,
2453,10/18/21 06:00:00 AM,8.34,17.2,6.47,85.7,,,
2454,10/18/21 06:15:00 AM,8.24,17.18,6.4,84.7,,,
2455,10/18/21 06:30:00 AM,8.38,17.14,6.5,86,,,
2456,10/18/21 06:45:00 AM,9.17,17.12,7.12,94.1,,,
2457,10/18/21 07:00:00 AM,8.93,17.1,6.93,91.6,,,
2458,10/18/21 07:15:00 AM,9.27,17.08,7.19,95,,,
2459,10/18/21 07:30:00 AM,9.73,17.06,7.55,99.7,,,
2460,10/18/21 07:45:00 AM,9.57,17.04,7.43,98,,,
2461,10/18/21 08:00:00 AM,10.39,17,8.06,106.4,,,
2462,10/18/21 08:15:00 AM,10.69,17.02,8.29,109.5,,,
2463,10/18/21 08:30:00 AM,10.72,17.04,8.32,109.8,,,
2464,10/18/21 08:45:00 AM,10.98,17.08,8.52,112.6,,,
2465,10/18/21 09:00:00 AM,11.4,17.14,8.85,117,,,
2466,10/18/21 09:15:00 AM,12.49,17.2,9.69,128.4,,,
2467,10/18/21 09:30:00 AM,14.07,17.28,10.92,144.9,,,
2468,10/18/21 09:45:00 AM,14.97,17.34,11.62,154.3,,,
2469,10/18/21 10:00:00 AM,14.93,17.44,11.59,154.2,,,
2470,10/18/21 10:15:00 AM,14.62,17.56,11.36,151.4,,,
2471,10/18/21 10:30:00 AM,16.31,17.68,12.67,169.3,,,
2472,10/18/21 10:45:00 AM,16.32,17.82,12.68,169.9,,,
2473,10/18/21 11:00:00 AM,16.16,18.04,12.56,169,,,
2474,10/18/21 11:15:00 AM,16.47,18.3,12.81,173.2,,,
2475,10/18/21 11:30:00 AM,22.24,18.58,17.31,235.2,,,
2476,10/18/21 11:45:00 AM,19.55,18.9,15.22,208.1,,,
2477,10/18/21 12:00:00 PM,17.65,19.2,13.75,189,,,
2478,10/18/21 12:15:00 PM,17.79,19.44,13.87,191.4,,,
2479,10/18/21 12:30:00 PM,16.07,19.66,12.53,173.7,,,
2480,10/18/21 12:45:00 PM,15.6,19.86,12.17,169.3,,,
2481,10/18/21 01:00:00 PM,16.05,20.04,12.53,174.8,,,
2482,10/18/21 01:15:00 PM,17.04,20.22,13.3,186.2,,,
2483,10/18/21 01:30:00 PM,16.89,20.34,13.19,185,,,
2484,10/18/21 01:45:00 PM,16.55,20.48,12.93,181.8,,,
2485,10/18/21 02:00:00 PM,16.63,20.6,12.99,183.1,,,
2486,10/18/21 02:15:00 PM,16.89,20.68,13.2,186.3,,,
2487,10/18/21 02:30:00 PM,16.99,20.74,13.28,187.6,,,
2488,10/18/21 02:45:00 PM,16.98,20.78,13.27,187.6,,,
2489,10/18/21 03:00:00 PM,17.1,20.84,13.37,189.2,,,
2490,10/18/21 03:15:00 PM,17.05,20.86,13.33,188.7,,,
2491,10/18/21 03:30:00 PM,17.23,20.88,13.47,190.8,,,
2492,10/18/21 03:45:00 PM,17.1,20.88,13.37,189.3,,,
2493,10/18/21 04:00:00 PM,17.27,20.88,13.5,191.2,,,
2494,10/18/21 04:15:00 PM,17.38,20.86,13.59,192.3,,,
2495,10/18/21 04:30:00 PM,17.31,20.84,13.53,191.5,,,
2496,10/18/21 04:45:00 PM,17.29,20.82,13.51,191.2,,,
2497,10/18/21 05:00:00 PM,17.12,20.78,13.38,189.2,,,
2498,10/18/21 05:15:00 PM,17.01,20.74,13.29,187.8,,,
2499,10/18/21 05:30:00 PM,17.12,20.68,13.38,188.8,,,
2500,10/18/21 05:45:00 PM,16.64,20.6,13,183.2,,,
2501,10/18/21 06:00:00 PM,16.22,20.52,12.67,178.3,,,
2502,10/18/21 06:15:00 PM,16.06,20.42,12.54,176.2,,,
2503,10/18/21 06:30:00 PM,15.88,20.34,12.4,174,,,
2504,10/18/21 06:45:00 PM,15.84,20.24,12.37,173.2,,,
2505,10/18/21 07:00:00 PM,15.26,20.14,11.91,166.5,,,
2506,10/18/21 07:15:00 PM,14.93,20.02,11.65,162.5,,,
2507,10/18/21 07:30:00 PM,14.52,19.92,11.33,157.7,,,
2508,10/18/21 07:45:00 PM,14.34,19.82,11.19,155.5,,,
2509,10/18/21 08:00:00 PM,14.38,19.72,11.22,155.6,,,
2510,10/18/21 08:15:00 PM,13.94,19.62,10.87,150.5,,,
2511,10/18/21 08:30:00 PM,13.91,19.52,10.85,149.9,,,
2512,10/18/21 08:45:00 PM,13.99,19.42,10.91,150.5,,,
2513,10/18/21 09:00:00 PM,13.4,19.32,10.44,143.8,,,
2514,10/18/21 09:15:00 PM,13.23,19.22,10.31,141.7,,,
2515,10/18/21 09:30:00 PM,13.09,19.14,10.2,140,,,
2516,10/18/21 09:45:00 PM,12.1,19.04,9.43,129.2,,,
2517,10/18/21 10:00:00 PM,12.21,18.96,9.51,130.1,,,
2518,10/18/21 10:15:00 PM,11.51,18.88,8.96,122.5,,,
2519,10/18/21 10:30:00 PM,11.71,18.8,9.12,124.4,,,
2520,10/18/21 10:45:00 PM,11.46,18.74,8.92,121.6,,,
2521,10/18/21 11:00:00 PM,11.5,18.66,8.95,121.8,,,
2522,10/18/21 11:15:00 PM,11.07,18.6,8.62,117.1,,,
2523,10/18/21 11:30:00 PM,10.9,18.52,8.48,115.1,,,
2524,10/18/21 11:45:00 PM,10.82,18.46,8.42,114.1,,,
2525,10/19/21 12:00:00 AM,10.78,18.38,8.39,113.5,,,
2526,10/19/21 12:15:00 AM,10.62,18.32,8.26,111.7,,,
2527,10/19/21 12:30:00 AM,10.45,18.24,8.13,109.7,,,
2528,10/19/21 12:45:00 AM,10.47,18.14,8.14,109.7,,,
2529,10/19/21 01:00:00 AM,10.21,18.06,7.94,106.8,,,
2530,10/19/21 01:15:00 AM,10.15,17.98,7.89,106,,,
2531,10/19/21 01:30:00 AM,9.95,17.9,7.73,103.8,,,
2532,10/19/21 01:45:00 AM,9.93,17.84,7.72,103.4,,,
2533,10/19/21 02:00:00 AM,9.8,17.76,7.62,101.9,,,
2534,10/19/21 02:15:00 AM,9.75,17.68,7.57,101.2,,,
2535,10/19/21 02:30:00 AM,9.72,17.62,7.55,100.8,,,
2536,10/19/21 02:45:00 AM,9.64,17.56,7.49,99.8,,,
2537,10/19/21 03:00:00 AM,9.52,17.48,7.39,98.4,,,
2538,10/19/21 03:15:00 AM,9.28,17.42,7.21,95.8,,,
2539,10/19/21 03:30:00 AM,9.15,17.36,7.1,94.4,,,
2540,10/19/21 03:45:00 AM,8.94,17.28,6.94,92,,,
2541,10/19/21 04:00:00 AM,8.85,17.22,6.87,91,,,
2542,10/19/21 04:15:00 AM,8.09,17.16,6.28,83.1,,,
2543,10/19/21 04:30:00 AM,8.21,17.08,6.37,84.2,,,
2544,10/19/21 04:45:00 AM,8.41,17.02,6.53,86.1,,,
2545,10/19/21 05:00:00 AM,8.37,16.96,6.49,85.6,,,
2546,10/19/21 05:15:00 AM,8.19,16.9,6.35,83.7,,,
2547,10/19/21 05:30:00 AM,7.95,16.84,6.17,81.1,,,
2548,10/19/21 05:45:00 AM,7.74,16.78,6,78.9,,,
2549,10/19/21 06:00:00 AM,7.41,16.72,5.75,75.4,,,
2550,10/19/21 06:15:00 AM,7.37,16.68,5.71,74.9,,,
2551,10/19/21 06:30:00 AM,8.82,16.62,6.84,89.6,,,
2552,10/19/21 06:45:00 AM,8.7,16.56,6.74,88.2,,,
2553,10/19/21 07:00:00 AM,10.06,16.56,7.8,102,,,
2554,10/19/21 07:15:00 AM,10.82,16.86,8.39,110.4,,,
2555,10/19/21 07:30:00 AM,11.83,17.22,9.18,121.7,,,
2556,10/19/21 07:45:00 AM,12.85,17.54,9.98,133,,,
2557,10/19/21 08:00:00 AM,13.58,17.78,10.55,141.3,,,
2558,10/19/21 08:15:00 AM,15.27,18,11.87,159.6,,,
2559,10/19/21 08:30:00 AM,15.98,18.2,12.43,167.7,,,
2560,10/19/21 08:45:00 AM,16.42,18.38,12.77,172.9,,,
2561,10/19/21 09:00:00 AM,18.15,18.54,14.12,191.8,,,
2562,10/19/21 09:15:00 AM,19.69,18.7,15.33,208.7,,,
2563,10/19/21 09:30:00 AM,19.87,18.88,15.47,211.4,,,
2564,10/19/21 09:45:00 AM,22,19.06,17.14,234.9,,,
2565,10/19/21 10:00:00 AM,21.29,19.24,16.59,228.2,,,
2566,10/19/21 10:15:00 AM,24.62,19.42,19.19,264.8,,,
2567,10/19/21 10:30:00 AM,23.12,19.62,18.03,249.7,,,
2568,10/19/21 10:45:00 AM,21.94,19.8,17.12,237.8,,,
2569,10/19/21 11:00:00 AM,22.5,20,17.56,244.8,,,
2570,10/19/21 11:15:00 AM,22.83,20.22,17.82,249.5,,,
2571,10/19/21 11:30:00 AM,22.28,20.44,17.4,244.5,,,
2572,10/19/21 11:45:00 AM,23.84,20.68,18.63,262.9,,,
2573,10/19/21 12:00:00 PM,25.67,20.98,20.07,284.7,,,
2574,10/19/21 12:15:00 PM,24.07,21.28,18.83,268.6,,,
2575,10/19/21 12:30:00 PM,25.51,21.54,19.96,286.1,,,
2576,10/19/21 12:45:00 PM,25.49,21.74,19.96,287,,,
2577,10/19/21 01:00:00 PM,23.33,21.94,18.27,263.7,,,
2578,10/19/21 01:15:00 PM,24.14,22.18,18.91,274.1,,,
2579,10/19/21 01:30:00 PM,24.04,22.42,18.84,274.2,,,
2580,10/19/21 01:45:00 PM,21.92,22.64,17.19,251.1,,,
2581,10/19/21 02:00:00 PM,22.07,22.78,17.31,253.5,,,
2582,10/19/21 02:15:00 PM,21.25,22.82,16.67,244.2,,,
2583,10/19/21 02:30:00 PM,23.22,22.8,18.21,266.8,,,
2584,10/19/21 02:45:00 PM,23.15,22.78,18.16,265.9,,,
2585,10/19/21 03:00:00 PM,19.74,22.74,15.48,226.5,,,
2586,10/19/21 03:15:00 PM,18.98,22.7,14.89,217.6,,,
2587,10/19/21 03:30:00 PM,20.47,22.64,16.05,234.5,,,
2588,10/19/21 03:45:00 PM,20.53,22.6,16.1,235,,,
2589,10/19/21 04:00:00 PM,20.82,22.56,16.32,238.1,,,
2590,10/19/21 04:15:00 PM,20.44,22.52,16.03,233.6,,,
2591,10/19/21 04:30:00 PM,19.88,22.46,15.58,226.9,,,
2592,10/19/21 04:45:00 PM,19.32,22.38,15.14,220.2,,,
2593,10/19/21 05:00:00 PM,19.08,22.28,14.95,217,,,
2594,10/19/21 05:15:00 PM,18.91,22.18,14.82,214.7,,,
2595,10/19/21 05:30:00 PM,18.18,22.06,14.24,205.9,,,
2596,10/19/21 05:45:00 PM,18.03,21.94,14.12,203.8,,,
2597,10/19/21 06:00:00 PM,18.04,21.8,14.13,203.3,,,
2598,10/19/21 06:15:00 PM,17.16,21.68,13.43,193,,,
2599,10/19/21 06:30:00 PM,15.5,21.56,12.13,173.9,,,
2600,10/19/21 06:45:00 PM,15.48,21.44,12.11,173.3,,,
2601,10/19/21 07:00:00 PM,14.67,21.3,11.48,163.7,,,
2602,10/19/21 07:15:00 PM,14.29,21.18,11.18,159.1,,,
2603,10/19/21 07:30:00 PM,14.18,21.06,11.09,157.5,,,
2604,10/19/21 07:45:00 PM,13.93,20.94,10.89,154.4,,,
2605,10/19/21 08:00:00 PM,13.98,20.84,10.93,154.7,,,
2606,10/19/21 08:15:00 PM,13.91,20.72,10.87,153.5,,,
2607,10/19/21 08:30:00 PM,13.77,20.6,10.76,151.6,,,
2608,10/19/21 08:45:00 PM,12.79,20.5,9.99,140.5,,,
2609,10/19/21 09:00:00 PM,12.03,20.4,9.4,131.9,,,
2610,10/19/21 09:15:00 PM,11.91,20.3,9.3,130.4,,,
2611,10/19/21 09:30:00 PM,12.24,20.22,9.56,133.8,,,
2612,10/19/21 09:45:00 PM,12.46,20.12,9.73,135.9,,,
2613,10/19/21 10:00:00 PM,12.6,20.02,9.83,137.1,,,
2614,10/19/21 10:15:00 PM,12.68,19.9,9.89,137.7,,,
2615,10/19/21 10:30:00 PM,11.4,19.78,8.89,123.5,,,
2616,10/19/21 10:45:00 PM,10.96,19.66,8.55,118.4,,,
2617,10/19/21 11:00:00 PM,10.93,19.54,8.52,117.8,,,
2618,10/19/21 11:15:00 PM,10.55,19.42,8.22,113.5,,,
2619,10/19/21 11:30:00 PM,10.34,19.3,8.06,110.9,,,
2620,10/19/21 11:45:00 PM,10.28,19.2,8.01,110.1,,,
2621,10/20/21 12:00:00 AM,10.01,19.08,7.8,106.9,,,
2622,10/20/21 12:15:00 AM,10.1,18.98,7.87,107.7,,,
2623,10/20/21 12:30:00 AM,9.98,18.88,7.77,106.2,,,
2624,10/20/21 12:45:00 AM,9.97,18.78,7.76,105.9,,,
2625,10/20/21 01:00:00 AM,9.94,18.68,7.74,105.3,,,
2626,10/20/21 01:15:00 AM,9.74,18.58,7.58,103,,,
2627,10/20/21 01:30:00 AM,9.97,18.48,7.76,105.2,,,
2628,10/20/21 01:45:00 AM,10.11,18.4,7.87,106.5,,,
2629,10/20/21 02:00:00 AM,10.07,18.3,7.83,105.9,,,
2630,10/20/21 02:15:00 AM,9.71,18.22,7.55,101.9,,,
2631,10/20/21 02:30:00 AM,9.82,18.12,7.64,102.9,,,
2632,10/20/21 02:45:00 AM,9.54,18.04,7.42,99.8,,,
2633,10/20/21 03:00:00 AM,9.44,17.94,7.34,98.5,,,
2634,10/20/21 03:15:00 AM,9.3,17.84,7.23,96.9,,,
2635,10/20/21 03:30:00 AM,9.52,17.74,7.4,99,,,
2636,10/20/21 03:45:00 AM,9.4,17.66,7.3,97.5,,,
2637,10/20/21 04:00:00 AM,9.54,17.56,7.41,98.8,,,
2638,10/20/21 04:15:00 AM,9.41,17.48,7.31,97.3,,,
2639,10/20/21 04:30:00 AM,9.49,17.38,7.37,97.9,,,
2640,10/20/21 04:45:00 AM,9.27,17.28,7.2,95.4,,,
2641,10/20/21 05:00:00 AM,9.22,17.18,7.16,94.7,,,
2642,10/20/21 05:15:00 AM,8.94,17.08,6.94,91.7,,,
2643,10/20/21 05:30:00 AM,8.91,16.98,6.91,91.2,,,
2644,10/20/21 05:45:00 AM,8.95,16.9,6.94,91.4,,,
2645,10/20/21 06:00:00 AM,9.13,16.82,7.08,93.1,,,
2646,10/20/21 06:15:00 AM,9.19,16.74,7.13,93.6,,,
2647,10/20/21 06:30:00 AM,9.27,16.64,7.19,94.2,,,
2648,10/20/21 06:45:00 AM,9.41,16.52,7.29,95.4,,,
2649,10/20/21 07:00:00 AM,9.3,16.42,7.21,94,,,
2650,10/20/21 07:15:00 AM,10.19,16.32,7.9,102.8,,,
2651,10/20/21 07:30:00 AM,10.31,16.24,7.99,103.9,,,
2652,10/20/21 07:45:00 AM,10.54,16.18,8.16,106,,,
2653,10/20/21 08:00:00 AM,11.26,16.12,8.72,113.1,,,
2654,10/20/21 08:15:00 AM,12.95,16.08,10.03,130,,,
2655,10/20/21 08:30:00 AM,13.82,16.04,10.7,138.6,,,
2656,10/20/21 08:45:00 AM,13.38,15.86,10.36,133.7,,,
2657,10/20/21 09:00:00 AM,13.74,15.78,10.63,137.1,,,
2658,10/20/21 09:15:00 AM,14.14,15.94,10.95,141.5,,,
2659,10/20/21 09:30:00 AM,14.57,16.1,11.28,146.3,,,
2660,10/20/21 09:45:00 AM,15.15,16.26,11.74,152.7,,,
2661,10/20/21 10:00:00 AM,15.76,16.48,12.22,159.6,,,
2662,10/20/21 10:15:00 AM,15.95,16.66,12.37,162.1,,,
2663,10/20/21 10:30:00 AM,15.67,16.82,12.15,159.8,,,
2664,10/20/21 10:45:00 AM,16.1,17.06,12.49,165,,,
2665,10/20/21 11:00:00 AM,16.3,17.28,12.65,167.8,,,
2666,10/20/21 11:15:00 AM,16.43,17.48,12.76,169.9,,,
2667,10/20/21 11:30:00 AM,16.55,17.66,12.86,171.7,,,
2668,10/20/21 11:45:00 AM,16.69,17.86,12.97,173.9,,,
2669,10/20/21 12:00:00 PM,16.84,18.04,13.09,176.1,,,
2670,10/20/21 12:15:00 PM,16.7,18.22,12.99,175.3,,,
2671,10/20/21 12:30:00 PM,16.28,18.24,12.66,171,,,
2672,10/20/21 12:45:00 PM,16.39,18.2,12.75,172,,,
2673,10/20/21 01:00:00 PM,16.01,18.14,12.45,167.8,,,
2674,10/20/21 01:15:00 PM,16.1,18.12,12.52,168.7,,,
2675,10/20/21 01:30:00 PM,15.89,18.08,12.35,166.3,,,
2676,10/20/21 01:45:00 PM,15.8,18.04,12.28,165.2,,,
2677,10/20/21 02:00:00 PM,15.89,18.02,12.35,166.1,,,
2678,10/20/21 02:15:00 PM,15.68,17.94,12.19,163.7,,,
2679,10/20/21 02:30:00 PM,15.57,17.9,12.1,162.4,,,
2680,10/20/21 02:45:00 PM,15.47,17.88,12.02,161.3,,,
2681,10/20/21 03:00:00 PM,14.61,17.88,11.36,152.3,,,
2682,10/20/21 03:15:00 PM,13.74,17.9,10.68,143.3,,,
2683,10/20/21 03:30:00 PM,12.42,17.88,9.65,129.5,,,
2684,10/20/21 03:45:00 PM,12.99,17.8,10.09,135.2,,,
2685,10/20/21 04:00:00 PM,11.7,17.78,9.09,121.7,,,
2686,10/20/21 04:15:00 PM,10.86,17.78,8.44,113,,,
2687,10/20/21 04:30:00 PM,12.42,17.78,9.65,129.2,,,
2688,10/20/21 04:45:00 PM,10.85,17.72,8.43,112.7,,,
2689,10/20/21 05:00:00 PM,14.42,17.66,11.2,149.6,,,
2690,10/20/21 05:15:00 PM,14.36,17.62,11.16,148.9,,,
2691,10/20/21 05:30:00 PM,12.24,17.56,9.51,126.8,,,
2692,10/20/21 05:45:00 PM,12.89,17.5,10.01,133.3,,,
2693,10/20/21 06:00:00 PM,14.65,17.46,11.38,151.4,,,
2694,10/20/21 06:15:00 PM,14.95,17.38,11.61,154.2,,,
2695,10/20/21 06:30:00 PM,12.67,17.28,9.84,130.5,,,
2696,10/20/21 06:45:00 PM,12.09,17.24,9.38,124.4,,,
2697,10/20/21 07:00:00 PM,10.5,17.18,8.15,107.9,,,
2698,10/20/21 07:15:00 PM,10.88,17.14,8.44,111.7,,,
2699,10/20/21 07:30:00 PM,9.91,17.1,7.69,101.7,,,
2700,10/20/21 07:45:00 PM,9.46,17.04,7.34,96.9,,,
2701,10/20/21 08:00:00 PM,9.33,17,7.24,95.5,,,
2702,10/20/21 08:15:00 PM,9.38,16.98,7.28,96,,,
2703,10/20/21 08:30:00 PM,10.04,16.92,7.79,102.6,,,
2704,10/20/21 08:45:00 PM,11.74,16.86,9.11,119.8,,,
2705,10/20/21 09:00:00 PM,9.78,16.8,7.59,99.7,,,
2706,10/20/21 09:15:00 PM,8.42,16.76,6.53,85.8,,,
2707,10/20/21 09:30:00 PM,8.72,16.7,6.76,88.7,,,
2708,10/20/21 09:45:00 PM,8.73,16.66,6.77,88.7,,,
2709,10/20/21 10:00:00 PM,8.18,16.62,6.34,83.1,,,
2710,10/20/21 10:15:00 PM,7.5,16.62,5.81,76.2,,,
2711,10/20/21 10:30:00 PM,6.88,16.6,5.33,69.8,,,
2712,10/20/21 10:45:00 PM,6.39,16.6,4.95,64.9,,,
2713,10/20/21 11:00:00 PM,6.33,16.58,4.91,64.2,,,
2714,10/20/21 11:15:00 PM,6.84,16.58,5.3,69.4,,,
2715,10/20/21 11:30:00 PM,7.09,16.56,5.5,71.9,,,
2716,10/20/21 11:45:00 PM,7.04,16.54,5.46,71.4,,,
2717,10/21/21 12:00:00 AM,6.35,16.54,4.92,64.4,,,
2718,10/21/21 12:15:00 AM,5.98,16.52,4.64,60.6,,,
2719,10/21/21 12:30:00 AM,5.93,16.52,4.6,60.1,,,
2720,10/21/21 12:45:00 AM,5.73,16.48,4.44,58,,,
2721,10/21/21 01:00:00 AM,5.45,16.4,4.22,55.1,,,
2722,10/21/21 01:15:00 AM,5.12,16.32,3.97,51.7,,,
2723,10/21/21 01:30:00 AM,4.97,16.26,3.85,50.1,,,
2724,10/21/21 01:45:00 AM,4.79,16.2,3.71,48.2,,,
2725,10/21/21 02:00:00 AM,4.46,16.16,3.45,44.9,,,
2726,10/21/21 02:15:00 AM,4.3,16.1,3.33,43.2,,,
2727,10/21/21 02:30:00 AM,4,16.06,3.1,40.1,,,
2728,10/21/21 02:45:00 AM,3.72,16.02,2.88,37.3,,,
2729,10/21/21 03:00:00 AM,3.51,15.98,2.72,35.2,,,
2730,10/21/21 03:15:00 AM,3.39,15.96,2.62,33.9,,,
2731,10/21/21 03:30:00 AM,4.99,15.96,3.86,50,,,
2732,10/21/21 03:45:00 AM,5.64,15.96,4.37,56.5,,,
2733,10/21/21 04:00:00 AM,6.1,15.96,4.72,61.1,,,
2734,10/21/21 04:15:00 AM,5.28,15.96,4.09,52.9,,,
2735,10/21/21 04:30:00 AM,4.82,15.96,3.73,48.3,,,
2736,10/21/21 04:45:00 AM,4.59,15.98,3.55,46,,,
2737,10/21/21 05:00:00 AM,4.02,16,3.11,40.3,,,
2738,10/21/21 05:15:00 AM,2.92,16.02,2.26,29.3,,,
2739,10/21/21 05:30:00 AM,2.46,16.08,1.91,24.7,,,
2740,10/21/21 05:45:00 AM,2.6,16.12,2.01,26.1,,,
2741,10/21/21 06:00:00 AM,2.42,16.16,1.87,24.3,,,
2742,10/21/21 06:15:00 AM,2.36,16.2,1.83,23.8,,,
2743,10/21/21 06:30:00 AM,2.5,16.22,1.94,25.2,,,
2744,10/21/21 06:45:00 AM,2.52,16.26,1.95,25.4,,,
2745,10/21/21 07:00:00 AM,2.51,16.26,1.94,25.3,,,
2746,10/21/21 07:15:00 AM,2.47,16.3,1.91,24.9,,,
2747,10/21/21 07:30:00 AM,2.52,16.32,1.95,25.4,,,
2748,10/21/21 07:45:00 AM,4.06,16.38,3.15,41,,,
2749,10/21/21 08:00:00 AM,6.01,16.42,4.66,60.8,,,
2750,10/21/21 08:15:00 AM,10.9,16.52,8.45,110.5,,,
2751,10/21/21 08:30:00 AM,5.79,16.6,4.49,58.8,,,
2752,10/21/21 08:45:00 AM,5.51,16.64,4.27,56,,,
2753,10/21/21 09:00:00 AM,8.73,16.72,6.77,88.8,,,
2754,10/21/21 09:15:00 AM,13,16.82,10.08,132.6,,,
2755,10/21/21 09:30:00 AM,10.78,16.92,8.36,110.2,,,
2756,10/21/21 09:45:00 AM,10.1,17.02,7.84,103.4,,,
2757,10/21/21 10:00:00 AM,10.48,17.2,8.13,107.7,,,
2758,10/21/21 10:15:00 AM,10.4,17.46,8.08,107.5,,,
2759,10/21/21 10:30:00 AM,10.78,17.72,8.38,112,,,
2760,10/21/21 10:45:00 AM,11.82,17.94,9.19,123.4,,,
2761,10/21/21 11:00:00 AM,11.55,18.2,8.98,121.2,,,
2762,10/21/21 11:15:00 AM,11.31,18.46,8.8,119.3,,,
2763,10/21/21 11:30:00 AM,10.73,18.72,8.35,113.8,,,
2764,10/21/21 11:45:00 AM,10.73,19.04,8.36,114.5,,,
2765,10/21/21 12:00:00 PM,10.73,19.34,8.36,115.2,,,
2766,10/21/21 12:15:00 PM,10.63,19.64,8.29,114.8,,,
2767,10/21/21 12:30:00 PM,11.77,19.88,9.18,127.8,,,
2768,10/21/21 12:45:00 PM,12.78,20.1,9.98,139.3,,,
2769,10/21/21 01:00:00 PM,11.92,20.32,9.31,130.5,,,
2770,10/21/21 01:15:00 PM,11.68,20.52,9.12,128.4,,,
2771,10/21/21 01:30:00 PM,12.61,20.72,9.85,139.2,,,
2772,10/21/21 01:45:00 PM,14.57,20.9,11.39,161.4,,,
2773,10/21/21 02:00:00 PM,14.25,21.08,11.14,158.4,,,
2774,10/21/21 02:15:00 PM,13.91,21.22,10.88,155,,,
2775,10/21/21 02:30:00 PM,12.68,21.38,9.92,141.8,,,
2776,10/21/21 02:45:00 PM,14.53,21.54,11.37,162.9,,,
2777,10/21/21 03:00:00 PM,14.95,21.66,11.7,168,,,
2778,10/21/21 03:15:00 PM,13.66,21.76,10.69,153.8,,,
2779,10/21/21 03:30:00 PM,14.6,21.88,11.43,164.8,,,
2780,10/21/21 03:45:00 PM,14.51,21.96,11.36,164,,,
2781,10/21/21 04:00:00 PM,15.61,22.02,12.23,176.7,,,
2782,10/21/21 04:15:00 PM,15.75,22.08,12.34,178.5,,,
2783,10/21/21 04:30:00 PM,16.63,22.12,13.03,188.6,,,
2784,10/21/21 04:45:00 PM,16.68,22.16,13.07,189.3,,,
2785,10/21/21 05:00:00 PM,15.98,22.16,12.52,181.4,,,
2786,10/21/21 05:15:00 PM,15.07,22.16,11.81,171,,,
2787,10/21/21 05:30:00 PM,13.71,22.14,10.74,155.5,,,
2788,10/21/21 05:45:00 PM,12.12,22.12,9.5,137.4,,,
2789,10/21/21 06:00:00 PM,7.81,22.06,6.12,88.5,,,
2790,10/21/21 06:15:00 PM,5.86,22,4.59,66.3,,,
2791,10/21/21 06:30:00 PM,6.33,21.92,4.96,71.5,,,
2792,10/21/21 06:45:00 PM,7.85,21.8,6.15,88.5,,,
2793,10/21/21 07:00:00 PM,8.98,21.68,7.03,101,,,
2794,10/21/21 07:15:00 PM,9.61,21.6,7.52,107.9,,,
2795,10/21/21 07:30:00 PM,10.43,21.5,8.16,116.9,,,
2796,10/21/21 07:45:00 PM,10.51,21.38,8.22,117.5,,,
2797,10/21/21 08:00:00 PM,10.37,21.26,8.11,115.7,,,
2798,10/21/21 08:15:00 PM,9.79,21.14,7.66,108.9,,,
2799,10/21/21 08:30:00 PM,8.92,21.04,6.97,99.1,,,
2800,10/21/21 08:45:00 PM,7.57,20.94,5.92,83.9,,,
2801,10/21/21 09:00:00 PM,8.16,20.84,6.38,90.3,,,
2802,10/21/21 09:15:00 PM,7.52,20.74,5.88,83,,,
2803,10/21/21 09:30:00 PM,6.91,20.64,5.4,76.1,,,
2804,10/21/21 09:45:00 PM,7.13,20.5,5.57,78.3,,,
2805,10/21/21 10:00:00 PM,7.53,20.34,5.88,82.5,,,
2806,10/21/21 10:15:00 PM,7.91,20.16,6.17,86.3,,,
2807,10/21/21 10:30:00 PM,7.71,20,6.02,83.9,,,
2808,10/21/21 10:45:00 PM,7.23,19.86,5.64,78.4,,,
2809,10/21/21 11:00:00 PM,6.84,19.72,5.34,74,,,
2810,10/21/21 11:15:00 PM,6.54,19.6,5.1,70.6,,,
2811,10/21/21 11:30:00 PM,6.23,19.48,4.86,67.1,,,
2812,10/21/21 11:45:00 PM,5.62,19.38,4.38,60.4,,,
2813,10/22/21 12:00:00 AM,4.96,19.3,3.87,53.2,,,
2814,10/22/21 12:15:00 AM,4.28,19.22,3.34,45.8,,,
2815,10/22/21 12:30:00 AM,3.83,19.16,2.98,41,,,
2816,10/22/21 12:45:00 AM,3.49,19.08,2.72,37.3,,,
2817,10/22/21 01:00:00 AM,3.48,19.04,2.71,37.1,,,
2818,10/22/21 01:15:00 AM,3.49,19,2.72,37.2,,,
2819,10/22/21 01:30:00 AM,3.39,18.96,2.64,36.1,,,
2820,10/22/21 01:45:00 AM,3.2,18.92,2.49,34.1,,,
2821,10/22/21 02:00:00 AM,3.25,18.86,2.53,34.6,,,
2822,10/22/21 02:15:00 AM,3.24,18.78,2.52,34.4,,,
2823,10/22/21 02:30:00 AM,3.12,18.68,2.43,33.1,,,
2824,10/22/21 02:45:00 AM,2.92,18.6,2.27,30.9,,,
2825,10/22/21 03:00:00 AM,2.94,18.52,2.29,31.1,,,
2826,10/22/21 03:15:00 AM,3.16,18.46,2.46,33.3,,,
2827,10/22/21 03:30:00 AM,3.09,18.42,2.4,32.6,,,
2828,10/22/21 03:45:00 AM,2.93,18.36,2.28,30.8,,,
2829,10/22/21 04:00:00 AM,2.8,18.32,2.18,29.5,,,
2830,10/22/21 04:15:00 AM,2.58,18.24,2.01,27.1,,,
2831,10/22/21 04:30:00 AM,2.46,18.16,1.91,25.8,,,
2832,10/22/21 04:45:00 AM,2.31,18.1,1.8,24.2,,,
2833,10/22/21 05:00:00 AM,2.21,18.04,1.72,23.1,,,
2834,10/22/21 05:15:00 AM,1.97,18,1.53,20.6,,,
2835,10/22/21 05:30:00 AM,1.64,17.98,1.27,17.1,,,
2836,10/22/21 05:45:00 AM,1.39,17.92,1.08,14.5,,,
2837,10/22/21 06:00:00 AM,1.64,17.84,1.27,17.1,,,
2838,10/22/21 06:15:00 AM,1.62,17.78,1.26,16.9,,,
2839,10/22/21 06:30:00 AM,1.51,17.7,1.17,15.7,,,
2840,10/22/21 06:45:00 AM,1.6,17.64,1.24,16.6,,,
2841,10/22/21 07:00:00 AM,1.66,17.6,1.29,17.2,,,
2842,10/22/21 07:15:00 AM,2.13,17.6,1.65,22.1,,,
2843,10/22/21 07:30:00 AM,5.36,17.6,4.16,55.6,,,
2844,10/22/21 07:45:00 AM,4.87,17.66,3.78,50.5,,,
2845,10/22/21 08:00:00 AM,4.15,17.72,3.22,43.1,,,
2846,10/22/21 08:15:00 AM,3.32,17.8,2.58,34.6,,,
2847,10/22/21 08:30:00 AM,3.94,17.94,3.06,41.1,,,
2848,10/22/21 08:45:00 AM,3.32,18.08,2.58,34.8,,,
2849,10/22/21 09:00:00 AM,3.84,18.24,2.99,40.3,,,
2850,10/22/21 09:15:00 AM,3.89,18.38,3.03,41,,,
2851,10/22/21 09:30:00 AM,5.8,18.52,4.51,61.3,,,
2852,10/22/21 09:45:00 AM,6.86,18.68,5.34,72.7,,,
2853,10/22/21 10:00:00 AM,9.18,18.94,7.15,97.8,,,
2854,10/22/21 10:15:00 AM,15.09,19.26,11.76,161.8,,,
2855,10/22/21 10:30:00 AM,16.49,19.56,12.86,177.9,,,
2856,10/22/21 10:45:00 AM,17.59,19.8,13.72,190.6,,,
2857,10/22/21 11:00:00 AM,16.91,20,13.2,184,,,
2858,10/22/21 11:15:00 AM,16.64,20.14,12.99,181.6,,,
2859,10/22/21 11:30:00 AM,16.37,20.3,12.78,179.2,,,
2860,10/22/21 11:45:00 AM,16.25,20.48,12.69,178.5,,,
2861,10/22/21 12:00:00 PM,16.79,20.64,13.12,185,,,
2862,10/22/21 12:15:00 PM,16.97,20.86,13.26,187.8,,,
2863,10/22/21 12:30:00 PM,16.43,21.12,12.85,182.8,,,
2864,10/22/21 12:45:00 PM,17.18,21.3,13.44,191.8,,,
2865,10/22/21 01:00:00 PM,15.97,21.46,12.5,178.8,,,
2866,10/22/21 01:15:00 PM,15.23,21.58,11.92,170.9,,,
2867,10/22/21 01:30:00 PM,14.29,21.74,11.19,160.9,,,
2868,10/22/21 01:45:00 PM,13.84,21.92,10.84,156.3,,,
2869,10/22/21 02:00:00 PM,14.81,22.06,11.6,167.8,,,
2870,10/22/21 02:15:00 PM,16.04,22.22,12.57,182.3,,,
2871,10/22/21 02:30:00 PM,17.25,22.36,13.52,196.5,,,
2872,10/22/21 02:45:00 PM,17.56,22.48,13.77,200.5,,,
2873,10/22/21 03:00:00 PM,18.77,22.62,14.72,214.9,,,
2874,10/22/21 03:15:00 PM,19.52,22.74,15.31,224,,,
2875,10/22/21 03:30:00 PM,19.54,22.84,15.33,224.7,,,
2876,10/22/21 03:45:00 PM,18.68,22.9,14.66,215,,,
2877,10/22/21 04:00:00 PM,18.22,22.96,14.3,210,,,
2878,10/22/21 04:15:00 PM,18.57,22.98,14.57,214.1,,,
2879,10/22/21 04:30:00 PM,17.14,22.98,13.45,197.6,,,
2880,10/22/21 04:45:00 PM,16.85,22.96,13.22,194.2,,,
2881,10/22/21 05:00:00 PM,16.21,22.92,12.72,186.7,,,
2882,10/22/21 05:15:00 PM,15.55,22.86,12.2,178.9,,,
2883,10/22/21 05:30:00 PM,14.86,22.76,11.66,170.6,,,
2884,10/22/21 05:45:00 PM,14.17,22.64,11.11,162.3,,,
2885,10/22/21 06:00:00 PM,14.17,22.52,11.11,161.9,,,
2886,10/22/21 06:15:00 PM,13.75,22.38,10.78,156.7,,,
2887,10/22/21 06:30:00 PM,13.25,22.24,10.38,150.6,,,
2888,10/22/21 06:45:00 PM,13.25,22.12,10.38,150.3,,,
2889,10/22/21 07:00:00 PM,13.16,22.02,10.31,149,,,
2890,10/22/21 07:15:00 PM,12.99,21.9,10.17,146.7,,,
2891,10/22/21 07:30:00 PM,12.52,21.76,9.8,141,,,
2892,10/22/21 07:45:00 PM,12.22,21.62,9.57,137.3,,,
2893,10/22/21 08:00:00 PM,11.85,21.5,9.27,132.8,,,
2894,10/22/21 08:15:00 PM,11.63,21.38,9.1,130,,,
2895,10/22/21 08:30:00 PM,11.52,21.28,9.01,128.5,,,
2896,10/22/21 08:45:00 PM,11.75,21.16,9.19,130.8,,,
2897,10/22/21 09:00:00 PM,12.01,21.08,9.39,133.5,,,
2898,10/22/21 09:15:00 PM,11.88,21,9.29,131.8,,,
2899,10/22/21 09:30:00 PM,11.38,20.92,8.9,126.1,,,
2900,10/22/21 09:45:00 PM,11.02,20.84,8.61,121.9,,,
2901,10/22/21 10:00:00 PM,10.61,20.74,8.29,117.1,,,
2902,10/22/21 10:15:00 PM,10.32,20.68,8.06,113.8,,,
2903,10/22/21 10:30:00 PM,9.82,20.62,7.67,108.2,,,
2904,10/22/21 10:45:00 PM,9.98,20.58,7.8,109.8,,,
2905,10/22/21 11:00:00 PM,10.03,20.52,7.84,110.3,,,
2906,10/22/21 11:15:00 PM,9.73,20.44,7.6,106.8,,,
2907,10/22/21 11:30:00 PM,9.64,20.36,7.53,105.6,,,
2908,10/22/21 11:45:00 PM,9.86,20.28,7.7,107.9,,,
2909,10/23/21 12:00:00 AM,9.22,20.2,7.2,100.7,,,
2910,10/23/21 12:15:00 AM,9.4,20.12,7.34,102.5,,,
2911,10/23/21 12:30:00 AM,9.56,20.02,7.46,104.1,,,
2912,10/23/21 12:45:00 AM,9.56,19.92,7.46,103.9,,,
2913,10/23/21 01:00:00 AM,9.15,19.88,7.14,99.3,,,
2914,10/23/21 01:15:00 AM,8.99,19.84,7.01,97.5,,,
2915,10/23/21 01:30:00 AM,8.19,19.8,6.39,88.8,,,
2916,10/23/21 01:45:00 AM,8.14,19.74,6.35,88.1,,,
2917,10/23/21 02:00:00 AM,8.34,19.68,6.5,90.2,,,
2918,10/23/21 02:15:00 AM,8.69,19.6,6.78,93.8,,,
2919,10/23/21 02:30:00 AM,8.95,19.54,6.98,96.5,,,
2920,10/23/21 02:45:00 AM,9.02,19.46,7.03,97.1,,,
2921,10/23/21 03:00:00 AM,9.22,19.36,7.19,99,,,
2922,10/23/21 03:15:00 AM,9.19,19.24,7.16,98.5,,,
2923,10/23/21 03:30:00 AM,8.91,19.12,6.94,95.3,,,
2924,10/23/21 03:45:00 AM,8.33,19,6.49,88.8,,,
2925,10/23/21 04:00:00 AM,7.96,18.88,6.2,84.7,,,
2926,10/23/21 04:15:00 AM,7.69,18.8,5.99,81.7,,,
2927,10/23/21 04:30:00 AM,7.77,18.72,6.05,82.4,,,
2928,10/23/21 04:45:00 AM,7.44,18.64,5.79,78.8,,,
2929,10/23/21 05:00:00 AM,6.56,18.58,5.11,69.4,,,
2930,10/23/21 05:15:00 AM,6.01,18.54,4.68,63.5,,,
2931,10/23/21 05:30:00 AM,5.67,18.48,4.41,59.8,,,
2932,10/23/21 05:45:00 AM,5.48,18.42,4.26,57.8,,,
2933,10/23/21 06:00:00 AM,5.5,18.36,4.28,57.9,,,
2934,10/23/21 06:15:00 AM,5.23,18.3,4.07,55,,,
2935,10/23/21 06:30:00 AM,5.57,18.22,4.33,58.5,,,
2936,10/23/21 06:45:00 AM,6.28,18.16,4.88,65.8,,,
2937,10/23/21 07:00:00 AM,6.57,18.06,5.11,68.7,,,
2938,10/23/21 07:15:00 AM,7.82,17.96,6.08,81.7,,,
2939,10/23/21 07:30:00 AM,7.66,17.88,5.95,79.9,,,
2940,10/23/21 07:45:00 AM,6.89,17.86,5.35,71.8,,,
2941,10/23/21 08:00:00 AM,7.47,17.84,5.81,77.8,,,
2942,10/23/21 08:15:00 AM,8.87,17.9,6.89,92.5,,,
2943,10/23/21 08:30:00 AM,9.83,17.98,7.64,102.7,,,
2944,10/23/21 08:45:00 AM,9.74,18.1,7.57,102,,,
2945,10/23/21 09:00:00 AM,10.94,18.2,8.51,114.8,,,
2946,10/23/21 09:15:00 AM,11.62,18.32,9.04,122.2,,,
2947,10/23/21 09:30:00 AM,11.52,18.46,8.96,121.5,,,
2948,10/23/21 09:45:00 AM,11.05,18.58,8.6,116.8,,,
2949,10/23/21 10:00:00 AM,11.07,18.72,8.62,117.4,,,
2950,10/23/21 10:15:00 AM,11.42,18.82,8.89,121.4,,,
2951,10/23/21 10:30:00 AM,11.35,18.94,8.84,120.9,,,
2952,10/23/21 10:45:00 AM,12.64,19.08,9.85,135,,,
2953,10/23/21 11:00:00 AM,13.99,19.2,10.9,149.8,,,
2954,10/23/21 11:15:00 AM,13.42,19.28,10.46,143.9,,,
2955,10/23/21 11:30:00 AM,13,19.4,10.13,139.8,,,
2956,10/23/21 11:45:00 AM,12.78,19.52,9.96,137.7,,,
2957,10/23/21 12:00:00 PM,13.31,19.64,10.38,143.8,,,
2958,10/23/21 12:15:00 PM,13.56,19.74,10.58,146.8,,,
2959,10/23/21 12:30:00 PM,13.38,19.84,10.44,145.1,,,
2960,10/23/21 12:45:00 PM,13.41,19.92,10.46,145.7,,,
2961,10/23/21 01:00:00 PM,13.57,20.04,10.59,147.8,,,
2962,10/23/21 01:15:00 PM,13.66,20.12,10.66,149,,,
2963,10/23/21 01:30:00 PM,13.56,20.2,10.59,148.1,,,
2964,10/23/21 01:45:00 PM,13.78,20.28,10.76,150.8,,,
2965,10/23/21 02:00:00 PM,13.51,20.36,10.55,148,,,
2966,10/23/21 02:15:00 PM,13.25,20.48,10.35,145.5,,,
2967,10/23/21 02:30:00 PM,13.73,20.56,10.73,151.1,,,
2968,10/23/21 02:45:00 PM,13.93,20.66,10.88,153.6,,,
2969,10/23/21 03:00:00 PM,14.25,20.74,11.14,157.3,,,
2970,10/23/21 03:15:00 PM,14.54,20.74,11.36,160.5,,,
2971,10/23/21 03:30:00 PM,14.3,20.74,11.18,157.9,,,
2972,10/23/21 03:45:00 PM,14.46,20.72,11.3,159.6,,,
2973,10/23/21 04:00:00 PM,14.26,20.68,11.14,157.3,,,
2974,10/23/21 04:15:00 PM,14.5,20.66,11.33,159.8,,,
2975,10/23/21 04:30:00 PM,14.15,20.62,11.06,155.9,,,
2976,10/23/21 04:45:00 PM,14.21,20.54,11.1,156.3,,,
2977,10/23/21 05:00:00 PM,14.14,20.46,11.04,155.3,,,
2978,10/23/21 05:15:00 PM,14.02,20.38,10.95,153.7,,,
2979,10/23/21 05:30:00 PM,13.89,20.3,10.85,152,,,
2980,10/23/21 05:45:00 PM,14.27,20.2,11.14,155.9,,,
2981,10/23/21 06:00:00 PM,13.79,20.1,10.76,150.3,,,
2982,10/23/21 06:15:00 PM,13.93,20.02,10.87,151.6,,,
2983,10/23/21 06:30:00 PM,13.64,19.92,10.64,148.2,,,
2984,10/23/21 06:45:00 PM,12.99,19.84,10.13,140.9,,,
2985,10/23/21 07:00:00 PM,12.91,19.72,10.07,139.7,,,
2986,10/23/21 07:15:00 PM,12.63,19.6,9.85,136.3,,,
2987,10/23/21 07:30:00 PM,11.78,19.5,9.18,126.9,,,
2988,10/23/21 07:45:00 PM,11.5,19.38,8.96,123.6,,,
2989,10/23/21 08:00:00 PM,11.74,19.28,9.15,125.9,,,
2990,10/23/21 08:15:00 PM,11.56,19.18,9.01,123.7,,,
2991,10/23/21 08:30:00 PM,11.24,19.06,8.76,120,,,
2992,10/23/21 08:45:00 PM,10.79,18.94,8.4,114.9,,,
2993,10/23/21 09:00:00 PM,10.9,18.82,8.49,115.8,,,
2994,10/23/21 09:15:00 PM,10.94,18.74,8.52,116.1,,,
2995,10/23/21 09:30:00 PM,10.41,18.64,8.1,110.2,,,
2996,10/23/21 09:45:00 PM,9.65,18.56,7.51,102,,,
2997,10/23/21 10:00:00 PM,9.76,18.46,7.59,103,,,
2998,10/23/21 10:15:00 PM,9.73,18.38,7.57,102.5,,,
2999,10/23/21 10:30:00 PM,10.08,18.3,7.84,106,,,
3000,10/23/21 10:45:00 PM,10.01,18.22,7.79,105.1,,,
3001,10/23/21 11:00:00 PM,9.67,18.12,7.52,101.3,,,
3002,10/23/21 11:15:00 PM,9.38,18.04,7.29,98.1,,,
3003,10/23/21 11:30:00 PM,9.2,17.96,7.15,96.1,,,
3004,10/23/21 11:45:00 PM,9.17,17.88,7.13,95.6,,,
3005,10/24/21 12:00:00 AM,8.95,17.8,6.96,93.1,,,
3006,10/24/21 12:15:00 AM,8.71,17.72,6.77,90.5,,,
3007,10/24/21 12:30:00 AM,8.52,17.66,6.62,88.4,,,
3008,10/24/21 12:45:00 AM,8.72,17.6,6.77,90.4,,,
3009,10/24/21 01:00:00 AM,8.53,17.54,6.63,88.3,,,
3010,10/24/21 01:15:00 AM,8.24,17.48,6.4,85.2,,,
3011,10/24/21 01:30:00 AM,8.05,17.44,6.25,83.2,,,
3012,10/24/21 01:45:00 AM,7.71,17.4,5.99,79.6,,,
3013,10/24/21 02:00:00 AM,7.48,17.34,5.81,77.1,,,
3014,10/24/21 02:15:00 AM,7.35,17.28,5.71,75.7,,,
3015,10/24/21 02:30:00 AM,7.11,17.22,5.52,73.1,,,
3016,10/24/21 02:45:00 AM,7,17.16,5.43,71.9,,,
3017,10/24/21 03:00:00 AM,6.92,17.08,5.37,71,,,
3018,10/24/21 03:15:00 AM,6.95,17,5.39,71.1,,,
3019,10/24/21 03:30:00 AM,6.72,16.92,5.21,68.7,,,
3020,10/24/21 03:45:00 AM,6.44,16.86,5,65.7,,,
3021,10/24/21 04:00:00 AM,6.71,16.8,5.2,68.4,,,
3022,10/24/21 04:15:00 AM,6.83,16.74,5.3,69.5,,,
3023,10/24/21 04:30:00 AM,6.88,16.7,5.33,70,,,
3024,10/24/21 04:45:00 AM,6.86,16.64,5.32,69.7,,,
3025,10/24/21 05:00:00 AM,6.72,16.58,5.21,68.2,,,
3026,10/24/21 05:15:00 AM,6.6,16.52,5.12,66.9,,,
3027,10/24/21 05:30:00 AM,6.53,16.48,5.06,66.1,,,
3028,10/24/21 05:45:00 AM,6.55,16.44,5.08,66.3,,,
3029,10/24/21 06:00:00 AM,6.37,16.38,4.94,64.4,,,
3030,10/24/21 06:15:00 AM,6.12,16.34,4.74,61.8,,,
3031,10/24/21 06:30:00 AM,6.15,16.3,4.76,62,,,
3032,10/24/21 06:45:00 AM,5.91,16.26,4.58,59.6,,,
3033,10/24/21 07:00:00 AM,5.84,16.28,4.52,58.9,,,
3034,10/24/21 07:15:00 AM,6,16.26,4.65,60.5,,,
3035,10/24/21 07:30:00 AM,6.04,16.3,4.68,60.9,,,
3036,10/24/21 07:45:00 AM,6.53,16.34,5.06,65.9,,,
3037,10/24/21 08:00:00 AM,6.92,16.36,5.36,69.9,,,
3038,10/24/21 08:15:00 AM,7.16,16.38,5.55,72.3,,,
3039,10/24/21 08:30:00 AM,7.29,16.42,5.65,73.7,,,
3040,10/24/21 08:45:00 AM,8.19,16.46,6.35,82.9,,,
3041,10/24/21 09:00:00 AM,8.63,16.46,6.69,87.3,,,
3042,10/24/21 09:15:00 AM,8.84,16.52,6.85,89.6,,,
3043,10/24/21 09:30:00 AM,9.59,16.66,7.44,97.5,,,
3044,10/24/21 09:45:00 AM,10.09,16.8,7.83,102.9,,,
3045,10/24/21 10:00:00 AM,10.58,16.98,8.21,108.3,,,
3046,10/24/21 10:15:00 AM,10.93,17.16,8.48,112.3,,,
3047,10/24/21 10:30:00 AM,12.55,17.36,9.74,129.4,,,
3048,10/24/21 10:45:00 AM,13.31,17.58,10.34,137.9,,,
3049,10/24/21 11:00:00 AM,13.74,17.8,10.68,143,,,
3050,10/24/21 11:15:00 AM,13.48,17.96,10.48,140.8,,,
3051,10/24/21 11:30:00 AM,13.82,18.14,10.75,144.8,,,
3052,10/24/21 11:45:00 AM,14.11,18.32,10.98,148.4,,,
3053,10/24/21 12:00:00 PM,14.5,18.54,11.28,153.2,,,
3054,10/24/21 12:15:00 PM,14.79,18.78,11.52,157,,,
3055,10/24/21 12:30:00 PM,14.72,19.04,11.47,157.1,,,
3056,10/24/21 12:45:00 PM,15.84,19.26,12.34,169.8,,,
3057,10/24/21 01:00:00 PM,15.4,19.44,12.01,165.7,,,
3058,10/24/21 01:15:00 PM,16.24,19.54,12.66,175.1,,,
3059,10/24/21 01:30:00 PM,16.79,19.62,13.09,181.3,,,
3060,10/24/21 01:45:00 PM,17.2,19.72,13.42,186.1,,,
3061,10/24/21 02:00:00 PM,16.12,19.8,12.58,174.7,,,
3062,10/24/21 02:15:00 PM,18.02,19.9,14.06,195.7,,,
3063,10/24/21 02:30:00 PM,17.5,20.02,13.66,190.5,,,
3064,10/24/21 02:45:00 PM,18.6,20.12,14.52,202.9,,,
3065,10/24/21 03:00:00 PM,16.95,20.22,13.23,185.2,,,
3066,10/24/21 03:15:00 PM,16.57,20.34,12.94,181.5,,,
3067,10/24/21 03:30:00 PM,17.71,20.42,13.83,194.3,,,
3068,10/24/21 03:45:00 PM,17.05,20.5,13.32,187.4,,,
3069,10/24/21 04:00:00 PM,17.17,20.56,13.41,188.9,,,
3070,10/24/21 04:15:00 PM,17.89,20.6,13.98,197,,,
3071,10/24/21 04:30:00 PM,17.67,20.6,13.81,194.6,,,
3072,10/24/21 04:45:00 PM,17.36,20.6,13.56,191.1,,,
3073,10/24/21 05:00:00 PM,17.26,20.58,13.48,190,,,
3074,10/24/21 05:15:00 PM,16.85,20.52,13.16,185.2,,,
3075,10/24/21 05:30:00 PM,16.05,20.44,12.54,176.2,,,
3076,10/24/21 05:45:00 PM,16.02,20.36,12.51,175.6,,,
3077,10/24/21 06:00:00 PM,15.71,20.24,12.27,171.7,,,
3078,10/24/21 06:15:00 PM,15.68,20.12,12.24,171,,,
3079,10/24/21 06:30:00 PM,15.13,19.98,11.81,164.6,,,
3080,10/24/21 06:45:00 PM,14.88,19.84,11.61,161.4,,,
3081,10/24/21 07:00:00 PM,14.4,19.7,11.23,155.7,,,
3082,10/24/21 07:15:00 PM,14.31,19.56,11.16,154.3,,,
3083,10/24/21 07:30:00 PM,14.05,19.42,10.95,151.1,,,
3084,10/24/21 07:45:00 PM,13.88,19.26,10.82,148.8,,,
3085,10/24/21 08:00:00 PM,13.5,19.1,10.52,144.3,,,
3086,10/24/21 08:15:00 PM,13.08,18.96,10.19,139.4,,,
3087,10/24/21 08:30:00 PM,12.95,18.82,10.08,137.6,,,
3088,10/24/21 08:45:00 PM,12.84,18.68,10,136.1,,,
3089,10/24/21 09:00:00 PM,12.79,18.54,9.95,135.1,,,
3090,10/24/21 09:15:00 PM,12.57,18.42,9.78,132.5,,,
3091,10/24/21 09:30:00 PM,12.73,18.32,9.9,133.9,,,
3092,10/24/21 09:45:00 PM,12.23,18.2,9.51,128.3,,,
3093,10/24/21 10:00:00 PM,12.22,18.12,9.5,128,,,
3094,10/24/21 10:15:00 PM,11.71,18.02,9.1,122.4,,,
3095,10/24/21 10:30:00 PM,11.12,17.92,8.64,116,,,
3096,10/24/21 10:45:00 PM,10.56,17.82,8.21,109.9,,,
3097,10/24/21 11:00:00 PM,10.24,17.74,7.96,106.4,,,
3098,10/24/21 11:15:00 PM,10.03,17.66,7.79,104.1,,,
3099,10/24/21 11:30:00 PM,9.87,17.58,7.67,102.3,,,
3100,10/24/21 11:45:00 PM,10.24,17.5,7.95,105.9,,,
3101,10/25/21 12:00:00 AM,10.1,17.42,7.84,104.3,,,
3102,10/25/21 12:15:00 AM,10.03,17.32,7.79,103.4,,,
3103,10/25/21 12:30:00 AM,9.84,17.22,7.64,101.2,,,
3104,10/25/21 12:45:00 AM,9.67,17.14,7.5,99.3,,,
3105,10/25/21 01:00:00 AM,9.36,17.04,7.26,95.9,,,
3106,10/25/21 01:15:00 AM,9.35,16.96,7.25,95.6,,,
3107,10/25/21 01:30:00 AM,9.27,16.88,7.19,94.7,,,
3108,10/25/21 01:45:00 AM,9.13,16.8,7.08,93.1,,,
3109,10/25/21 02:00:00 AM,9.06,16.72,7.03,92.2,,,
3110,10/25/21 02:15:00 AM,9.05,16.64,7.02,91.9,,,
3111,10/25/21 02:30:00 AM,8.77,16.56,6.8,88.9,,,
3112,10/25/21 02:45:00 AM,8.63,16.48,6.69,87.4,,,
3113,10/25/21 03:00:00 AM,8.5,16.42,6.59,86,,,
3114,10/25/21 03:15:00 AM,8.59,16.36,6.66,86.8,,,
3115,10/25/21 03:30:00 AM,8.67,16.3,6.72,87.5,,,
3116,10/25/21 03:45:00 AM,8.6,16.22,6.66,86.6,,,
3117,10/25/21 04:00:00 AM,8.5,16.16,6.58,85.5,,,
3118,10/25/21 04:15:00 AM,8.44,16.08,6.54,84.7,,,
3119,10/25/21 04:30:00 AM,8.32,16.02,6.44,83.4,,,
3120,10/25/21 04:45:00 AM,8.05,15.94,6.23,80.6,,,
3121,10/25/21 05:00:00 AM,7.93,15.88,6.14,79.3,,,
3122,10/25/21 05:15:00 AM,7.75,15.82,6,77.4,,,
3123,10/25/21 05:30:00 AM,7.64,15.76,5.91,76.2,,,
3124,10/25/21 05:45:00 AM,7.54,15.7,5.83,75.1,,,
3125,10/25/21 06:00:00 AM,7.41,15.66,5.73,73.7,,,
3126,10/25/21 06:15:00 AM,7.36,15.6,5.69,73.1,,,
3127,10/25/21 06:30:00 AM,7.38,15.56,5.71,73.3,,,
3128,10/25/21 06:45:00 AM,7.45,15.52,5.76,73.9,,,
3129,10/25/21 07:00:00 AM,7.47,15.5,5.78,74.1,,,
3130,10/25/21 07:15:00 AM,7.42,15.48,5.74,73.6,,,
3131,10/25/21 07:30:00 AM,8.55,15.48,6.61,84.8,,,
3132,10/25/21 07:45:00 AM,10.08,15.5,7.8,100,,,
3133,10/25/21 08:00:00 AM,12.33,15.54,9.54,122.4,,,
3134,10/25/21 08:15:00 AM,15.33,15.58,11.86,152.3,,,
3135,10/25/21 08:30:00 AM,17.14,15.66,13.26,170.6,,,
3136,10/25/21 08:45:00 AM,18.28,15.76,14.15,182.3,,,
3137,10/25/21 09:00:00 AM,16.17,15.84,12.52,161.5,,,
3138,10/25/21 09:15:00 AM,14.24,15.96,11.03,142.6,,,
3139,10/25/21 09:30:00 AM,16.01,16.12,12.4,160.9,,,
3140,10/25/21 09:45:00 AM,16.3,16.3,12.63,164.4,,,
3141,10/25/21 10:00:00 AM,16.19,16.5,12.55,164,,,
3142,10/25/21 10:15:00 AM,16.06,16.74,12.45,163.5,,,
3143,10/25/21 10:30:00 AM,17.33,16.96,13.44,177.2,,,
3144,10/25/21 10:45:00 AM,17.91,17.16,13.9,183.9,,,
3145,10/25/21 11:00:00 AM,19.6,17.28,15.22,201.8,,,
3146,10/25/21 11:15:00 AM,19.56,17.32,15.19,201.6,,,
3147,10/25/21 11:30:00 AM,19.94,17.32,15.48,205.5,,,
3148,10/25/21 11:45:00 AM,19.2,17.28,14.91,197.7,,,
3149,10/25/21 12:00:00 PM,16.38,17.36,12.72,168.9,,,
3150,10/25/21 12:15:00 PM,24.73,17.54,19.21,256,,,
3151,10/25/21 12:30:00 PM,24.24,17.74,18.83,252,,,
3152,10/25/21 12:45:00 PM,23.76,18.24,18.48,249.5,,,
3153,10/25/21 01:00:00 PM,24.01,18.96,18.7,255.9,,,
3154,10/25/21 01:15:00 PM,24.29,19.72,18.95,262.8,,,
3155,10/25/21 01:30:00 PM,23.58,20.2,18.41,257.6,,,
3156,10/25/21 01:45:00 PM,23.17,20.52,18.1,254.7,,,
3157,10/25/21 02:00:00 PM,22.52,20.78,17.6,248.8,,,
3158,10/25/21 02:15:00 PM,22.33,21.02,17.46,247.9,,,
3159,10/25/21 02:30:00 PM,22.41,21.26,17.53,249.9,,,
3160,10/25/21 02:45:00 PM,22.58,21.46,17.67,252.8,,,
3161,10/25/21 03:00:00 PM,22.41,21.64,17.54,251.8,,,
3162,10/25/21 03:15:00 PM,22.44,21.8,17.57,252.9,,,
3163,10/25/21 03:30:00 PM,22.18,21.94,17.37,250.7,,,
3164,10/25/21 03:45:00 PM,21.85,22.04,17.12,247.4,,,
3165,10/25/21 04:00:00 PM,21.94,22.12,17.19,248.8,,,
3166,10/25/21 04:15:00 PM,22.13,22.18,17.34,251.3,,,
3167,10/25/21 04:30:00 PM,21.99,22.2,17.23,249.8,,,
3168,10/25/21 04:45:00 PM,21.42,22.18,16.78,243.2,,,
3169,10/25/21 05:00:00 PM,22.29,22.14,17.46,252.9,,,
3170,10/25/21 05:15:00 PM,22.86,22.08,17.91,259,,,
3171,10/25/21 05:30:00 PM,22.59,22,17.69,255.6,,,
3172,10/25/21 05:45:00 PM,20.99,21.86,16.44,236.8,,,
3173,10/25/21 06:00:00 PM,20.08,21.62,15.72,225.5,,,
3174,10/25/21 06:15:00 PM,19.85,21.4,15.53,222,,,
3175,10/25/21 06:30:00 PM,18.98,21.22,14.85,211.5,,,
3176,10/25/21 06:45:00 PM,17.4,21.08,13.61,193.4,,,
3177,10/25/21 07:00:00 PM,15.29,20.96,11.95,169.5,,,
3178,10/25/21 07:15:00 PM,14.33,20.82,11.2,158.5,,,
3179,10/25/21 07:30:00 PM,14.46,20.7,11.3,159.5,,,
3180,10/25/21 07:45:00 PM,14.91,20.54,11.65,164,,,
3181,10/25/21 08:00:00 PM,14.92,20.4,11.65,163.6,,,
3182,10/25/21 08:15:00 PM,14.57,20.28,11.38,159.4,,,
3183,10/25/21 08:30:00 PM,14.12,20.14,11.02,154.1,,,
3184,10/25/21 08:45:00 PM,13.35,20.04,10.42,145.4,,,
3185,10/25/21 09:00:00 PM,12.49,19.92,9.75,135.7,,,
3186,10/25/21 09:15:00 PM,11.88,19.82,9.27,128.8,,,
3187,10/25/21 09:30:00 PM,12.15,19.74,9.48,131.5,,,
3188,10/25/21 09:45:00 PM,10.53,19.66,8.21,113.8,,,
3189,10/25/21 10:00:00 PM,9.72,19.58,7.58,104.9,,,
3190,10/25/21 10:15:00 PM,10.66,19.52,8.31,114.9,,,
3191,10/25/21 10:30:00 PM,11.27,19.48,8.79,121.4,,,
3192,10/25/21 10:45:00 PM,11.46,19.42,8.93,123.3,,,
3193,10/25/21 11:00:00 PM,11.5,19.36,8.96,123.5,,,
3194,10/25/21 11:15:00 PM,11.58,19.28,9.02,124.2,,,
3195,10/25/21 11:30:00 PM,11.56,19.2,9.01,123.8,,,
3196,10/25/21 11:45:00 PM,11.49,19.1,8.95,122.8,,,
3197,10/26/21 12:00:00 AM,11.45,19.02,8.92,122.2,,,
3198,10/26/21 12:15:00 AM,11.35,18.94,8.84,120.9,,,
3199,10/26/21 12:30:00 AM,11.18,18.84,8.71,118.8,,,
3200,10/26/21 12:45:00 AM,11.07,18.7,8.62,117.3,,,
3201,10/26/21 01:00:00 AM,10.79,18.56,8.4,114.1,,,
3202,10/26/21 01:15:00 AM,10.88,18.4,8.46,114.6,,,
3203,10/26/21 01:30:00 AM,10.21,18.22,7.94,107.2,,,
3204,10/26/21 01:45:00 AM,9.3,18.04,7.23,97.3,,,
3205,10/26/21 02:00:00 AM,9.43,17.88,7.33,98.3,,,
3206,10/26/21 02:15:00 AM,9.11,17.76,7.08,94.7,,,
3207,10/26/21 02:30:00 AM,9.04,17.62,7.02,93.7,,,
3208,10/26/21 02:45:00 AM,9.06,17.48,7.04,93.7,,,
3209,10/26/21 03:00:00 AM,8.96,17.32,6.96,92.3,,,
3210,10/26/21 03:15:00 AM,8.15,17.18,6.33,83.7,,,
3211,10/26/21 03:30:00 AM,8.42,17.06,6.53,86.3,,,
3212,10/26/21 03:45:00 AM,9.16,16.94,7.11,93.6,,,
3213,10/26/21 04:00:00 AM,9.09,16.82,7.05,92.7,,,
3214,10/26/21 04:15:00 AM,9.13,16.72,7.08,92.9,,,
3215,10/26/21 04:30:00 AM,9.41,16.62,7.3,95.6,,,
3216,10/26/21 04:45:00 AM,9.48,16.54,7.35,96.1,,,
3217,10/26/21 05:00:00 AM,9.47,16.5,7.34,95.9,,,
3218,10/26/21 05:15:00 AM,9.4,16.46,7.29,95.1,,,
3219,10/26/21 05:30:00 AM,9.29,16.44,7.2,94,,,
3220,10/26/21 05:45:00 AM,9.36,16.38,7.25,94.6,,,
3221,10/26/21 06:00:00 AM,9.35,16.34,7.24,94.4,,,
3222,10/26/21 06:15:00 AM,9.35,16.28,7.24,94.3,,,
3223,10/26/21 06:30:00 AM,9.53,16.24,7.38,96,,,
3224,10/26/21 06:45:00 AM,9.83,16.2,7.61,98.9,,,
3225,10/26/21 07:00:00 AM,10.05,16.18,7.78,101.1,,,
3226,10/26/21 07:15:00 AM,10.24,16.16,7.93,103,,,
3227,10/26/21 07:30:00 AM,10.39,16.18,8.05,104.5,,,
3228,10/26/21 07:45:00 AM,10.67,16.2,8.27,107.4,,,
3229,10/26/21 08:00:00 AM,11.22,16.26,8.69,113.1,,,
3230,10/26/21 08:15:00 AM,11.86,16.28,9.19,119.6,,,
3231,10/26/21 08:30:00 AM,12.32,16.32,9.55,124.3,,,
3232,10/26/21 08:45:00 AM,13.06,16.38,10.12,132,,,
3233,10/26/21 09:00:00 AM,15.85,16.44,12.28,160.4,,,
3234,10/26/21 09:15:00 AM,17.21,16.52,13.34,174.4,,,
3235,10/26/21 09:30:00 AM,19.92,16.6,15.44,202.2,,,
3236,10/26/21 09:45:00 AM,22.06,16.68,17.1,224.3,,,
3237,10/26/21 10:00:00 AM,22.43,16.8,17.4,228.6,,,
3238,10/26/21 10:15:00 AM,19.3,16.96,14.97,197.4,,,
3239,10/26/21 10:30:00 AM,16.85,17.12,13.08,172.9,,,
3240,10/26/21 10:45:00 AM,20.19,17.3,15.67,208,,,
3241,10/26/21 11:00:00 AM,20.22,17.48,15.7,209.1,,,
3242,10/26/21 11:15:00 AM,20.6,17.7,16.01,214,,,
3243,10/26/21 11:30:00 AM,20.45,17.88,15.89,213.2,,,
3244,10/26/21 11:45:00 AM,20.19,18.08,15.7,211.3,,,
3245,10/26/21 12:00:00 PM,21.03,18.34,16.36,221.3,,,
3246,10/26/21 12:15:00 PM,21.69,18.6,16.88,229.5,,,
3247,10/26/21 12:30:00 PM,19.45,18.84,15.15,206.8,,,
3248,10/26/21 12:45:00 PM,18.23,19.1,14.2,194.8,,,
3249,10/26/21 01:00:00 PM,17.93,19.36,13.98,192.6,,,
3250,10/26/21 01:15:00 PM,18.43,19.64,14.37,199.1,,,
3251,10/26/21 01:30:00 PM,18.8,19.9,14.67,204.1,,,
3252,10/26/21 01:45:00 PM,19.1,20.14,14.91,208.4,,,
3253,10/26/21 02:00:00 PM,19.09,20.34,14.91,209.1,,,
3254,10/26/21 02:15:00 PM,18.87,20.54,14.74,207.5,,,
3255,10/26/21 02:30:00 PM,18.3,20.72,14.3,202,,,
3256,10/26/21 02:45:00 PM,17.94,20.88,14.02,198.6,,,
3257,10/26/21 03:00:00 PM,18.32,21.08,14.33,203.6,,,
3258,10/26/21 03:15:00 PM,18.71,21.22,14.63,208.5,,,
3259,10/26/21 03:30:00 PM,18.54,21.34,14.5,207.1,,,
3260,10/26/21 03:45:00 PM,18.37,21.46,14.37,205.7,,,
3261,10/26/21 04:00:00 PM,18.16,21.54,14.21,203.7,,,
3262,10/26/21 04:15:00 PM,18.75,21.62,14.68,210.6,,,
3263,10/26/21 04:30:00 PM,19.24,21.66,15.06,216.3,,,
3264,10/26/21 04:45:00 PM,19.4,21.72,15.19,218.3,,,
3265,10/26/21 05:00:00 PM,19.98,21.78,15.64,225.1,,,
3266,10/26/21 05:15:00 PM,19.99,21.84,15.65,225.5,,,
3267,10/26/21 05:30:00 PM,19.66,21.88,15.4,221.9,,,
3268,10/26/21 05:45:00 PM,19.12,21.88,14.97,215.8,,,
3269,10/26/21 06:00:00 PM,18.58,21.86,14.55,209.7,,,
3270,10/26/21 06:15:00 PM,18.27,21.82,14.31,206,,,
3271,10/26/21 06:30:00 PM,17.74,21.72,13.89,199.6,,,
3272,10/26/21 06:45:00 PM,17.26,21.6,13.51,193.8,,,
3273,10/26/21 07:00:00 PM,16.92,21.46,13.24,189.5,,,
3274,10/26/21 07:15:00 PM,16.91,21.34,13.23,188.9,,,
3275,10/26/21 07:30:00 PM,16.57,21.24,12.96,184.7,,,
3276,10/26/21 07:45:00 PM,16.38,21.1,12.81,182.1,,,
3277,10/26/21 08:00:00 PM,16.25,20.98,12.7,180.3,,,
3278,10/26/21 08:15:00 PM,15.88,20.88,12.41,175.8,,,
3279,10/26/21 08:30:00 PM,15.59,20.78,12.18,172.3,,,
3280,10/26/21 08:45:00 PM,14.88,20.68,11.63,164.1,,,
3281,10/26/21 09:00:00 PM,14.17,20.56,11.07,155.9,,,
3282,10/26/21 09:15:00 PM,13.5,20.46,10.54,148.2,,,
3283,10/26/21 09:30:00 PM,13.35,20.36,10.43,146.3,,,
3284,10/26/21 09:45:00 PM,12.92,20.26,10.09,141.3,,,
3285,10/26/21 10:00:00 PM,11.66,20.18,9.1,127.3,,,
3286,10/26/21 10:15:00 PM,11.27,20.1,8.8,122.9,,,
3287,10/26/21 10:30:00 PM,10.9,20,8.51,118.6,,,
3288,10/26/21 10:45:00 PM,10.77,19.9,8.4,117,,,
3289,10/26/21 11:00:00 PM,11.37,19.8,8.87,123.2,,,
3290,10/26/21 11:15:00 PM,12.05,19.7,9.4,130.3,,,
3291,10/26/21 11:30:00 PM,12.03,19.6,9.38,129.9,,,
3292,10/26/21 11:45:00 PM,11.64,19.48,9.07,125.3,,,
3293,10/27/21 12:00:00 AM,11.27,19.38,8.78,121.1,,,
3294,10/27/21 12:15:00 AM,10.86,19.24,8.46,116.4,,,
3295,10/27/21 12:30:00 AM,10.61,19.08,8.27,113.3,,,
3296,10/27/21 12:45:00 AM,10.21,18.88,7.95,108.6,,,
3297,10/27/21 01:00:00 AM,9.81,18.66,7.64,103.9,,,
3298,10/27/21 01:15:00 AM,9.9,18.48,7.7,104.5,,,
3299,10/27/21 01:30:00 AM,10.16,18.3,7.9,106.8,,,
3300,10/27/21 01:45:00 AM,10.08,18.1,7.84,105.6,,,
3301,10/27/21 02:00:00 AM,10.25,17.88,7.97,106.9,,,
3302,10/27/21 02:15:00 AM,10.21,17.66,7.93,106,,,
3303,10/27/21 02:30:00 AM,10.43,17.46,8.1,107.8,,,
3304,10/27/21 02:45:00 AM,10.88,17.28,8.45,112,,,
3305,10/27/21 03:00:00 AM,11.09,17.16,8.61,113.9,,,
3306,10/27/21 03:15:00 AM,10.16,17.08,7.88,104.2,,,
3307,10/27/21 03:30:00 AM,9.48,17.06,7.36,97.2,,,
3308,10/27/21 03:45:00 AM,9.97,17.08,7.74,102.2,,,
3309,10/27/21 04:00:00 AM,10.79,17.1,8.37,110.7,,,
3310,10/27/21 04:15:00 AM,11.08,17.08,8.6,113.6,,,
3311,10/27/21 04:30:00 AM,11.49,17.04,8.92,117.7,,,
3312,10/27/21 04:45:00 AM,11.38,16.98,8.83,116.4,,,
3313,10/27/21 05:00:00 AM,11.07,16.88,8.59,113,,,
3314,10/27/21 05:15:00 AM,11.14,16.76,8.64,113.5,,,
3315,10/27/21 05:30:00 AM,11.29,16.64,8.75,114.7,,,
3316,10/27/21 05:45:00 AM,11.33,16.5,8.78,114.8,,,
3317,10/27/21 06:00:00 AM,11.29,16.38,8.75,114.1,,,
3318,10/27/21 06:15:00 AM,11.77,16.28,9.12,118.7,,,
3319,10/27/21 06:30:00 AM,12.01,16.16,9.3,120.8,,,
3320,10/27/21 06:45:00 AM,12.01,16.02,9.3,120.4,,,
3321,10/27/21 07:00:00 AM,12.14,15.92,9.4,121.5,,,
3322,10/27/21 07:15:00 AM,12.17,15.82,9.42,121.5,,,
3323,10/27/21 07:30:00 AM,12.29,15.74,9.51,122.5,,,
3324,10/27/21 07:45:00 AM,12.42,15.66,9.61,123.6,,,
3325,10/27/21 08:00:00 AM,12.87,15.62,9.96,128,,,
3326,10/27/21 08:15:00 AM,13.03,15.58,10.08,129.4,,,
3327,10/27/21 08:30:00 AM,13,15.56,10.06,129.1,,,
3328,10/27/21 08:45:00 AM,13.6,15.58,10.52,135.1,,,
3329,10/27/21 09:00:00 AM,14.01,15.62,10.84,139.3,,,
3330,10/27/21 09:15:00 AM,13.92,15.68,10.77,138.6,,,
3331,10/27/21 09:30:00 AM,13.98,15.74,10.82,139.4,,,
3332,10/27/21 09:45:00 AM,14.34,15.8,11.1,143.1,,,
3333,10/27/21 10:00:00 AM,15.67,15.84,12.13,156.5,,,
3334,10/27/21 10:15:00 AM,16.49,15.88,12.77,164.9,,,
3335,10/27/21 10:30:00 AM,16.33,15.92,12.64,163.4,,,
3336,10/27/21 10:45:00 AM,16.17,15.98,12.52,162,,,
3337,10/27/21 11:00:00 AM,15.87,16.04,12.29,159.2,,,
3338,10/27/21 11:15:00 AM,16,16.08,12.39,160.6,,,
3339,10/27/21 11:30:00 AM,16.7,16.14,12.93,167.9,,,
3340,10/27/21 11:45:00 AM,17.55,16.18,13.59,176.6,,,
3341,10/27/21 12:00:00 PM,17.47,16.22,13.53,175.9,,,
3342,10/27/21 12:15:00 PM,16.63,16.24,12.88,167.5,,,
3343,10/27/21 12:30:00 PM,16.23,16.28,12.57,163.6,,,
3344,10/27/21 12:45:00 PM,16.1,16.34,12.48,162.5,,,
3345,10/27/21 01:00:00 PM,15.86,16.4,12.29,160.3,,,
3346,10/27/21 01:15:00 PM,15.42,16.5,11.95,156.2,,,
3347,10/27/21 01:30:00 PM,15.39,16.58,11.93,156.2,,,
3348,10/27/21 01:45:00 PM,15.16,16.68,11.75,154.1,,,
3349,10/27/21 02:00:00 PM,15.49,16.86,12.01,158.1,,,
3350,10/27/21 02:15:00 PM,15.43,17.04,11.97,158.1,,,
3351,10/27/21 02:30:00 PM,15.59,17.28,12.1,160.5,,,
3352,10/27/21 02:45:00 PM,16.23,17.52,12.61,167.9,,,
3353,10/27/21 03:00:00 PM,15.74,17.76,12.23,163.7,,,
3354,10/27/21 03:15:00 PM,16.11,18,12.52,168.4,,,
3355,10/27/21 03:30:00 PM,16.27,18.22,12.65,170.8,,,
3356,10/27/21 03:45:00 PM,16.24,18.4,12.63,171.1,,,
3357,10/27/21 04:00:00 PM,16.14,18.54,12.56,170.5,,,
3358,10/27/21 04:15:00 PM,15.9,18.68,12.38,168.5,,,
3359,10/27/21 04:30:00 PM,15.85,18.78,12.34,168.3,,,
3360,10/27/21 04:45:00 PM,15.86,18.88,12.35,168.7,,,
3361,10/27/21 05:00:00 PM,15.85,18.98,12.35,169,,,
3362,10/27/21 05:15:00 PM,15.56,19.1,12.12,166.3,,,
3363,10/27/21 05:30:00 PM,15.14,19.22,11.8,162.2,,,
3364,10/27/21 05:45:00 PM,14.92,19.32,11.63,160.1,,,
3365,10/27/21 06:00:00 PM,14.82,19.5,11.55,159.7,,,
3366,10/27/21 06:15:00 PM,15.5,19.7,12.09,167.6,,,
3367,10/27/21 06:30:00 PM,15.97,19.82,12.46,173.1,,,
3368,10/27/21 06:45:00 PM,15.88,19.86,12.39,172.3,,,
3369,10/27/21 07:00:00 PM,16.04,19.82,12.51,173.9,,,
3370,10/27/21 07:15:00 PM,15.7,19.74,12.25,169.9,,,
3371,10/27/21 07:30:00 PM,15.43,19.6,12.03,166.6,,,
3372,10/27/21 07:45:00 PM,15.16,19.44,11.82,163.1,,,
3373,10/27/21 08:00:00 PM,13.82,19.32,10.77,148.3,,,
3374,10/27/21 08:15:00 PM,14.92,19.24,11.63,159.9,,,
3375,10/27/21 08:30:00 PM,15.84,19.18,12.34,169.5,,,
3376,10/27/21 08:45:00 PM,16.56,19.1,12.9,177,,,
3377,10/27/21 09:00:00 PM,17.22,19.02,13.41,183.7,,,
3378,10/27/21 09:15:00 PM,18,18.94,14.02,191.7,,,
3379,10/27/21 09:30:00 PM,18.4,18.86,14.33,195.7,,,
3380,10/27/21 09:45:00 PM,18.58,18.78,14.47,197.3,,,
3381,10/27/21 10:00:00 PM,18.48,18.7,14.39,195.9,,,
3382,10/27/21 10:15:00 PM,18.39,18.62,14.31,194.6,,,
3383,10/27/21 10:30:00 PM,17.95,18.58,13.97,189.8,,,
3384,10/27/21 10:45:00 PM,17.46,18.56,13.59,184.6,,,
3385,10/27/21 11:00:00 PM,17,18.52,13.23,179.6,,,
3386,10/27/21 11:15:00 PM,16.49,18.5,12.83,174.1,,,
3387,10/27/21 11:30:00 PM,16.03,18.46,12.47,169.1,,,
3388,10/27/21 11:45:00 PM,15.37,18.42,11.96,162,,,
3389,10/28/21 12:00:00 AM,14.61,18.36,11.37,153.8,,,
3390,10/28/21 12:15:00 AM,13.54,18.32,10.53,142.4,,,
3391,10/28/21 12:30:00 AM,13.06,18.28,10.16,137.3,,,
3392,10/28/21 12:45:00 AM,13.23,18.24,10.29,138.9,,,
3393,10/28/21 01:00:00 AM,12.17,18.22,9.47,127.8,,,
3394,10/28/21 01:15:00 AM,11.69,18.2,9.09,122.7,,,
3395,10/28/21 01:30:00 AM,11.44,18.2,8.9,120,,,
3396,10/28/21 01:45:00 AM,10.51,18.2,8.17,110.3,,,
3397,10/28/21 02:00:00 AM,9.07,18.22,7.05,95.2,,,
3398,10/28/21 02:15:00 AM,7.74,18.22,6.02,81.2,,,
3399,10/28/21 02:30:00 AM,6.81,18.24,5.3,71.5,,,
3400,10/28/21 02:45:00 AM,6.39,18.24,4.97,67.1,,,
3401,10/28/21 03:00:00 AM,6.53,18.22,5.08,68.5,,,
3402,10/28/21 03:15:00 AM,6.87,18.22,5.34,72.1,,,
3403,10/28/21 03:30:00 AM,7.97,18.2,6.2,83.6,,,
3404,10/28/21 03:45:00 AM,8.32,18.18,6.47,87.3,,,
3405,10/28/21 04:00:00 AM,8.29,18.14,6.45,86.9,,,
3406,10/28/21 04:15:00 AM,8.15,18.12,6.34,85.4,,,
3407,10/28/21 04:30:00 AM,8.19,18.1,6.37,85.8,,,
3408,10/28/21 04:45:00 AM,8.03,18.08,6.24,84.1,,,
3409,10/28/21 05:00:00 AM,7.83,18.06,6.09,81.9,,,
3410,10/28/21 05:15:00 AM,7.46,18.04,5.8,78,,,
3411,10/28/21 05:30:00 AM,7.29,18.02,5.67,76.2,,,
3412,10/28/21 05:45:00 AM,7.18,18,5.58,75,,,
3413,10/28/21 06:00:00 AM,7,17.98,5.44,73.1,,,
3414,10/28/21 06:15:00 AM,6.83,17.98,5.31,71.3,,,
3415,10/28/21 06:30:00 AM,6.59,17.96,5.12,68.8,,,
3416,10/28/21 06:45:00 AM,6.53,17.94,5.08,68.2,,,
3417,10/28/21 07:00:00 AM,6.46,17.92,5.02,67.4,,,
3418,10/28/21 07:15:00 AM,6.57,17.94,5.11,68.6,,,
3419,10/28/21 07:30:00 AM,6.79,17.94,5.28,70.9,,,
3420,10/28/21 07:45:00 AM,7.12,17.94,5.53,74.3,,,
3421,10/28/21 08:00:00 AM,6.94,17.92,5.39,72.4,,,
3422,10/28/21 08:15:00 AM,7.12,17.94,5.53,74.3,,,
3423,10/28/21 08:30:00 AM,7.75,18,6.02,81,,,
3424,10/28/21 08:45:00 AM,10.09,18.12,7.85,105.7,,,
3425,10/28/21 09:00:00 AM,7.68,18.16,5.97,80.5,,,
3426,10/28/21 09:15:00 AM,7.94,18.2,6.18,83.3,,,
3427,10/28/21 09:30:00 AM,8.52,18.22,6.63,89.4,,,
3428,10/28/21 09:45:00 AM,9.06,18.26,7.05,95.2,,,
3429,10/28/21 10:00:00 AM,9.31,18.28,7.24,97.9,,,
3430,10/28/21 10:15:00 AM,9.4,18.28,7.31,98.8,,,
3431,10/28/21 10:30:00 AM,9.08,18.28,7.06,95.4,,,
3432,10/28/21 10:45:00 AM,8.83,18.3,6.87,92.8,,,
3433,10/28/21 11:00:00 AM,10.92,18.38,8.5,115,,,
3434,10/28/21 11:15:00 AM,13.08,18.48,10.18,138,,,
3435,10/28/21 11:30:00 AM,13.36,18.48,10.4,141,,,
3436,10/28/21 11:45:00 AM,13.25,18.5,10.31,139.9,,,
3437,10/28/21 12:00:00 PM,12.85,18.74,10,136.3,,,
3438,10/28/21 12:15:00 PM,14.58,19.04,11.36,155.6,,,
3439,10/28/21 12:30:00 PM,14.14,19.32,11.02,151.8,,,
3440,10/28/21 12:45:00 PM,14.47,19.48,11.28,155.8,,,
3441,10/28/21 01:00:00 PM,14.44,19.6,11.26,155.9,,,
3442,10/28/21 01:15:00 PM,13.79,19.6,10.75,148.9,,,
3443,10/28/21 01:30:00 PM,13.32,19.62,10.39,143.8,,,
3444,10/28/21 01:45:00 PM,12.44,19.7,9.7,134.5,,,
3445,10/28/21 02:00:00 PM,12.19,19.78,9.51,132.1,,,
3446,10/28/21 02:15:00 PM,13.24,19.94,10.33,143.9,,,
3447,10/28/21 02:30:00 PM,13.87,20.06,10.83,151.1,,,
3448,10/28/21 02:45:00 PM,13.81,20.18,10.78,150.8,,,
3449,10/28/21 03:00:00 PM,14.7,20.34,11.48,161,,,
3450,10/28/21 03:15:00 PM,15.52,20.5,12.12,170.5,,,
3451,10/28/21 03:30:00 PM,15.03,20.62,11.74,165.6,,,
3452,10/28/21 03:45:00 PM,14.57,20.74,11.39,160.9,,,
3453,10/28/21 04:00:00 PM,14.26,20.82,11.15,157.7,,,
3454,10/28/21 04:15:00 PM,13.94,20.88,10.9,154.3,,,
3455,10/28/21 04:30:00 PM,13.82,20.94,10.8,153.2,,,
3456,10/28/21 04:45:00 PM,14.08,20.94,11.01,156.1,,,
3457,10/28/21 05:00:00 PM,13.98,20.9,10.93,154.8,,,
3458,10/28/21 05:15:00 PM,13.87,20.9,10.84,153.6,,,
3459,10/28/21 05:30:00 PM,13.25,20.88,10.36,146.7,,,
3460,10/28/21 05:45:00 PM,15.55,20.88,12.16,172.2,,,
3461,10/28/21 06:00:00 PM,15.73,20.84,12.29,174,,,
3462,10/28/21 06:15:00 PM,15.52,20.78,12.13,171.5,,,
3463,10/28/21 06:30:00 PM,14.36,20.6,11.22,158.1,,,
3464,10/28/21 06:45:00 PM,14.46,20.28,11.29,158.2,,,
3465,10/28/21 07:00:00 PM,12.61,19.74,9.84,136.5,,,
3466,10/28/21 07:15:00 PM,12.64,19.5,9.85,136.2,,,
3467,10/28/21 07:30:00 PM,12.43,19.3,9.69,133.4,,,
3468,10/28/21 07:45:00 PM,11.87,19.22,9.25,127.2,,,
3469,10/28/21 08:00:00 PM,11.51,19.1,8.97,123,,,
3470,10/28/21 08:15:00 PM,11.11,18.96,8.65,118.4,,,
3471,10/28/21 08:30:00 PM,10.77,18.8,8.39,114.4,,,
3472,10/28/21 08:45:00 PM,10.4,18.7,8.1,110.2,,,
3473,10/28/21 09:00:00 PM,10.15,18.6,7.9,107.4,,,
3474,10/28/21 09:15:00 PM,10.01,18.48,7.79,105.6,,,
3475,10/28/21 09:30:00 PM,9.71,18.38,7.55,102.3,,,
3476,10/28/21 09:45:00 PM,9.47,18.28,7.37,99.5,,,
3477,10/28/21 10:00:00 PM,9.5,18.1,7.39,99.5,,,
3478,10/28/21 10:15:00 PM,9.45,17.98,7.35,98.7,,,
3479,10/28/21 10:30:00 PM,9.2,17.84,7.15,95.8,,,
3480,10/28/21 10:45:00 PM,9.09,17.76,7.06,94.5,,,
3481,10/28/21 11:00:00 PM,8.82,17.7,6.85,91.6,,,
3482,10/28/21 11:15:00 PM,8.31,17.66,6.46,86.2,,,
3483,10/28/21 11:30:00 PM,7.66,17.66,5.95,79.5,,,
3484,10/28/21 11:45:00 PM,7.22,17.64,5.61,74.9,,,
3485,10/29/21 12:00:00 AM,7.05,17.6,5.48,73.1,,,
3486,10/29/21 12:15:00 AM,7.03,17.54,5.46,72.8,,,
3487,10/29/21 12:30:00 AM,7.7,17.44,5.98,79.5,,,
3488,10/29/21 12:45:00 AM,7.78,17.34,6.04,80.2,,,
3489,10/29/21 01:00:00 AM,7.76,17.22,6.02,79.8,,,
3490,10/29/21 01:15:00 AM,7.72,17.14,5.99,79.3,,,
3491,10/29/21 01:30:00 AM,7.41,17.06,5.75,75.9,,,
3492,10/29/21 01:45:00 AM,7.35,17,5.7,75.2,,,
3493,10/29/21 02:00:00 AM,7.08,16.88,5.49,72.3,,,
3494,10/29/21 02:15:00 AM,6.83,16.82,5.3,69.7,,,
3495,10/29/21 02:30:00 AM,6.65,16.76,5.16,67.7,,,
3496,10/29/21 02:45:00 AM,6.47,16.72,5.02,65.8,,,
3497,10/29/21 03:00:00 AM,6.22,16.66,4.82,63.2,,,
3498,10/29/21 03:15:00 AM,6.03,16.6,4.67,61.2,,,
3499,10/29/21 03:30:00 AM,6.04,16.5,4.68,61.2,,,
3500,10/29/21 03:45:00 AM,6.62,16.3,5.13,66.8,,,
3501,10/29/21 04:00:00 AM,7.46,16.04,5.78,74.8,,,
3502,10/29/21 04:15:00 AM,7.85,15.78,6.08,78.3,,,
3503,10/29/21 04:30:00 AM,8.16,15.58,6.31,81.1,,,
3504,10/29/21 04:45:00 AM,8.07,15.44,6.24,79.9,,,
3505,10/29/21 05:00:00 AM,8,15.3,6.19,79,,,
3506,10/29/21 05:15:00 AM,8.01,15.2,6.19,78.9,,,
3507,10/29/21 05:30:00 AM,7.92,15.14,6.12,77.9,,,
3508,10/29/21 05:45:00 AM,7.97,15.06,6.16,78.3,,,
3509,10/29/21 06:00:00 AM,7.84,15,6.06,76.9,,,
3510,10/29/21 06:15:00 AM,7.67,15,5.93,75.3,,,
3511,10/29/21 06:30:00 AM,7.73,14.98,5.97,75.8,,,
3512,10/29/21 06:45:00 AM,7.85,14.96,6.07,77,,,
3513,10/29/21 07:00:00 AM,8.03,14.94,6.2,78.7,,,
3514,10/29/21 07:15:00 AM,8.54,14.98,6.6,83.8,,,
3515,10/29/21 07:30:00 AM,8.45,14.98,6.53,82.9,,,
3516,10/29/21 07:45:00 AM,8.75,15.02,6.76,85.9,,,
3517,10/29/21 08:00:00 AM,9.04,15.04,6.99,88.8,,,
3518,10/29/21 08:15:00 AM,9.41,15.02,7.27,92.4,,,
3519,10/29/21 08:30:00 AM,9.7,15.02,7.5,95.2,,,
3520,10/29/21 08:45:00 AM,10.36,15.04,8.01,101.7,,,
3521,10/29/21 09:00:00 AM,10.72,15.06,8.28,105.3,,,
3522,10/29/21 09:15:00 AM,11.28,15.08,8.72,110.9,,,
3523,10/29/21 09:30:00 AM,11.39,15.12,8.8,112,,,
3524,10/29/21 09:45:00 AM,11.62,15.12,8.98,114.3,,,
3525,10/29/21 10:00:00 AM,12,15.18,9.28,118.2,,,
3526,10/29/21 10:15:00 AM,13.41,15.3,10.37,132.4,,,
3527,10/29/21 10:30:00 AM,13.93,15.44,10.77,138,,,
3528,10/29/21 10:45:00 AM,14.56,15.6,11.26,144.7,,,
3529,10/29/21 11:00:00 AM,15.29,15.78,11.83,152.5,,,
3530,10/29/21 11:15:00 AM,15.63,15.94,12.1,156.5,,,
3531,10/29/21 11:30:00 AM,16.3,16.08,12.62,163.7,,,
3532,10/29/21 11:45:00 AM,16.54,16.24,12.81,166.6,,,
3533,10/29/21 12:00:00 PM,17.44,16.44,13.52,176.4,,,
3534,10/29/21 12:15:00 PM,16.73,16.62,12.97,169.9,,,
3535,10/29/21 12:30:00 PM,15.73,16.76,12.2,160.2,,,
3536,10/29/21 12:45:00 PM,17.65,16.98,13.69,180.6,,,
3537,10/29/21 01:00:00 PM,18.4,17.22,14.28,189.2,,,
3538,10/29/21 01:15:00 PM,19.13,17.46,14.86,197.7,,,
3539,10/29/21 01:30:00 PM,19.83,17.68,15.41,205.9,,,
3540,10/29/21 01:45:00 PM,19.33,17.86,15.02,201.4,,,
3541,10/29/21 02:00:00 PM,19.25,18.04,14.97,201.3,,,
3542,10/29/21 02:15:00 PM,18.71,18.24,14.55,196.5,,,
3543,10/29/21 02:30:00 PM,16.74,18.4,13.02,176.4,,,
3544,10/29/21 02:45:00 PM,15.28,18.54,11.89,161.4,,,
3545,10/29/21 03:00:00 PM,15.09,18.7,11.75,160,,,
3546,10/29/21 03:15:00 PM,14.77,18.88,11.5,157.1,,,
3547,10/29/21 03:30:00 PM,15.16,19.06,11.81,161.9,,,
3548,10/29/21 03:45:00 PM,16.16,19.16,12.59,172.9,,,
3549,10/29/21 04:00:00 PM,16.16,19.18,12.59,173,,,
3550,10/29/21 04:15:00 PM,16.57,19.2,12.91,177.4,,,
3551,10/29/21 04:30:00 PM,17.21,19.22,13.41,184.4,,,
3552,10/29/21 04:45:00 PM,17.11,19.22,13.33,183.3,,,
3553,10/29/21 05:00:00 PM,17.39,19.22,13.55,186.3,,,
3554,10/29/21 05:15:00 PM,15.99,19.2,12.46,171.2,,,
3555,10/29/21 05:30:00 PM,17.16,19.16,13.37,183.6,,,
3556,10/29/21 05:45:00 PM,15.96,19.12,12.43,170.6,,,
3557,10/29/21 06:00:00 PM,15.93,19.08,12.41,170.2,,,
3558,10/29/21 06:15:00 PM,16.01,19,12.47,170.7,,,
3559,10/29/21 06:30:00 PM,15.44,18.92,12.02,164.4,,,
3560,10/29/21 06:45:00 PM,15.09,18.82,11.75,160.3,,,
3561,10/29/21 07:00:00 PM,14.62,18.72,11.38,155,,,
3562,10/29/21 07:15:00 PM,14.37,18.62,11.18,152.1,,,
3563,10/29/21 07:30:00 PM,13.63,18.5,10.61,143.9,,,
3564,10/29/21 07:45:00 PM,13.52,18.4,10.52,142.4,,,
3565,10/29/21 08:00:00 PM,13.32,18.28,10.36,140,,,
3566,10/29/21 08:15:00 PM,13.27,18.16,10.32,139.1,,,
3567,10/29/21 08:30:00 PM,13.06,18.06,10.15,136.6,,,
3568,10/29/21 08:45:00 PM,13.09,17.94,10.18,136.6,,,
3569,10/29/21 09:00:00 PM,12.79,17.84,9.94,133.2,,,
3570,10/29/21 09:15:00 PM,12.69,17.74,9.86,131.9,,,
3571,10/29/21 09:30:00 PM,12.55,17.64,9.75,130.2,,,
3572,10/29/21 09:45:00 PM,12.48,17.54,9.69,129.2,,,
3573,10/29/21 10:00:00 PM,12.44,17.44,9.66,128.5,,,
3574,10/29/21 10:15:00 PM,12.13,17.34,9.42,125,,,
3575,10/29/21 10:30:00 PM,12.55,17.26,9.74,129.2,,,
3576,10/29/21 10:45:00 PM,12.25,17.18,9.51,125.9,,,
3577,10/29/21 11:00:00 PM,11.29,17.08,8.76,115.8,,,
3578,10/29/21 11:15:00 PM,11.65,17,9.04,119.3,,,
3579,10/29/21 11:30:00 PM,11.35,16.92,8.8,116,,,
3580,10/29/21 11:45:00 PM,11.1,16.86,8.61,113.3,,,
3581,10/30/21 12:00:00 AM,11.29,16.78,8.76,115,,,
3582,10/30/21 12:15:00 AM,11.43,16.72,8.86,116.3,,,
3583,10/30/21 12:30:00 AM,11.11,16.64,8.61,112.9,,,
3584,10/30/21 12:45:00 AM,10.95,16.58,8.49,111.1,,,
3585,10/30/21 01:00:00 AM,10.58,16.5,8.2,107.2,,,
3586,10/30/21 01:15:00 AM,10.57,16.42,8.19,106.9,,,
3587,10/30/21 01:30:00 AM,10.28,16.36,7.97,103.8,,,
3588,10/30/21 01:45:00 AM,10.17,16.28,7.88,102.5,,,
3589,10/30/21 02:00:00 AM,9.93,16.2,7.69,100,,,
3590,10/30/21 02:15:00 AM,9.63,16.14,7.46,96.8,,,
3591,10/30/21 02:30:00 AM,9.57,16.08,7.41,96.1,,,
3592,10/30/21 02:45:00 AM,9.65,16,7.47,96.7,,,
3593,10/30/21 03:00:00 AM,9.5,15.94,7.36,95.1,,,
3594,10/30/21 03:15:00 AM,9.91,15.86,7.67,99,,,
3595,10/30/21 03:30:00 AM,9.85,15.78,7.62,98.3,,,
3596,10/30/21 03:45:00 AM,9.71,15.7,7.51,96.7,,,
3597,10/30/21 04:00:00 AM,9.87,15.64,7.64,98.2,,,
3598,10/30/21 04:15:00 AM,9.75,15.56,7.54,96.8,,,
3599,10/30/21 04:30:00 AM,9.46,15.5,7.32,93.8,,,
3600,10/30/21 04:45:00 AM,9.24,15.44,7.15,91.5,,,
3601,10/30/21 05:00:00 AM,8.75,15.38,6.77,86.6,,,
3602,10/30/21 05:15:00 AM,8.53,15.34,6.6,84.3,,,
3603,10/30/21 05:30:00 AM,8.26,15.28,6.39,81.5,,,
3604,10/30/21 05:45:00 AM,8.1,15.24,6.26,79.9,,,
3605,10/30/21 06:00:00 AM,7.58,15.2,5.86,74.7,,,
3606,10/30/21 06:15:00 AM,8.11,15.18,6.27,79.9,,,
3607,10/30/21 06:30:00 AM,8.81,15.14,6.81,86.7,,,
3608,10/30/21 06:45:00 AM,9.01,15.1,6.96,88.6,,,
3609,10/30/21 07:00:00 AM,9.68,15.06,7.48,95.1,,,
3610,10/30/21 07:15:00 AM,10.25,15.04,7.92,100.7,,,
3611,10/30/21 07:30:00 AM,11.6,15.02,8.96,113.9,,,
3612,10/30/21 07:45:00 AM,12.56,15.02,9.71,123.3,,,
3613,10/30/21 08:00:00 AM,13.38,15.04,10.34,131.4,,,
3614,10/30/21 08:15:00 AM,15.18,15.06,11.73,149.1,,,
3615,10/30/21 08:30:00 AM,13.84,15.08,10.7,136,,,
3616,10/30/21 08:45:00 AM,15.08,15.12,11.66,148.3,,,
3617,10/30/21 09:00:00 AM,14.66,15.18,11.33,144.4,,,
3618,10/30/21 09:15:00 AM,12.81,15.3,9.9,126.5,,,
3619,10/30/21 09:30:00 AM,12.86,15.46,9.95,127.4,,,
3620,10/30/21 09:45:00 AM,13.35,15.68,10.33,132.9,,,
3621,10/30/21 10:00:00 AM,14.22,15.94,11.01,142.3,,,
3622,10/30/21 10:15:00 AM,14.81,16.2,11.47,149.1,,,
3623,10/30/21 10:30:00 AM,14.18,16.46,10.99,143.5,,,
3624,10/30/21 10:45:00 AM,14.04,16.7,10.89,142.8,,,
3625,10/30/21 11:00:00 AM,14.51,16.96,11.26,148.4,,,
3626,10/30/21 11:15:00 AM,13.55,17.18,10.52,139.2,,,
3627,10/30/21 11:30:00 AM,13.63,17.34,10.58,140.5,,,
3628,10/30/21 11:45:00 AM,14.46,17.46,11.23,149.4,,,
3629,10/30/21 12:00:00 PM,14.39,17.68,11.18,149.4,,,
3630,10/30/21 12:15:00 PM,14.11,17.88,10.97,147.1,,,
3631,10/30/21 12:30:00 PM,16.34,18.04,12.7,170.9,,,
3632,10/30/21 12:45:00 PM,15.49,18.3,12.05,162.9,,,
3633,10/30/21 01:00:00 PM,16.39,18.58,12.76,173.3,,,
3634,10/30/21 01:15:00 PM,17.82,18.8,13.87,189.3,,,
3635,10/30/21 01:30:00 PM,18.01,19.04,14.03,192.2,,,
3636,10/30/21 01:45:00 PM,17.38,19.34,13.55,186.6,,,
3637,10/30/21 02:00:00 PM,18.04,19.54,14.07,194.5,,,
3638,10/30/21 02:15:00 PM,16.57,19.7,12.92,179.2,,,
3639,10/30/21 02:30:00 PM,16.91,19.84,13.19,183.4,,,
3640,10/30/21 02:45:00 PM,16.75,19.98,13.07,182.2,,,
3641,10/30/21 03:00:00 PM,18.31,20.1,14.29,199.6,,,
3642,10/30/21 03:15:00 PM,19.18,20.2,14.97,209.5,,,
3643,10/30/21 03:30:00 PM,19.86,20.28,15.51,217.3,,,
3644,10/30/21 03:45:00 PM,19.75,20.34,15.42,216.3,,,
3645,10/30/21 04:00:00 PM,19.48,20.38,15.21,213.6,,,
3646,10/30/21 04:15:00 PM,19.36,20.42,15.12,212.4,,,
3647,10/30/21 04:30:00 PM,20.95,20.44,16.36,229.9,,,
3648,10/30/21 04:45:00 PM,20.88,20.44,16.31,229.2,,,
3649,10/30/21 05:00:00 PM,20.05,20.44,15.66,220.1,,,
3650,10/30/21 05:15:00 PM,20.53,20.44,16.03,225.3,,,
3651,10/30/21 05:30:00 PM,20.08,20.42,15.68,220.3,,,
3652,10/30/21 05:45:00 PM,19.27,20.4,15.05,211.3,,,
3653,10/30/21 06:00:00 PM,18.89,20.36,14.75,207,,,
3654,10/30/21 06:15:00 PM,17.79,20.32,13.89,194.8,,,
3655,10/30/21 06:30:00 PM,17.37,20.26,13.56,190,,,
3656,10/30/21 06:45:00 PM,16.94,20.16,13.22,184.9,,,
3657,10/30/21 07:00:00 PM,16.54,20.08,12.91,180.3,,,
3658,10/30/21 07:15:00 PM,16.41,19.96,12.81,178.4,,,
3659,10/30/21 07:30:00 PM,16.21,19.84,12.65,175.8,,,
3660,10/30/21 07:45:00 PM,16.21,19.72,12.64,175.4,,,
3661,10/30/21 08:00:00 PM,15.87,19.6,12.38,171.3,,,
3662,10/30/21 08:15:00 PM,15.51,19.5,12.09,167.1,,,
3663,10/30/21 08:30:00 PM,15.4,19.38,12,165.5,,,
3664,10/30/21 08:45:00 PM,15.3,19.26,11.92,164,,,
3665,10/30/21 09:00:00 PM,15.15,19.16,11.8,162.1,,,
3666,10/30/21 09:15:00 PM,14.87,19.06,11.58,158.8,,,
3667,10/30/21 09:30:00 PM,14.79,18.96,11.52,157.6,,,
3668,10/30/21 09:45:00 PM,14.56,18.86,11.34,154.8,,,
3669,10/30/21 10:00:00 PM,14.06,18.78,10.95,149.3,,,
3670,10/30/21 10:15:00 PM,13.7,18.7,10.67,145.2,,,
3671,10/30/21 10:30:00 PM,13.35,18.6,10.39,141.2,,,
3672,10/30/21 10:45:00 PM,13.35,18.52,10.39,141,,,
3673,10/30/21 11:00:00 PM,12.82,18.44,9.97,135.2,,,
3674,10/30/21 11:15:00 PM,11.47,18.36,8.92,120.7,,,
3675,10/30/21 11:30:00 PM,10.54,18.26,8.2,110.7,,,
3676,10/30/21 11:45:00 PM,10.4,18.14,8.09,109,,,
3677,10/31/21 12:00:00 AM,10.12,18.04,7.87,105.8,,,
3678,10/31/21 12:15:00 AM,9.71,17.94,7.55,101.3,,,
3679,10/31/21 12:30:00 AM,9.18,17.84,7.13,95.6,,,
3680,10/31/21 12:45:00 AM,8.57,17.76,6.66,89.1,,,
3681,10/31/21 01:00:00 AM,7.93,17.66,6.16,82.3,,,
3682,10/31/21 01:15:00 AM,7.24,17.58,5.62,75,,,
3683,10/31/21 01:30:00 AM,6.36,17.5,4.94,65.8,,,
3684,10/31/21 01:45:00 AM,5.67,17.42,4.4,58.5,,,
3685,10/31/21 02:00:00 AM,4.76,17.32,3.7,49.1,,,
3686,10/31/21 02:15:00 AM,4.1,17.26,3.18,42.2,,,
3687,10/31/21 02:30:00 AM,3.69,17.18,2.86,37.9,,,
3688,10/31/21 02:45:00 AM,3.34,17.1,2.59,34.3,,,
3689,10/31/21 03:00:00 AM,2.76,17.02,2.14,28.3,,,
3690,10/31/21 03:15:00 AM,2.07,16.92,1.61,21.2,,,
3691,10/31/21 03:30:00 AM,1.28,16.8,0.99,13,,,
3692,10/31/21 03:45:00 AM,1.4,16.58,1.09,14.2,,,
3693,10/31/21 04:00:00 AM,1.25,16.36,0.97,12.6,,,
3694,10/31/21 04:15:00 AM,1.28,16.3,0.99,12.9,,,
3695,10/31/21 04:30:00 AM,2.75,16.32,2.13,27.8,,,
3696,10/31/21 04:45:00 AM,3.16,16.32,2.45,31.9,,,
3697,10/31/21 05:00:00 AM,4.39,16.28,3.4,44.3,,,
3698,10/31/21 05:15:00 AM,5.81,16.2,4.5,58.5,,,
3699,10/31/21 05:30:00 AM,6.21,16.12,4.81,62.4,,,
3700,10/31/21 05:45:00 AM,6.23,16.04,4.82,62.5,,,
3701,10/31/21 06:00:00 AM,6.13,15.96,4.75,61.4,,,
3702,10/31/21 06:15:00 AM,6.03,15.88,4.67,60.3,,,
3703,10/31/21 06:30:00 AM,6.27,15.82,4.85,62.6,,,
3704,10/31/21 06:45:00 AM,6.76,15.74,5.23,67.4,,,
3705,10/31/21 07:00:00 AM,7.15,15.68,5.53,71.2,,,
3706,10/31/21 07:15:00 AM,7.98,15.64,6.17,79.4,,,
3707,10/31/21 07:30:00 AM,8.73,15.62,6.75,86.8,,,
3708,10/31/21 07:45:00 AM,9.5,15.62,7.35,94.5,,,
3709,10/31/21 08:00:00 AM,10.7,15.64,8.28,106.4,,,
3710,10/31/21 08:15:00 AM,12.06,15.66,9.33,120,,,
3711,10/31/21 08:30:00 AM,12.92,15.7,10,128.7,,,
3712,10/31/21 08:45:00 AM,13.5,15.78,10.45,134.7,,,
3713,10/31/21 09:00:00 AM,14.35,15.9,11.11,143.5,,,
3714,10/31/21 09:15:00 AM,14.35,16.08,11.11,144.1,,,
3715,10/31/21 09:30:00 AM,13.81,16.34,10.7,139.4,,,
3716,10/31/21 09:45:00 AM,12.44,16.62,9.64,126.3,,,
3717,10/31/21 10:00:00 AM,12.8,16.9,9.93,130.8,,,
3718,10/31/21 10:15:00 AM,13.65,17.14,10.59,140.1,,,
3719,10/31/21 10:30:00 AM,13.83,17.4,10.74,142.7,,,
3720,10/31/21 10:45:00 AM,14.72,17.66,11.44,152.8,,,
3721,10/31/21 11:00:00 AM,15.49,17.92,12.04,161.6,,,
3722,10/31/21 11:15:00 AM,16.33,18.18,12.7,171.3,,,
3723,10/31/21 11:30:00 AM,16.7,18.42,12.99,176,,,
3724,10/31/21 11:45:00 AM,18.26,18.64,14.21,193.3,,,
3725,10/31/21 12:00:00 PM,18.02,18.88,14.03,191.7,,,
3726,10/31/21 12:15:00 PM,17.96,19.14,13.99,192.1,,,
3727,10/31/21 12:30:00 PM,18.42,19.42,14.36,198.1,,,
3728,10/31/21 12:45:00 PM,19.2,19.68,14.97,207.6,,,
3729,10/31/21 01:00:00 PM,18.81,19.96,14.68,204.5,,,
3730,10/31/21 01:15:00 PM,19.98,20.22,15.6,218.3,,,
3731,10/31/21 01:30:00 PM,19.77,20.46,15.44,217.1,,,
3732,10/31/21 01:45:00 PM,18.97,20.72,14.82,209.4,,,
3733,10/31/21 02:00:00 PM,18.82,20.94,14.71,208.6,,,
3734,10/31/21 02:15:00 PM,19.85,21.16,15.52,221,,,
3735,10/31/21 02:30:00 PM,19.74,21.36,15.44,220.6,,,
3736,10/31/21 02:45:00 PM,18.81,21.54,14.72,210.9,,,
3737,10/31/21 03:00:00 PM,18.42,21.72,14.42,207.3,,,
3738,10/31/21 03:15:00 PM,18.06,21.86,14.14,203.8,,,
3739,10/31/21 03:30:00 PM,17.85,22,13.98,202,,,
3740,10/31/21 03:45:00 PM,17.3,22.1,13.55,196.1,,,
3741,10/31/21 04:00:00 PM,18.34,22.16,14.37,208.1,,,
3742,10/31/21 04:15:00 PM,19.66,22.2,15.4,223.3,,,
3743,10/31/21 04:30:00 PM,21.48,22.22,16.83,244.1,,,
3744,10/31/21 04:45:00 PM,21.2,22.22,16.61,240.9,,,
3745,10/31/21 05:00:00 PM,21.92,22.2,17.18,249,,,
3746,10/31/21 05:15:00 PM,22.04,22.18,17.27,250.2,,,
3747,10/31/21 05:30:00 PM,21.14,22.14,16.56,239.8,,,
3748,10/31/21 05:45:00 PM,21.53,22.1,16.87,244.1,,,
3749,10/31/21 06:00:00 PM,19.67,22.02,15.41,222.6,,,
3750,10/31/21 06:15:00 PM,18.65,21.96,14.61,210.8,,,
3751,10/31/21 06:30:00 PM,18.2,21.88,14.25,205.4,,,
3752,10/31/21 06:45:00 PM,18.07,21.78,14.15,203.6,,,
3753,10/31/21 07:00:00 PM,17.69,21.68,13.85,198.9,,,
3754,10/31/21 07:15:00 PM,17.33,21.58,13.56,194.5,,,
3755,10/31/21 07:30:00 PM,16.82,21.46,13.16,188.3,,,
3756,10/31/21 07:45:00 PM,16.37,21.32,12.81,182.8,,,
3757,10/31/21 08:00:00 PM,16.33,21.2,12.77,181.9,,,
3758,10/31/21 08:15:00 PM,16.18,21.08,12.65,179.8,,,
3759,10/31/21 08:30:00 PM,16.28,20.96,12.73,180.5,,,
3760,10/31/21 08:45:00 PM,16.16,20.82,12.63,178.7,,,
3761,10/31/21 09:00:00 PM,15.86,20.7,12.39,175,,,
3762,10/31/21 09:15:00 PM,15.43,20.6,12.06,169.9,,,
3763,10/31/21 09:30:00 PM,15.3,20.48,11.95,168.1,,,
3764,10/31/21 09:45:00 PM,15.1,20.38,11.79,165.5,,,
3765,10/31/21 10:00:00 PM,14.77,20.28,11.53,161.6,,,
3766,10/31/21 10:15:00 PM,14.53,20.18,11.34,158.7,,,
3767,10/31/21 10:30:00 PM,14.83,20.08,11.58,161.6,,,
3768,10/31/21 10:45:00 PM,14.31,20,11.17,155.7,,,
3769,10/31/21 11:00:00 PM,14.24,19.9,11.11,154.6,,,
3770,10/31/21 11:15:00 PM,13.53,19.8,10.55,146.6,,,
3771,10/31/21 11:30:00 PM,12.61,19.7,9.84,136.4,,,
3772,10/31/21 11:45:00 PM,11.83,19.6,9.23,127.7,,,
3773,11/01/2021 00:00:00,11.14,19.5,8.69,120,,,
3774,11/01/2021 00:15:00,10.57,19.4,8.24,113.6,,,
3775,11/01/2021 00:30:00,9.98,19.3,7.78,107.1,,,
3776,11/01/2021 00:45:00,9.36,19.22,7.29,100.3,,,
3777,11/01/2021 01:00:00,7.94,19.12,6.19,84.9,,,
3778,11/01/2021 01:15:00,5.98,19.02,4.66,63.8,,,
3779,11/01/2021 01:30:00,4.02,18.92,3.13,42.8,,,
3780,11/01/2021 01:45:00,2.78,18.82,2.16,29.5,,,
3781,11/01/2021 02:00:00,2.38,18.72,1.85,25.2,,,
3782,11/01/2021 02:15:00,2.54,18.62,1.98,26.9,,,
3783,11/01/2021 02:30:00,2.02,18.52,1.57,21.3,,,
3784,11/01/2021 02:45:00,1.37,18.44,1.07,14.4,,,
3785,11/01/2021 03:00:00,1.16,18.34,0.9,12.2,,,
3786,11/01/2021 03:15:00,1.04,18.26,0.81,10.9,,,
3787,11/01/2021 03:30:00,1.22,18.14,0.95,12.8,,,
3788,11/01/2021 03:45:00,1.44,18.04,1.12,15.1,,,
3789,11/01/2021 04:00:00,1.36,17.92,1.06,14.2,,,
3790,11/01/2021 04:15:00,1.34,17.78,1.04,13.9,,,
3791,11/01/2021 04:30:00,1.1,17.66,0.85,11.4,,,
3792,11/01/2021 04:45:00,0.77,17.54,0.6,8,,,
3793,11/01/2021 05:00:00,0.48,17.46,0.37,5,,,
3794,11/01/2021 05:15:00,0.38,17.4,0.3,3.9,,,
3795,11/01/2021 05:30:00,0.38,17.34,0.3,3.9,,,
3796,11/01/2021 05:45:00,0.31,17.28,0.24,3.2,,,
3797,11/01/2021 06:00:00,0.29,17.2,0.23,3,,,
3798,11/01/2021 06:15:00,0.4,17.14,0.31,4.1,,,
3799,11/01/2021 06:30:00,0.75,17.08,0.58,7.7,,,
3800,11/01/2021 06:45:00,1.26,17.04,0.98,12.9,,,
3801,11/01/2021 07:00:00,1.83,17.04,1.42,18.7,,,
3802,11/01/2021 07:15:00,2.14,17.04,1.66,21.9,,,
3803,11/01/2021 07:30:00,3.26,17.04,2.53,33.4,,,
3804,11/01/2021 07:45:00,4.51,17.06,3.5,46.2,,,
3805,11/01/2021 08:00:00,9.38,17.12,7.28,96.3,,,
3806,11/01/2021 08:15:00,13.42,17.16,10.42,137.8,,,
3807,11/01/2021 08:30:00,13.84,17.24,10.74,142.4,,,
3808,11/01/2021 08:45:00,13.38,17.32,10.39,137.9,,,
3809,11/01/2021 09:00:00,13.55,17.44,10.52,140,,,
3810,11/01/2021 09:15:00,13.8,17.6,10.72,143,,,
3811,11/01/2021 09:30:00,14.04,17.78,10.91,146.1,,,
3812,11/01/2021 09:45:00,14.14,17.96,10.99,147.6,,,
3813,11/01/2021 10:00:00,14.23,18.16,11.07,149.2,,,
3814,11/01/2021 10:15:00,14.12,18.38,10.99,148.7,,,
3815,11/01/2021 10:30:00,14.35,18.6,11.17,151.8,,,
3816,11/01/2021 10:45:00,14.56,18.84,11.34,154.8,,,
3817,11/01/2021 11:00:00,14.92,19.08,11.62,159.4,,,
3818,11/01/2021 11:15:00,17.61,19.36,13.73,189.2,,,
3819,11/01/2021 11:30:00,18.43,19.62,14.37,199,,,
3820,11/01/2021 11:45:00,20.27,19.86,15.81,219.9,,,
3821,11/01/2021 12:00:00,20.8,20.1,16.24,226.8,,,
3822,11/01/2021 12:15:00,21.19,20.34,16.55,232.1,,,
3823,11/01/2021 12:30:00,20.1,20.58,15.7,221.2,,,
3824,11/01/2021 12:45:00,20.39,20.82,15.94,225.5,,,
3825,11/01/2021 13:00:00,19.32,21.08,15.11,214.7,,,
3826,11/01/2021 13:15:00,19.28,21.36,15.08,215.5,,,
3827,11/01/2021 13:30:00,19.76,21.62,15.47,221.9,,,
3828,11/01/2021 13:45:00,20.26,21.84,15.86,228.5,,,
3829,11/01/2021 14:00:00,21.41,22.08,16.77,242.6,,,
3830,11/01/2021 14:15:00,24.21,22.32,18.97,275.6,,,
3831,11/01/2021 14:30:00,24.67,22.54,19.34,282,,,
3832,11/01/2021 14:45:00,22.61,22.76,17.73,259.6,,,
3833,11/01/2021 15:00:00,21.41,22.9,16.8,246.4,,,
3834,11/01/2021 15:15:00,20.22,23.02,15.87,233.3,,,
3835,11/01/2021 15:30:00,19.67,23.12,15.44,227.4,,,
3836,11/01/2021 15:45:00,19.3,23.18,15.15,223.3,,,
3837,11/01/2021 16:00:00,19.95,23.2,15.66,230.9,,,
3838,11/01/2021 16:15:00,19.48,23.24,15.29,225.7,,,
3839,11/01/2021 16:30:00,20.38,23.24,16,236.1,,,
3840,11/01/2021 16:45:00,22.05,23.26,17.31,255.5,,,
3841,11/01/2021 17:00:00,22.46,23.24,17.63,260.2,,,
3842,11/01/2021 17:15:00,21.64,23.26,16.99,250.8,,,
3843,11/01/2021 17:30:00,21.05,23.24,16.52,243.9,,,
3844,11/01/2021 17:45:00,20.28,23.24,15.92,234.9,,,
3845,11/01/2021 18:00:00,20.01,23.2,15.71,231.6,,,
3846,11/01/2021 18:15:00,19.41,23.14,15.23,224.4,,,
3847,11/01/2021 18:30:00,18.16,23.04,14.25,209.6,,,
3848,11/01/2021 18:45:00,17.27,22.96,13.55,199,,,
3849,11/01/2021 19:00:00,16.53,22.86,12.97,190.1,,,
3850,11/01/2021 19:15:00,16,22.76,12.55,183.7,,,
3851,11/01/2021 19:30:00,15.69,22.64,12.3,179.7,,,
3852,11/01/2021 19:45:00,15.14,22.52,11.87,173,,,
3853,11/01/2021 20:00:00,14.5,22.4,11.37,165.3,,,
3854,11/01/2021 20:15:00,14.29,22.28,11.2,162.6,,,
3855,11/01/2021 20:30:00,14.29,22.18,11.2,162.2,,,
3856,11/01/2021 20:45:00,14.25,22.08,11.16,161.5,,,
3857,11/01/2021 21:00:00,14.03,21.98,10.99,158.7,,,
3858,11/01/2021 21:15:00,13.73,21.86,10.75,154.9,,,
3859,11/01/2021 21:30:00,13.66,21.74,10.69,153.8,,,
3860,11/01/2021 21:45:00,13.51,21.62,10.57,151.7,,,
3861,11/01/2021 22:00:00,12.95,21.5,10.13,145.1,,,
3862,11/01/2021 22:15:00,12.54,21.38,9.81,140.2,,,
3863,11/01/2021 22:30:00,12.06,21.26,9.43,134.5,,,
3864,11/01/2021 22:45:00,10.87,21.16,8.5,121,,,
3865,11/01/2021 23:00:00,9.51,21.06,7.44,105.7,,,
3866,11/01/2021 23:15:00,8.52,20.94,6.66,94.4,,,
3867,11/01/2021 23:30:00,8.07,20.84,6.31,89.3,,,
3868,11/01/2021 23:45:00,6.7,20.74,5.24,74,,,
3869,11/02/2021 00:00:00,5.29,20.64,4.13,58.3,,,
3870,11/02/2021 00:15:00,3.5,20.54,2.73,38.5,,,
3871,11/02/2021 00:30:00,1.88,20.44,1.47,20.6,,,
3872,11/02/2021 00:45:00,1.44,20.34,1.12,15.8,,,
3873,11/02/2021 01:00:00,1.51,20.24,1.18,16.5,,,
3874,11/02/2021 01:15:00,1.34,20.12,1.05,14.6,,,
3875,11/02/2021 01:30:00,0.9,20.02,0.7,9.8,,,
3876,11/02/2021 01:45:00,0.63,19.88,0.49,6.8,,,
3877,11/02/2021 02:00:00,0.48,19.78,0.37,5.2,,,
3878,11/02/2021 02:15:00,0.4,19.7,0.31,4.3,,,
3879,11/02/2021 02:30:00,0.53,19.58,0.41,5.7,,,
3880,11/02/2021 02:45:00,0.6,19.32,0.47,6.4,,,
3881,11/02/2021 03:00:00,0.4,19.12,0.31,4.3,,,
3882,11/02/2021 03:15:00,0.3,19.04,0.23,3.2,,,
3883,11/02/2021 03:30:00,0.13,18.98,0.1,1.4,,,
3884,11/02/2021 03:45:00,0.21,18.92,0.16,2.2,,,
3885,11/02/2021 04:00:00,1.79,18.88,1.39,19,,,
3886,11/02/2021 04:15:00,2.81,18.88,2.19,29.9,,,
3887,11/02/2021 04:30:00,3.94,18.86,3.07,41.9,,,
3888,11/02/2021 04:45:00,5.03,18.82,3.92,53.4,,,
3889,11/02/2021 05:00:00,6.33,18.76,4.93,67.2,,,
3890,11/02/2021 05:15:00,6.95,18.72,5.41,73.7,,,
3891,11/02/2021 05:30:00,7.04,18.66,5.48,74.6,,,
3892,11/02/2021 05:45:00,7.11,18.6,5.53,75.2,,,
3893,11/02/2021 06:00:00,7.24,18.5,5.63,76.4,,,
3894,11/02/2021 06:15:00,7.39,18.42,5.75,77.9,,,
3895,11/02/2021 06:30:00,7.68,18.32,5.97,80.8,,,
3896,11/02/2021 06:45:00,7.76,18.24,6.04,81.5,,,
3897,11/02/2021 07:00:00,7.37,18.16,5.73,77.3,,,
3898,11/02/2021 07:15:00,7.37,18.1,5.73,77.2,,,
3899,11/02/2021 07:30:00,7.81,18.06,6.07,81.7,,,
3900,11/02/2021 07:45:00,8.45,18.02,6.57,88.3,,,
3901,11/02/2021 08:00:00,9.2,17.98,7.15,96.1,,,
3902,11/02/2021 08:15:00,10.06,17.96,7.82,105,,,
3903,11/02/2021 08:30:00,10.62,17.96,8.26,110.9,,,
3904,11/02/2021 08:45:00,11.97,17.98,9.31,125,,,
3905,11/02/2021 09:00:00,13.47,18.02,10.47,140.8,,,
3906,11/02/2021 09:15:00,14.13,18.08,10.99,147.9,,,
3907,11/02/2021 09:30:00,16.04,18.14,12.47,168.1,,,
3908,11/02/2021 09:45:00,17.11,18.26,13.31,179.8,,,
3909,11/02/2021 10:00:00,17.87,18.4,13.9,188.3,,,
3910,11/02/2021 10:15:00,18.06,18.6,14.06,191.1,,,
3911,11/02/2021 10:30:00,17.55,18.74,13.66,186.2,,,
3912,11/02/2021 10:45:00,16.81,18.92,13.09,179,,,
3913,11/02/2021 11:00:00,16.93,19.16,13.19,181.1,,,
3914,11/02/2021 11:15:00,16.97,19.4,13.23,182.4,,,
3915,11/02/2021 11:30:00,17.37,19.58,13.54,187.4,,,
3916,11/02/2021 11:45:00,16.96,19.74,13.23,183.6,,,
3917,11/02/2021 12:00:00,16.68,19.94,13.02,181.3,,,
3918,11/02/2021 12:15:00,15.92,20.14,12.43,173.7,,,
3919,11/02/2021 12:30:00,15.51,20.38,12.11,170,,,
3920,11/02/2021 12:45:00,16.42,20.62,12.83,180.9,,,
3921,11/02/2021 13:00:00,17.05,20.82,13.33,188.5,,,
3922,11/02/2021 13:15:00,17.33,20.98,13.55,192.2,,,
3923,11/02/2021 13:30:00,17.99,21.1,14.07,200,,,
3924,11/02/2021 13:45:00,18.38,21.18,14.38,204.7,,,
3925,11/02/2021 14:00:00,18.11,21.28,14.17,202.1,,,
3926,11/02/2021 14:15:00,17.96,21.42,14.05,200.9,,,
3927,11/02/2021 14:30:00,16.76,21.56,13.12,188,,,
3928,11/02/2021 14:45:00,16.56,21.7,12.96,186.3,,,
3929,11/02/2021 15:00:00,17.19,21.82,13.46,193.8,,,
3930,11/02/2021 15:15:00,17.45,21.9,13.67,197.1,,,
3931,11/02/2021 15:30:00,17.65,22,13.82,199.7,,,
3932,11/02/2021 15:45:00,18.54,22.08,14.52,210.1,,,
3933,11/02/2021 16:00:00,18.55,22.12,14.53,210.4,,,
3934,11/02/2021 16:15:00,18.69,22.16,14.64,212.1,,,
3935,11/02/2021 16:30:00,19.41,22.16,15.21,220.3,,,
3936,11/02/2021 16:45:00,16.25,22.16,12.73,184.4,,,
3937,11/02/2021 17:00:00,17.99,22.16,14.1,204.2,,,
3938,11/02/2021 17:15:00,18.66,22.16,14.62,211.8,,,
3939,11/02/2021 17:30:00,17.22,22.14,13.49,195.4,,,
3940,11/02/2021 17:45:00,17.32,22.14,13.57,196.5,,,
3941,11/02/2021 18:00:00,16.44,22.14,12.88,186.5,,,
3942,11/02/2021 18:15:00,15.55,22.14,12.18,176.4,,,
3943,11/02/2021 18:30:00,15.5,22.14,12.14,175.8,,,
3944,11/02/2021 18:45:00,15.54,22.14,12.18,176.3,,,
3945,11/02/2021 19:00:00,15.54,22.14,12.18,176.3,,,
3946,11/02/2021 19:15:00,16.12,22.12,12.63,182.8,,,
3947,11/02/2021 19:30:00,16.49,22.12,12.92,187,,,
3948,11/02/2021 19:45:00,13.6,22.1,10.65,154.2,,,
3949,11/02/2021 20:00:00,14.64,22.08,11.47,165.9,,,
3950,11/02/2021 20:15:00,13.25,22.04,10.38,150,,,
3951,11/02/2021 20:30:00,12.78,22.02,10.01,144.7,,,
3952,11/02/2021 20:45:00,12.31,21.98,9.64,139.2,,,
3953,11/02/2021 21:00:00,11.57,21.94,9.06,130.8,,,
3954,11/02/2021 21:15:00,12.2,21.9,9.55,137.8,,,
3955,11/02/2021 21:30:00,14.53,21.78,11.38,163.7,,,
3956,11/02/2021 21:45:00,14.34,21.68,11.23,161.2,,,
3957,11/02/2021 22:00:00,13.23,21.58,10.35,148.5,,,
3958,11/02/2021 22:15:00,15.51,21.52,12.14,173.9,,,
3959,11/02/2021 22:30:00,14.64,21.48,11.46,164,,,
3960,11/02/2021 22:45:00,13.2,21.44,10.33,147.7,,,
3961,11/02/2021 23:00:00,13.55,21.34,10.6,151.4,,,
3962,11/02/2021 23:15:00,14.17,21.26,11.08,158,,,
3963,11/02/2021 23:30:00,13.84,21.24,10.83,154.3,,,
3964,11/02/2021 23:45:00,11.58,21.2,9.06,129,,,
3965,11/03/2021 00:00:00,10.7,21.1,8.37,119,,,
3966,11/03/2021 00:15:00,11.7,20.94,9.15,129.7,,,
3967,11/03/2021 00:30:00,11.46,20.82,8.96,126.7,,,
3968,11/03/2021 00:45:00,11.15,20.72,8.71,123.1,,,
3969,11/03/2021 01:00:00,11.5,20.62,8.98,126.7,,,
3970,11/03/2021 01:15:00,12.07,20.58,9.43,132.8,,,
3971,11/03/2021 01:30:00,11.86,20.54,9.26,130.4,,,
3972,11/03/2021 01:45:00,11.44,20.52,8.94,125.8,,,
3973,11/03/2021 02:00:00,11.02,20.52,8.61,121.1,,,
3974,11/03/2021 02:15:00,10.85,20.5,8.48,119.2,,,
3975,11/03/2021 02:30:00,10.27,20.46,8.02,112.8,,,
3976,11/03/2021 02:45:00,9.01,20.42,7.04,98.9,,,
3977,11/03/2021 03:00:00,8.48,20.38,6.62,93,,,
3978,11/03/2021 03:15:00,8.43,20.32,6.58,92.3,,,
3979,11/03/2021 03:30:00,8.54,20.26,6.67,93.4,,,
3980,11/03/2021 03:45:00,8.04,20.2,6.28,87.8,,,
3981,11/03/2021 04:00:00,7.48,20.12,5.84,81.6,,,
3982,11/03/2021 04:15:00,7.17,20.08,5.6,78.1,,,
3983,11/03/2021 04:30:00,7.04,20.02,5.49,76.6,,,
3984,11/03/2021 04:45:00,7.55,19.94,5.89,82.1,,,
3985,11/03/2021 05:00:00,7.84,19.86,6.12,85.1,,,
3986,11/03/2021 05:15:00,7.67,19.82,5.98,83.2,,,
3987,11/03/2021 05:30:00,7.27,19.8,5.67,78.8,,,
3988,11/03/2021 05:45:00,6.55,19.78,5.11,71,,,
3989,11/03/2021 06:00:00,5.94,19.76,4.63,64.3,,,
3990,11/03/2021 06:15:00,5.76,19.74,4.49,62.3,,,
3991,11/03/2021 06:30:00,5.75,19.74,4.49,62.2,,,
3992,11/03/2021 06:45:00,6.96,19.78,5.43,75.4,,,
3993,11/03/2021 07:00:00,7.87,19.82,6.14,85.3,,,
3994,11/03/2021 07:15:00,8.04,19.84,6.27,87.2,,,
3995,11/03/2021 07:30:00,8.05,19.86,6.28,87.3,,,
3996,11/03/2021 07:45:00,8.04,19.9,6.27,87.3,,,
3997,11/03/2021 08:00:00,7.61,19.92,5.94,82.7,,,
3998,11/03/2021 08:15:00,7.15,19.94,5.58,77.7,,,
3999,11/03/2021 08:30:00,7.26,19.96,5.67,78.9,,,
4000,11/03/2021 08:45:00,7.37,19.96,5.75,80.1,,,
4001,11/03/2021 09:00:00,7.28,19.98,5.68,79.2,,,
4002,11/03/2021 09:15:00,7.08,20.02,5.53,77.1,,,
4003,11/03/2021 09:30:00,6.91,20.04,5.39,75.2,,,
4004,11/03/2021 09:45:00,6.89,20.06,5.38,75.1,,,
4005,11/03/2021 10:00:00,6.8,20.08,5.31,74.1,,,
4006,11/03/2021 10:15:00,6.88,20.12,5.37,75,,,
4007,11/03/2021 10:30:00,7.15,20.16,5.58,78,,,
4008,11/03/2021 10:45:00,8.08,20.2,6.31,88.3,,,
4009,11/03/2021 11:00:00,8.99,20.32,7.02,98.4,,,
4010,11/03/2021 11:15:00,9.95,20.48,7.77,109.3,,,
4011,11/03/2021 11:30:00,11.4,20.64,8.91,125.6,,,
4012,11/03/2021 11:45:00,11.23,20.78,8.78,124.1,,,
4013,11/03/2021 12:00:00,11.13,20.9,8.7,123.3,,,
4014,11/03/2021 12:15:00,10.25,21.02,8.01,113.8,,,
4015,11/03/2021 12:30:00,10.61,21.28,8.3,118.4,,,
4016,11/03/2021 12:45:00,11.43,21.58,8.95,128.3,,,
4017,11/03/2021 13:00:00,12.81,21.88,10.03,144.6,,,
4018,11/03/2021 13:15:00,12.62,22.12,9.89,143.1,,,
4019,11/03/2021 13:30:00,12.36,22.28,9.69,140.6,,,
4020,11/03/2021 13:45:00,13.29,22.38,10.42,151.5,,,
4021,11/03/2021 14:00:00,13.51,22.52,10.59,154.4,,,
4022,11/03/2021 14:15:00,13.71,22.64,10.75,157,,,
4023,11/03/2021 14:30:00,14.16,22.76,11.11,162.6,,,
4024,11/03/2021 14:45:00,12.13,22.84,9.52,139.5,,,
4025,11/03/2021 15:00:00,9.99,22.88,7.84,114.9,,,
4026,11/03/2021 15:15:00,11.81,22.94,9.27,136,,,
4027,11/03/2021 15:30:00,13.59,22.98,10.66,156.7,,,
4028,11/03/2021 15:45:00,14.16,23.02,11.11,163.4,,,
4029,11/03/2021 16:00:00,14.41,23.06,11.31,166.4,,,
4030,11/03/2021 16:15:00,14.99,23.08,11.76,173.1,,,
4031,11/03/2021 16:30:00,14.75,23.1,11.58,170.4,,,
4032,11/03/2021 16:45:00,15.61,23.12,12.25,180.4,,,
4033,11/03/2021 17:00:00,14.12,23.12,11.08,163.2,,,
4034,11/03/2021 17:15:00,14.74,23.1,11.57,170.3,,,
4035,11/03/2021 17:30:00,15.46,23.08,12.13,178.6,,,
4036,11/03/2021 17:45:00,15.2,23.02,11.93,175.4,,,
4037,11/03/2021 18:00:00,15.46,22.96,12.13,178.2,,,
4038,11/03/2021 18:15:00,15.32,22.88,12.02,176.3,,,
4039,11/03/2021 18:30:00,14.67,22.78,11.51,168.5,,,
4040,11/03/2021 18:45:00,14.36,22.64,11.26,164.5,,,
4041,11/03/2021 19:00:00,14.17,22.5,11.11,161.9,,,
4042,11/03/2021 19:15:00,14,22.36,10.97,159.5,,,
4043,11/03/2021 19:30:00,13.03,22.22,10.21,148,,,
4044,11/03/2021 19:45:00,12.69,22.08,9.94,143.8,,,
4045,11/03/2021 20:00:00,11.88,21.96,9.3,134.3,,,
4046,11/03/2021 20:15:00,11.41,21.82,8.93,128.6,,,
4047,11/03/2021 20:30:00,11.74,21.7,9.19,132.1,,,
4048,11/03/2021 20:45:00,11.8,21.56,9.24,132.4,,,
4049,11/03/2021 21:00:00,11.16,21.44,8.73,124.9,,,
4050,11/03/2021 21:15:00,10.61,21.34,8.3,118.5,,,
4051,11/03/2021 21:30:00,10.74,21.24,8.4,119.7,,,
4052,11/03/2021 21:45:00,9.8,21.14,7.66,109,,,
4053,11/03/2021 22:00:00,9.75,21.04,7.62,108.3,,,
4054,11/03/2021 22:15:00,10.58,20.9,8.27,117.2,,,
4055,11/03/2021 22:30:00,10.47,20.78,8.18,115.7,,,
4056,11/03/2021 22:45:00,10.15,20.7,7.93,112,,,
4057,11/03/2021 23:00:00,10.21,20.6,7.98,112.4,,,
4058,11/03/2021 23:15:00,10.02,20.5,7.83,110.1,,,
4059,11/03/2021 23:30:00,10.29,20.42,8.04,112.9,,,
4060,11/03/2021 23:45:00,10.01,20.32,7.82,109.6,,,
4061,11/04/2021 00:00:00,9.79,20.22,7.64,107,,,
4062,11/04/2021 00:15:00,9.83,20.12,7.67,107.2,,,
4063,11/04/2021 00:30:00,9.07,20.04,7.08,98.8,,,
4064,11/04/2021 00:45:00,8.97,19.98,7,97.6,,,
4065,11/04/2021 01:00:00,9.14,19.92,7.13,99.3,,,
4066,11/04/2021 01:15:00,8.29,19.86,6.47,89.9,,,
4067,11/04/2021 01:30:00,8.2,19.78,6.4,88.8,,,
4068,11/04/2021 01:45:00,8.49,19.7,6.62,91.8,,,
4069,11/04/2021 02:00:00,7.59,19.62,5.92,82,,,
4070,11/04/2021 02:15:00,8.39,19.54,6.54,90.5,,,
4071,11/04/2021 02:30:00,7.64,19.46,5.96,82.2,,,
4072,11/04/2021 02:45:00,8,19.38,6.24,86,,,
4073,11/04/2021 03:00:00,8.24,19.3,6.42,88.4,,,
4074,11/04/2021 03:15:00,8.09,19.24,6.3,86.7,,,
4075,11/04/2021 03:30:00,8.1,19.16,6.31,86.7,,,
4076,11/04/2021 03:45:00,7.77,19.08,6.05,83,,,
4077,11/04/2021 04:00:00,7.56,19,5.89,80.6,,,
4078,11/04/2021 04:15:00,7.38,18.92,5.75,78.6,,,
4079,11/04/2021 04:30:00,7.21,18.84,5.61,76.6,,,
4080,11/04/2021 04:45:00,6.67,18.74,5.19,70.8,,,
4081,11/04/2021 05:00:00,6.29,18.66,4.9,66.6,,,
4082,11/04/2021 05:15:00,6.1,18.56,4.75,64.5,,,
4083,11/04/2021 05:30:00,6.03,18.48,4.69,63.6,,,
4084,11/04/2021 05:45:00,6.03,18.4,4.69,63.5,,,
4085,11/04/2021 06:00:00,5.9,18.32,4.59,62.1,,,
4086,11/04/2021 06:15:00,5.77,18.22,4.49,60.6,,,
4087,11/04/2021 06:30:00,5.71,18.18,4.44,59.9,,,
4088,11/04/2021 06:45:00,5.92,18.14,4.6,62,,,
4089,11/04/2021 07:00:00,5.97,18.12,4.64,62.5,,,
4090,11/04/2021 07:15:00,6.2,18.1,4.82,64.9,,,
4091,11/04/2021 07:30:00,6.29,18.08,4.89,65.8,,,
4092,11/04/2021 07:45:00,5.73,18.1,4.46,60,,,
4093,11/04/2021 08:00:00,6.13,18.14,4.77,64.2,,,
4094,11/04/2021 08:15:00,6.37,18.16,4.95,66.8,,,
4095,11/04/2021 08:30:00,7.05,18.2,5.48,74,,,
4096,11/04/2021 08:45:00,8.61,18.24,6.7,90.4,,,
4097,11/04/2021 09:00:00,10.16,18.32,7.9,106.9,,,
4098,11/04/2021 09:15:00,7.51,18.5,5.84,79.3,,,
4099,11/04/2021 09:30:00,7.24,18.8,5.64,76.9,,,
4100,11/04/2021 09:45:00,7.9,19.1,6.15,84.4,,,
4101,11/04/2021 10:00:00,7.63,19.4,5.95,82,,,
4102,11/04/2021 10:15:00,7.54,19.68,5.88,81.5,,,
4103,11/04/2021 10:30:00,7.48,19.92,5.84,81.3,,,
4104,11/04/2021 10:45:00,7.4,20.16,5.78,80.8,,,
4105,11/04/2021 11:00:00,7.55,20.36,5.9,82.7,,,
4106,11/04/2021 11:15:00,8.52,20.58,6.66,93.8,,,
4107,11/04/2021 11:30:00,11.02,20.78,8.61,121.8,,,
4108,11/04/2021 11:45:00,13.35,21,10.44,148.1,,,
4109,11/04/2021 12:00:00,13.96,21.2,10.92,155.5,,,
4110,11/04/2021 12:15:00,14.87,21.38,11.63,166.2,,,
4111,11/04/2021 12:30:00,14.93,21.56,11.69,167.5,,,
4112,11/04/2021 12:45:00,14.85,21.7,11.63,167,,,
4113,11/04/2021 13:00:00,15.07,21.86,11.8,170,,,
4114,11/04/2021 13:15:00,15.21,22.02,11.91,172.2,,,
4115,11/04/2021 13:30:00,15.83,22.16,12.4,179.7,,,
4116,11/04/2021 13:45:00,15.92,22.32,12.48,181.2,,,
4117,11/04/2021 14:00:00,16.32,22.44,12.79,186.2,,,
4118,11/04/2021 14:15:00,16.69,22.54,13.09,190.8,,,
4119,11/04/2021 14:30:00,16.31,22.64,12.79,186.8,,,
4120,11/04/2021 14:45:00,17.22,22.72,13.51,197.5,,,
4121,11/04/2021 15:00:00,17.09,22.78,13.4,196.3,,,
4122,11/04/2021 15:15:00,17.17,22.84,13.47,197.4,,,
4123,11/04/2021 15:30:00,17.62,22.88,13.82,202.7,,,
4124,11/04/2021 15:45:00,18.44,22.92,14.47,212.3,,,
4125,11/04/2021 16:00:00,18.22,22.94,14.3,209.9,,,
4126,11/04/2021 16:15:00,17.67,22.96,13.86,203.6,,,
4127,11/04/2021 16:30:00,17.95,22.96,14.08,206.9,,,
4128,11/04/2021 16:45:00,18.03,22.96,14.15,207.8,,,
4129,11/04/2021 17:00:00,18.9,22.94,14.83,217.7,,,
4130,11/04/2021 17:15:00,17.76,22.9,13.93,204.4,,,
4131,11/04/2021 17:30:00,17.58,22.82,13.79,202,,,
4132,11/04/2021 17:45:00,18.1,22.74,14.2,207.7,,,
4133,11/04/2021 18:00:00,17.64,22.64,13.83,202,,,
4134,11/04/2021 18:15:00,17.97,22.52,14.09,205.4,,,
4135,11/04/2021 18:30:00,16.53,22.4,12.96,188.5,,,
4136,11/04/2021 18:45:00,16.28,22.28,12.76,185.2,,,
4137,11/04/2021 19:00:00,15.67,22.14,12.28,177.8,,,
4138,11/04/2021 19:15:00,15.09,22,11.82,170.7,,,
4139,11/04/2021 19:30:00,14.91,21.86,11.68,168.2,,,
4140,11/04/2021 19:45:00,15.4,21.74,12.06,173.4,,,
4141,11/04/2021 20:00:00,14.2,21.62,11.11,159.5,,,
4142,11/04/2021 20:15:00,14.1,21.5,11.03,158,,,
4143,11/04/2021 20:30:00,14.03,21.4,10.98,156.9,,,
4144,11/04/2021 20:45:00,13.56,21.28,10.61,151.3,,,
4145,11/04/2021 21:00:00,14.01,21.18,10.96,156,,,
4146,11/04/2021 21:15:00,12.84,21.08,10.04,142.7,,,
4147,11/04/2021 21:30:00,12.58,21,9.84,139.6,,,
4148,11/04/2021 21:45:00,12.94,20.92,10.12,143.4,,,
4149,11/04/2021 22:00:00,12.13,20.84,9.48,134.2,,,
4150,11/04/2021 22:15:00,12.35,20.78,9.65,136.5,,,
4151,11/04/2021 22:30:00,12.24,20.74,9.57,135.1,,,
4152,11/04/2021 22:45:00,12.23,20.68,9.56,134.9,,,
4153,11/04/2021 23:00:00,11.97,20.62,9.35,131.8,,,
4154,11/04/2021 23:15:00,11.62,20.58,9.08,127.9,,,
4155,11/04/2021 23:30:00,11.27,20.52,8.8,123.9,,,
4156,11/04/2021 23:45:00,11.01,20.46,8.6,120.9,,,
4157,11/05/2021 00:00:00,11.17,20.38,8.72,122.5,,,
4158,11/05/2021 00:15:00,10.96,20.28,8.56,119.9,,,
4159,11/05/2021 00:30:00,10.54,20.2,8.23,115.1,,,
4160,11/05/2021 00:45:00,10.36,20.12,8.09,113,,,
4161,11/05/2021 01:00:00,10.13,20.08,7.91,110.4,,,
4162,11/05/2021 01:15:00,9.92,20.02,7.74,108,,,
4163,11/05/2021 01:30:00,9.76,19.96,7.62,106.1,,,
4164,11/05/2021 01:45:00,9.82,19.92,7.66,106.7,,,
4165,11/05/2021 02:00:00,9.98,19.86,7.79,108.3,,,
4166,11/05/2021 02:15:00,9.98,19.8,7.79,108.2,,,
4167,11/05/2021 02:30:00,9.54,19.76,7.44,103.3,,,
4168,11/05/2021 02:45:00,9.58,19.72,7.47,103.7,,,
4169,11/05/2021 03:00:00,8.44,19.68,6.58,91.2,,,
4170,11/05/2021 03:15:00,8.49,19.62,6.62,91.7,,,
4171,11/05/2021 03:30:00,8.81,19.58,6.87,95.1,,,
4172,11/05/2021 03:45:00,8.59,19.52,6.7,92.6,,,
4173,11/05/2021 04:00:00,7.75,19.48,6.04,83.5,,,
4174,11/05/2021 04:15:00,7.79,19.42,6.07,83.8,,,
4175,11/05/2021 04:30:00,7.19,19.4,5.6,77.3,,,
4176,11/05/2021 04:45:00,7.11,19.36,5.54,76.4,,,
4177,11/05/2021 05:00:00,6.09,19.32,4.75,65.4,,,
4178,11/05/2021 05:15:00,6.38,19.28,4.97,68.4,,,
4179,11/05/2021 05:30:00,6.47,19.26,5.04,69.4,,,
4180,11/05/2021 05:45:00,6.37,19.26,4.96,68.3,,,
4181,11/05/2021 06:00:00,6.19,19.26,4.82,66.4,,,
4182,11/05/2021 06:15:00,6.14,19.24,4.78,65.8,,,
4183,11/05/2021 06:30:00,6.06,19.22,4.72,64.9,,,
4184,11/05/2021 06:45:00,6.2,19.18,4.83,66.4,,,
4185,11/05/2021 07:00:00,6.14,19.16,4.78,65.7,,,
4186,11/05/2021 07:15:00,6.29,19.14,4.9,67.3,,,
4187,11/05/2021 07:30:00,6.22,19.16,4.85,66.6,,,
4188,11/05/2021 07:45:00,5.76,19.18,4.49,61.7,,,
4189,11/05/2021 08:00:00,5.42,19.22,4.22,58.1,,,
4190,11/05/2021 08:15:00,5.27,19.3,4.11,56.5,,,
4191,11/05/2021 08:30:00,5.41,19.36,4.22,58.1,,,
4192,11/05/2021 08:45:00,5.43,19.38,4.23,58.4,,,
4193,11/05/2021 09:00:00,5.26,19.34,4.1,56.5,,,
4194,11/05/2021 09:15:00,7.1,19.28,5.53,76.1,,,
4195,11/05/2021 09:30:00,8.57,19.28,6.68,91.9,,,
4196,11/05/2021 09:45:00,9.54,19.36,7.44,102.5,,,
4197,11/05/2021 10:00:00,10.35,19.46,8.07,111.4,,,
4198,11/05/2021 10:15:00,10.05,19.64,7.84,108.6,,,
4199,11/05/2021 10:30:00,10.31,19.84,8.04,111.8,,,
4200,11/05/2021 10:45:00,9.93,20.06,7.75,108.2,,,
4201,11/05/2021 11:00:00,10.08,20.28,7.87,110.3,,,
4202,11/05/2021 11:15:00,10.68,20.54,8.34,117.5,,,
4203,11/05/2021 11:30:00,10.64,20.8,8.32,117.6,,,
4204,11/05/2021 11:45:00,10.66,21.08,8.34,118.5,,,
4205,11/05/2021 12:00:00,10.45,21.34,8.18,116.7,,,
4206,11/05/2021 12:15:00,10.27,21.58,8.04,115.3,,,
4207,11/05/2021 12:30:00,8.54,21.76,6.69,96.2,,,
4208,11/05/2021 12:45:00,10.57,21.9,8.28,119.4,,,
4209,11/05/2021 13:00:00,18.05,22,14.14,204.2,,,
4210,11/05/2021 13:15:00,17.07,22.18,13.37,193.8,,,
4211,11/05/2021 13:30:00,17.66,22.4,13.84,201.4,,,
4212,11/05/2021 13:45:00,16.69,22.74,13.09,191.5,,,
4213,11/05/2021 14:00:00,19.18,22.94,15.05,220.9,,,
4214,11/05/2021 14:15:00,26.13,23.08,20.51,301.8,,,
4215,11/05/2021 14:30:00,27.32,23.28,21.45,316.7,,,
4216,11/05/2021 14:45:00,27.28,23.5,21.42,317.6,,,
4217,11/05/2021 15:00:00,27.15,23.64,21.33,316.9,,,
4218,11/05/2021 15:15:00,25.91,23.84,20.36,303.6,,,
4219,11/05/2021 15:30:00,24.1,24.04,18.95,283.4,,,
4220,11/05/2021 15:45:00,24.15,24.2,18.99,284.9,,,
4221,11/05/2021 16:00:00,25.15,24.36,19.78,297.5,,,
4222,11/05/2021 16:15:00,25.33,24.46,19.93,300.2,,,
4223,11/05/2021 16:30:00,25.25,24.52,19.87,299.6,,,
4224,11/05/2021 16:45:00,22.01,24.56,17.32,261.4,,,
4225,11/05/2021 17:00:00,23.69,24.6,18.64,281.5,,,
4226,11/05/2021 17:15:00,24.27,24.64,19.1,288.6,,,
4227,11/05/2021 17:30:00,21.97,24.66,17.29,261.4,,,
4228,11/05/2021 17:45:00,19.38,24.66,15.25,230.6,,,
4229,11/05/2021 18:00:00,19.83,24.6,15.6,235.6,,,
4230,11/05/2021 18:15:00,17.87,24.54,14.06,212.1,,,
4231,11/05/2021 18:30:00,17.69,24.46,13.92,209.7,,,
4232,11/05/2021 18:45:00,17.16,24.38,13.5,203.1,,,
4233,11/05/2021 19:00:00,17.77,24.26,13.97,209.8,,,
4234,11/05/2021 19:15:00,16.67,24.12,13.11,196.3,,,
4235,11/05/2021 19:30:00,15.99,23.98,12.57,187.8,,,
4236,11/05/2021 19:45:00,15.33,23.84,12.05,179.6,,,
4237,11/05/2021 20:00:00,14.63,23.7,11.49,171,,,
4238,11/05/2021 20:15:00,12.91,23.54,10.14,150.4,,,
4239,11/05/2021 20:30:00,11.96,23.38,9.39,138.9,,,
4240,11/05/2021 20:45:00,12.65,23.24,9.93,146.5,,,
4241,11/05/2021 21:00:00,12.97,23.08,10.18,149.8,,,
4242,11/05/2021 21:15:00,11.81,22.96,9.27,136.1,,,
4243,11/05/2021 21:30:00,12.17,22.86,9.55,140,,,
4244,11/05/2021 21:45:00,12.05,22.76,9.45,138.3,,,
4245,11/05/2021 22:00:00,11.86,22.64,9.3,135.8,,,
4246,11/05/2021 22:15:00,12.28,22.54,9.63,140.4,,,
4247,11/05/2021 22:30:00,12.31,22.42,9.65,140.4,,,
4248,11/05/2021 22:45:00,12.58,22.32,9.86,143.2,,,
4249,11/05/2021 23:00:00,12.75,22.22,9.99,144.9,,,
4250,11/05/2021 23:15:00,12.59,22.14,9.86,142.8,,,
4251,11/05/2021 23:30:00,12.4,22.06,9.71,140.5,,,
4252,11/05/2021 23:45:00,12.1,21.96,9.48,136.8,,,
4253,11/06/2021 00:00:00,11.62,21.88,9.1,131.2,,,
4254,11/06/2021 00:15:00,11.14,21.76,8.72,125.5,,,
4255,11/06/2021 00:30:00,11.02,21.64,8.63,123.8,,,
4256,11/06/2021 00:45:00,10.24,21.48,8.01,114.7,,,
4257,11/06/2021 01:00:00,9.8,21.28,7.67,109.3,,,
4258,11/06/2021 01:15:00,9.37,21.16,7.33,104.3,,,
4259,11/06/2021 01:30:00,9.25,21.1,7.23,102.8,,,
4260,11/06/2021 01:45:00,8.7,21.06,6.8,96.7,,,
4261,11/06/2021 02:00:00,8.26,21,6.46,91.7,,,
4262,11/06/2021 02:15:00,8.49,20.96,6.64,94.1,,,
4263,11/06/2021 02:30:00,8.65,20.92,6.76,95.8,,,
4264,11/06/2021 02:45:00,8.61,20.86,6.73,95.3,,,
4265,11/06/2021 03:00:00,8.12,20.82,6.35,89.8,,,
4266,11/06/2021 03:15:00,8.19,20.78,6.4,90.5,,,
4267,11/06/2021 03:30:00,8.54,20.74,6.67,94.3,,,
4268,11/06/2021 03:45:00,9.22,20.68,7.2,101.7,,,
4269,11/06/2021 04:00:00,9.84,20.62,7.69,108.4,,,
4270,11/06/2021 04:15:00,9.69,20.54,7.57,106.6,,,
4271,11/06/2021 04:30:00,9.69,20.46,7.57,106.4,,,
4272,11/06/2021 04:45:00,9.43,20.36,7.36,103.3,,,
4273,11/06/2021 05:00:00,8.87,20.26,6.93,97,,,
4274,11/06/2021 05:15:00,8.4,20.16,6.56,91.7,,,
4275,11/06/2021 05:30:00,8.23,20.06,6.42,89.7,,,
4276,11/06/2021 05:45:00,7.76,19.98,6.06,84.4,,,
4277,11/06/2021 06:00:00,7.45,19.92,5.81,80.9,,,
4278,11/06/2021 06:15:00,7.25,19.84,5.66,78.6,,,
4279,11/06/2021 06:30:00,7.1,19.78,5.54,76.9,,,
4280,11/06/2021 06:45:00,6.95,19.72,5.42,75.2,,,
4281,11/06/2021 07:00:00,6.42,19.7,5.01,69.4,,,
4282,11/06/2021 07:15:00,5.85,19.68,4.56,63.2,,,
4283,11/06/2021 07:30:00,5.73,19.64,4.47,61.9,,,
4284,11/06/2021 07:45:00,5.65,19.62,4.41,61,,,
4285,11/06/2021 08:00:00,4.96,19.6,3.87,53.5,,,
4286,11/06/2021 08:15:00,3.46,19.58,2.7,37.3,,,
4287,11/06/2021 08:30:00,3.68,19.56,2.87,39.7,,,
4288,11/06/2021 08:45:00,4.62,19.56,3.6,49.8,,,
4289,11/06/2021 09:00:00,5.93,19.54,4.62,63.9,,,
4290,11/06/2021 09:15:00,7.37,19.58,5.75,79.5,,,
4291,11/06/2021 09:30:00,8.26,19.62,6.44,89.2,,,
4292,11/06/2021 09:45:00,8.95,19.72,6.98,96.8,,,
4293,11/06/2021 10:00:00,9,19.84,7.02,97.6,,,
4294,11/06/2021 10:15:00,9.52,19.98,7.43,103.5,,,
4295,11/06/2021 10:30:00,9.94,20.2,7.76,108.6,,,
4296,11/06/2021 10:45:00,10.04,20.46,7.84,110.2,,,
4297,11/06/2021 11:00:00,9.65,20.64,7.54,106.3,,,
4298,11/06/2021 11:15:00,9.35,20.82,7.31,103.4,,,
4299,11/06/2021 11:30:00,8.89,20.96,6.95,98.6,,,
4300,11/06/2021 11:45:00,8.73,21.14,6.83,97.1,,,
4301,11/06/2021 12:00:00,8.59,21.22,6.72,95.7,,,
4302,11/06/2021 12:15:00,8.07,21.26,6.31,90,,,
4303,11/06/2021 12:30:00,7.59,21.4,5.94,84.9,,,
4304,11/06/2021 12:45:00,6.81,21.58,5.33,76.4,,,
4305,11/06/2021 13:00:00,7.11,21.68,5.57,79.9,,,
4306,11/06/2021 13:15:00,10.14,21.8,7.94,114.3,,,
4307,11/06/2021 13:30:00,10.57,21.92,8.28,119.4,,,
4308,11/06/2021 13:45:00,11.28,22.02,8.84,127.7,,,
4309,11/06/2021 14:00:00,12.21,22.14,9.57,138.5,,,
4310,11/06/2021 14:15:00,11.97,22.26,9.38,136.1,,,
4311,11/06/2021 14:30:00,12.23,22.36,9.59,139.3,,,
4312,11/06/2021 14:45:00,12.25,22.54,9.6,140,,,
4313,11/06/2021 15:00:00,12.65,22.72,9.92,145.1,,,
4314,11/06/2021 15:15:00,12,22.76,9.41,137.8,,,
4315,11/06/2021 15:30:00,14.58,22.68,11.43,167.1,,,
4316,11/06/2021 15:45:00,14.28,22.6,11.2,163.4,,,
4317,11/06/2021 16:00:00,15.71,22.58,12.32,179.7,,,
4318,11/06/2021 16:15:00,14.54,22.58,11.4,166.3,,,
4319,11/06/2021 16:30:00,15.9,22.56,12.47,181.8,,,
4320,11/06/2021 16:45:00,16.75,22.54,13.13,191.5,,,
4321,11/06/2021 17:00:00,16.12,22.52,12.64,184.2,,,
4322,11/06/2021 17:15:00,15.71,22.46,12.32,179.3,,,
4323,11/06/2021 17:30:00,15.35,22.38,12.03,174.9,,,
4324,11/06/2021 17:45:00,15.65,22.28,12.26,178,,,
4325,11/06/2021 18:00:00,15.25,22.18,11.95,173.1,,,
4326,11/06/2021 18:15:00,14.85,22.06,11.63,168.2,,,
4327,11/06/2021 18:30:00,14.47,21.96,11.33,163.6,,,
4328,11/06/2021 18:45:00,14.15,21.86,11.08,159.7,,,
4329,11/06/2021 19:00:00,13.66,21.76,10.69,153.8,,,
4330,11/06/2021 19:15:00,13.19,21.66,10.33,148.3,,,
4331,11/06/2021 19:30:00,13.15,21.56,10.29,147.5,,,
4332,11/06/2021 19:45:00,12.86,21.44,10.06,143.9,,,
4333,11/06/2021 20:00:00,12.46,21.32,9.75,139.1,,,
4334,11/06/2021 20:15:00,12.14,21.2,9.5,135.2,,,
4335,11/06/2021 20:30:00,12.03,21.08,9.41,133.7,,,
4336,11/06/2021 20:45:00,11.79,20.94,9.22,130.7,,,
4337,11/06/2021 21:00:00,11.46,20.82,8.96,126.7,,,
4338,11/06/2021 21:15:00,11.33,20.72,8.85,125,,,
4339,11/06/2021 21:30:00,11.22,20.6,8.77,123.5,,,
4340,11/06/2021 21:45:00,10.95,20.5,8.55,120.3,,,
4341,11/06/2021 22:00:00,10.65,20.38,8.32,116.8,,,
4342,11/06/2021 22:15:00,10.54,20.26,8.23,115.3,,,
4343,11/06/2021 22:30:00,10.37,20.16,8.1,113.2,,,
4344,11/06/2021 22:45:00,10.24,20.06,7.99,111.5,,,
4345,11/06/2021 23:00:00,9.98,19.96,7.79,108.5,,,
4346,11/06/2021 23:15:00,9.96,19.86,7.77,108.1,,,
4347,11/06/2021 23:30:00,9.76,19.78,7.61,105.7,,,
4348,11/06/2021 23:45:00,9.5,19.7,7.41,102.8,,,
4349,11/07/2021 00:00:00,9.19,19.64,7.17,99.3,,,
4350,11/07/2021 00:15:00,8.36,19.56,6.52,90.2,,,
4351,11/07/2021 00:30:00,8.1,19.48,6.32,87.2,,,
4352,11/07/2021 00:45:00,8.61,19.4,6.71,92.6,,,
4353,11/07/2021 01:00:00,8.71,19.32,6.79,93.5,,,
4354,11/07/2021 01:15:00,8.68,19.22,6.76,93,,,
4355,11/07/2021 01:30:00,8.7,19.14,6.78,93,,,
4356,11/07/2021 01:45:00,8.62,19.06,6.72,92,,,
4357,11/07/2021 02:00:00,8.19,18.98,6.38,87.3,,,
4358,11/07/2021 02:15:00,8.32,18.9,6.48,88.6,,,
4359,11/07/2021 02:30:00,8.31,18.84,6.47,88.3,,,
4360,11/07/2021 02:45:00,7.98,18.76,6.21,84.7,,,
4361,11/07/2021 03:00:00,7.99,18.7,6.22,84.7,,,
4362,11/07/2021 03:15:00,8.04,18.64,6.26,85.1,,,
4363,11/07/2021 03:30:00,7.93,18.56,6.17,83.8,,,
4364,11/07/2021 03:45:00,7.72,18.5,6.01,81.5,,,
4365,11/07/2021 04:00:00,7.01,18.44,5.45,73.9,,,
4366,11/07/2021 04:15:00,6.57,18.38,5.11,69.2,,,
4367,11/07/2021 04:30:00,6.83,18.3,5.31,71.8,,,
4368,11/07/2021 04:45:00,7.36,18.22,5.72,77.3,,,
4369,11/07/2021 05:00:00,7.48,18.12,5.82,78.4,,,
4370,11/07/2021 05:15:00,7.47,18.06,5.81,78.2,,,
4371,11/07/2021 05:30:00,7.38,18,5.74,77.1,,,
4372,11/07/2021 05:45:00,7.01,17.94,5.45,73.2,,,
4373,11/07/2021 06:00:00,6.91,17.9,5.37,72.1,,,
4374,11/07/2021 06:15:00,6.85,17.86,5.32,71.4,,,
4375,11/07/2021 06:30:00,6.88,17.8,5.35,71.6,,,
4376,11/07/2021 06:45:00,7.04,17.76,5.47,73.2,,,
4377,11/07/2021 07:00:00,7.27,17.72,5.65,75.5,,,
4378,11/07/2021 07:15:00,7.56,17.7,5.87,78.5,,,
4379,11/07/2021 07:30:00,7.45,17.68,5.79,77.3,,,
4380,11/07/2021 07:45:00,8.01,17.68,6.22,83.2,,,
4381,11/07/2021 08:00:00,7.9,17.68,6.14,82,,,
4382,11/07/2021 08:15:00,8.33,17.68,6.47,86.5,,,
4383,11/07/2021 08:30:00,8.88,17.7,6.9,92.2,,,
4384,11/07/2021 08:45:00,9.72,17.7,7.55,101,,,
4385,11/07/2021 09:00:00,10.49,17.72,8.15,109,,,
4386,11/07/2021 09:15:00,10.98,17.76,8.53,114.2,,,
4387,11/07/2021 09:30:00,11.87,17.8,9.22,123.5,,,
4388,11/07/2021 09:45:00,12.61,17.86,9.8,131.4,,,
4389,11/07/2021 10:00:00,12.94,17.94,10.06,135.1,,,
4390,11/07/2021 10:15:00,13.05,18.08,10.15,136.6,,,
4391,11/07/2021 10:30:00,13.49,18.24,10.49,141.7,,,
4392,11/07/2021 10:45:00,15.26,18.4,11.87,160.8,,,
4393,11/07/2021 11:00:00,16.86,18.52,13.12,178.1,,,
4394,11/07/2021 11:15:00,17.95,18.64,13.97,190,,,
4395,11/07/2021 11:30:00,18.52,18.72,14.42,196.4,,,
4396,11/07/2021 11:45:00,18.59,18.84,14.48,197.6,,,
4397,11/07/2021 12:00:00,18.08,18.96,14.08,192.7,,,
4398,11/07/2021 12:15:00,17.64,19.12,13.74,188.6,,,
4399,11/07/2021 12:30:00,17.03,19.3,13.27,182.7,,,
4400,11/07/2021 12:45:00,16.89,19.58,13.17,182.2,,,
4401,11/07/2021 13:00:00,16.96,19.94,13.23,184.3,,,
4402,11/07/2021 13:15:00,17.19,20.22,13.42,187.9,,,
4403,11/07/2021 13:30:00,17.53,20.4,13.69,192.3,,,
4404,11/07/2021 13:45:00,17.87,20.56,13.96,196.6,,,
4405,11/07/2021 14:00:00,17.66,20.72,13.8,194.9,,,
4406,11/07/2021 14:15:00,17.47,20.86,13.66,193.3,,,
4407,11/07/2021 14:30:00,17.35,21.04,13.57,192.7,,,
4408,11/07/2021 14:45:00,17.17,21.18,13.43,191.2,,,
4409,11/07/2021 15:00:00,17.25,21.32,13.49,192.6,,,
4410,11/07/2021 15:15:00,17.58,21.42,13.76,196.7,,,
4411,11/07/2021 15:30:00,17.69,21.48,13.84,198.1,,,
4412,11/07/2021 15:45:00,17.97,21.54,14.06,201.5,,,
4413,11/07/2021 16:00:00,18.35,21.6,14.36,206,,,
4414,11/07/2021 16:15:00,18.59,21.64,14.55,208.9,,,
4415,11/07/2021 16:30:00,19.02,21.66,14.89,213.8,,,
4416,11/07/2021 16:45:00,19.89,21.68,15.57,223.7,,,
4417,11/07/2021 17:00:00,20.03,21.68,15.68,225.2,,,
4418,11/07/2021 17:15:00,20.01,21.66,15.66,224.9,,,
4419,11/07/2021 17:30:00,20.69,21.62,16.19,232.4,,,
4420,11/07/2021 17:45:00,19.9,21.56,15.57,223.3,,,
4421,11/07/2021 18:00:00,20.45,21.48,16,229.1,,,
4422,11/07/2021 18:15:00,19.87,21.38,15.55,222.1,,,
4423,11/07/2021 18:30:00,19,21.26,14.86,211.9,,,
4424,11/07/2021 18:45:00,18.41,21.14,14.4,204.9,,,
4425,11/07/2021 19:00:00,18.29,21.02,14.3,203,,,
4426,11/07/2021 19:15:00,17.81,20.9,13.92,197.3,,,
4427,11/07/2021 19:30:00,17.3,20.78,13.52,191.2,,,
4428,11/07/2021 19:45:00,17.08,20.64,13.35,188.2,,,
4429,11/07/2021 20:00:00,16.54,20.5,12.92,181.8,,,
4430,11/07/2021 20:15:00,15.8,20.36,12.34,173.1,,,
4431,11/07/2021 20:30:00,15.51,20.22,12.11,169.5,,,
4432,11/07/2021 20:45:00,14.45,20.12,11.28,157.6,,,
4433,11/07/2021 21:00:00,14.43,20.02,11.26,157.1,,,
4434,11/07/2021 21:15:00,13.8,19.94,10.77,150,,,
4435,11/07/2021 21:30:00,13.7,19.84,10.69,148.6,,,
4436,11/07/2021 21:45:00,13.45,19.74,10.49,145.6,,,
4437,11/07/2021 22:00:00,13.32,19.64,10.39,143.9,,,
4438,11/07/2021 22:15:00,12.8,19.52,9.98,137.9,,,
4439,11/07/2021 22:30:00,12.15,19.38,9.47,130.6,,,
4440,11/07/2021 22:45:00,12.28,19.22,9.57,131.5,,,
4441,11/07/2021 23:00:00,12.72,19.1,9.91,135.9,,,
4442,11/07/2021 23:15:00,11.98,18.98,9.33,127.7,,,
4443,11/07/2021 23:30:00,12.1,18.86,9.42,128.7,,,
4444,11/07/2021 23:45:00,12.28,18.72,9.56,130.2,,,
4445,11/08/2021 00:00:00,12.86,18.6,10.01,136,,,
4446,11/08/2021 00:15:00,12.87,18.52,10.02,135.9,,,
4447,11/08/2021 00:30:00,12.58,18.48,9.79,132.8,,,
4448,11/08/2021 00:45:00,12.24,18.42,9.52,129,,,
4449,11/08/2021 01:00:00,12.25,18.3,9.53,128.8,,,
4450,11/08/2021 01:15:00,11.98,18.16,9.32,125.6,,,
4451,11/08/2021 01:30:00,10.98,18.12,8.54,115,,,
4452,11/08/2021 01:45:00,10.84,18.06,8.43,113.4,,,
4453,11/08/2021 02:00:00,10.45,18.06,8.12,109.3,,,
4454,11/08/2021 02:15:00,10.24,18.16,7.96,107.4,,,
4455,11/08/2021 02:30:00,10.97,18.3,8.53,115.3,,,
4456,11/08/2021 02:45:00,10.65,18.32,8.28,112,,,
4457,11/08/2021 03:00:00,10.78,18.3,8.39,113.3,,,
4458,11/08/2021 03:15:00,10.62,18.24,8.26,111.5,,,
4459,11/08/2021 03:30:00,10.42,18.18,8.1,109.3,,,
4460,11/08/2021 03:45:00,10.22,18.08,7.95,107,,,
4461,11/08/2021 04:00:00,10.02,18,7.79,104.7,,,
4462,11/08/2021 04:15:00,10.16,17.96,7.9,106.1,,,
4463,11/08/2021 04:30:00,9.97,17.92,7.75,104,,,
4464,11/08/2021 04:45:00,9.79,17.86,7.61,102,,,
4465,11/08/2021 05:00:00,10.06,17.8,7.82,104.7,,,
4466,11/08/2021 05:15:00,10.05,17.72,7.81,104.4,,,
4467,11/08/2021 05:30:00,9.83,17.68,7.64,102.1,,,
4468,11/08/2021 05:45:00,9.52,17.62,7.4,98.7,,,
4469,11/08/2021 06:00:00,9.67,17.58,7.51,100.2,,,
4470,11/08/2021 06:15:00,9.68,17.56,7.52,100.2,,,
4471,11/08/2021 06:30:00,9.75,17.52,7.57,100.9,,,
4472,11/08/2021 06:45:00,9.74,17.5,7.56,100.7,,,
4473,11/08/2021 07:00:00,9.8,17.48,7.61,101.3,,,
4474,11/08/2021 07:15:00,10.22,17.46,7.94,105.6,,,
4475,11/08/2021 07:30:00,9.9,17.44,7.69,102.3,,,
4476,11/08/2021 07:45:00,9.34,17.42,7.25,96.4,,,
4477,11/08/2021 08:00:00,8.98,17.42,6.97,92.7,,,
4478,11/08/2021 08:15:00,9.1,17.42,7.07,94,,,
4479,11/08/2021 08:30:00,9.31,17.42,7.23,96.1,,,
4480,11/08/2021 08:45:00,9.4,17.44,7.3,97.1,,,
4481,11/08/2021 09:00:00,9.33,17.48,7.25,96.5,,,
4482,11/08/2021 09:15:00,9.26,17.52,7.19,95.8,,,
4483,11/08/2021 09:30:00,9.14,17.58,7.1,94.7,,,
4484,11/08/2021 09:45:00,8.95,17.66,6.95,92.9,,,
4485,11/08/2021 10:00:00,8.88,17.78,6.9,92.4,,,
4486,11/08/2021 10:15:00,8.77,17.9,6.82,91.5,,,
4487,11/08/2021 10:30:00,8.51,18.04,6.62,89,,,
4488,11/08/2021 10:45:00,8.1,18.18,6.3,85,,,
4489,11/08/2021 11:00:00,7.89,18.32,6.14,83,,,
4490,11/08/2021 11:15:00,7.83,18.46,6.09,82.6,,,
4491,11/08/2021 11:30:00,7.95,18.62,6.19,84.1,,,
4492,11/08/2021 11:45:00,8.31,18.82,6.47,88.3,,,
4493,11/08/2021 12:00:00,8.61,19.04,6.71,91.9,,,
4494,11/08/2021 12:15:00,8.56,19.3,6.67,91.8,,,
4495,11/08/2021 12:30:00,8.38,19.58,6.53,90.4,,,
4496,11/08/2021 12:45:00,8.14,19.84,6.35,88.3,,,
4497,11/08/2021 13:00:00,7.98,20.1,6.23,87,,,
4498,11/08/2021 13:15:00,8.15,20.38,6.36,89.3,,,
4499,11/08/2021 13:30:00,8.07,20.6,6.3,88.9,,,
4500,11/08/2021 13:45:00,7.77,20.82,6.07,85.9,,,
4501,11/08/2021 14:00:00,7.8,21.02,6.1,86.6,,,
4502,11/08/2021 14:15:00,9.67,21.22,7.56,107.8,,,
4503,11/08/2021 14:30:00,11.85,21.4,9.27,132.5,,,
4504,11/08/2021 14:45:00,12.94,21.56,10.13,145.2,,,
4505,11/08/2021 15:00:00,12.93,21.68,10.12,145.4,,,
4506,11/08/2021 15:15:00,13.88,21.8,10.87,156.4,,,
4507,11/08/2021 15:30:00,14.59,21.9,11.43,164.8,,,
4508,11/08/2021 15:45:00,16.21,21.98,12.7,183.3,,,
4509,11/08/2021 16:00:00,16.51,22.04,12.93,186.9,,,
4510,11/08/2021 16:15:00,16.51,22.08,12.93,187.1,,,
4511,11/08/2021 16:30:00,16.39,22.1,12.84,185.8,,,
4512,11/08/2021 16:45:00,16.25,22.12,12.73,184.3,,,
4513,11/08/2021 17:00:00,15.96,22.12,12.5,181,,,
4514,11/08/2021 17:15:00,16.42,22.1,12.86,186.1,,,
4515,11/08/2021 17:30:00,17.13,22.06,13.42,194,,,
4516,11/08/2021 17:45:00,17.9,22,14.02,202.5,,,
4517,11/08/2021 18:00:00,17.72,21.9,13.88,200.1,,,
4518,11/08/2021 18:15:00,18.02,21.8,14.11,203.1,,,
4519,11/08/2021 18:30:00,17.71,21.64,13.86,199,,,
4520,11/08/2021 18:45:00,18.01,21.48,14.09,201.7,,,
4521,11/08/2021 19:00:00,17.09,21.38,13.37,191.1,,,
4522,11/08/2021 19:15:00,17.22,21.26,13.47,192.1,,,
4523,11/08/2021 19:30:00,17.22,21.08,13.47,191.4,,,
4524,11/08/2021 19:45:00,17.52,21.02,13.7,194.5,,,
4525,11/08/2021 20:00:00,17.13,20.96,13.39,189.9,,,
4526,11/08/2021 20:15:00,15.96,20.86,12.48,176.6,,,
4527,11/08/2021 20:30:00,14.28,20.74,11.16,157.7,,,
4528,11/08/2021 20:45:00,15.17,20.56,11.85,166.9,,,
4529,11/08/2021 21:00:00,15.45,20.34,12.06,169.2,,,
4530,11/08/2021 21:15:00,15.23,20.16,11.89,166.2,,,
4531,11/08/2021 21:30:00,14.96,20.02,11.68,162.8,,,
4532,11/08/2021 21:45:00,14.62,19.92,11.41,158.8,,,
4533,11/08/2021 22:00:00,13.34,19.84,10.41,144.7,,,
4534,11/08/2021 22:15:00,11.48,19.76,8.95,124.3,,,
4535,11/08/2021 22:30:00,9.42,19.68,7.35,101.8,,,
4536,11/08/2021 22:45:00,8.05,19.6,6.28,86.9,,,
4537,11/08/2021 23:00:00,8.7,19.5,6.78,93.7,,,
4538,11/08/2021 23:15:00,9.82,19.44,7.66,105.7,,,
4539,11/08/2021 23:30:00,10.83,19.36,8.44,116.3,,,
4540,11/08/2021 23:45:00,11.39,19.3,8.88,122.2,,,
4541,11/09/2021 00:00:00,11.56,19.22,9.01,123.8,,,
4542,11/09/2021 00:15:00,11.03,19.14,8.59,118,,,
4543,11/09/2021 00:30:00,10.15,19.06,7.91,108.4,,,
4544,11/09/2021 00:45:00,9.48,18.96,7.38,101,,,
4545,11/09/2021 01:00:00,9.22,18.88,7.18,98.1,,,
4546,11/09/2021 01:15:00,8.68,18.8,6.76,92.2,,,
4547,11/09/2021 01:30:00,7.84,18.64,6.1,83,,,
4548,11/09/2021 01:45:00,6.38,18.5,4.96,67.4,,,
4549,11/09/2021 02:00:00,4.43,18.36,3.45,46.6,,,
4550,11/09/2021 02:15:00,4.51,18.2,3.51,47.3,,,
4551,11/09/2021 02:30:00,6.99,17.96,5.43,73,,,
4552,11/09/2021 02:45:00,7.14,17.82,5.55,74.3,,,
4553,11/09/2021 03:00:00,7.19,17.7,5.59,74.7,,,
4554,11/09/2021 03:15:00,7.18,17.66,5.58,74.5,,,
4555,11/09/2021 03:30:00,6.41,17.7,4.98,66.6,,,
4556,11/09/2021 03:45:00,5.31,17.68,4.13,55.1,,,
4557,11/09/2021 04:00:00,4.71,17.68,3.66,48.9,,,
4558,11/09/2021 04:15:00,4.19,17.72,3.26,43.5,,,
4559,11/09/2021 04:30:00,4.14,17.74,3.22,43,,,
4560,11/09/2021 04:45:00,3.76,17.74,2.92,39.1,,,
4561,11/09/2021 05:00:00,3.6,17.7,2.8,37.4,,,
4562,11/09/2021 05:15:00,4.63,17.66,3.6,48,,,
4563,11/09/2021 05:30:00,6.53,17.66,5.07,67.8,,,
4564,11/09/2021 05:45:00,8.64,17.64,6.71,89.6,,,
4565,11/09/2021 06:00:00,9.02,17.58,7.01,93.4,,,
4566,11/09/2021 06:15:00,9.23,17.52,7.17,95.5,,,
4567,11/09/2021 06:30:00,9.33,17.44,7.25,96.4,,,
4568,11/09/2021 06:45:00,9.61,17.38,7.46,99.2,,,
4569,11/09/2021 07:00:00,9.28,17.34,7.2,95.7,,,
4570,11/09/2021 07:15:00,9.28,17.3,7.2,95.6,,,
4571,11/09/2021 07:30:00,9.21,17.3,7.15,94.9,,,
4572,11/09/2021 07:45:00,8.95,17.3,6.95,92.2,,,
4573,11/09/2021 08:00:00,8.78,17.32,6.82,90.5,,,
4574,11/09/2021 08:15:00,8.75,17.36,6.79,90.2,,,
4575,11/09/2021 08:30:00,8.68,17.44,6.74,89.7,,,
4576,11/09/2021 08:45:00,8.61,17.54,6.69,89.1,,,
4577,11/09/2021 09:00:00,8.43,17.66,6.55,87.5,,,
4578,11/09/2021 09:15:00,8.32,17.8,6.47,86.6,,,
4579,11/09/2021 09:30:00,8.07,17.96,6.27,84.3,,,
4580,11/09/2021 09:45:00,7.74,18.18,6.02,81.2,,,
4581,11/09/2021 10:00:00,7.54,18.4,5.87,79.4,,,
4582,11/09/2021 10:15:00,9.12,18.62,7.1,96.5,,,
4583,11/09/2021 10:30:00,10.93,18.86,8.51,116.2,,,
4584,11/09/2021 10:45:00,11.76,19.1,9.16,125.7,,,
4585,11/09/2021 11:00:00,13.71,19.4,10.69,147.4,,,
4586,11/09/2021 11:15:00,14.94,19.64,11.65,161.4,,,
4587,11/09/2021 11:30:00,14.82,19.9,11.56,160.9,,,
4588,11/09/2021 11:45:00,14.51,20.14,11.33,158.3,,,
4589,11/09/2021 12:00:00,14.42,20.4,11.26,158.1,,,
4590,11/09/2021 12:15:00,14.35,20.64,11.21,158.1,,,
4591,11/09/2021 12:30:00,14.42,20.82,11.27,159.5,,,
4592,11/09/2021 12:45:00,14.09,21,11.02,156.4,,,
4593,11/09/2021 13:00:00,13.7,21.16,10.71,152.5,,,
4594,11/09/2021 13:15:00,13.14,21.34,10.28,146.8,,,
4595,11/09/2021 13:30:00,12,21.56,9.39,134.6,,,
4596,11/09/2021 13:45:00,11.99,21.8,9.39,135.1,,,
4597,11/09/2021 14:00:00,11.62,21.94,9.1,131.3,,,
4598,11/09/2021 14:15:00,11.51,22.02,9.02,130.3,,,
4599,11/09/2021 14:30:00,10.17,22.06,7.97,115.2,,,
4600,11/09/2021 14:45:00,9.1,22.08,7.13,103.1,,,
4601,11/09/2021 15:00:00,10.94,22.08,8.57,124,,,
4602,11/09/2021 15:15:00,15.76,22.06,12.35,178.5,,,
4603,11/09/2021 15:30:00,17.74,22.02,13.9,200.8,,,
4604,11/09/2021 15:45:00,17.7,21.98,13.86,200.2,,,
4605,11/09/2021 16:00:00,17.04,21.92,13.35,192.5,,,
4606,11/09/2021 16:15:00,17.76,21.86,13.91,200.4,,,
4607,11/09/2021 16:30:00,18.45,21.8,14.45,207.9,,,
4608,11/09/2021 16:45:00,18.71,21.74,14.65,210.6,,,
4609,11/09/2021 17:00:00,18.53,21.66,14.51,208.3,,,
4610,11/09/2021 17:15:00,18.13,21.6,14.19,203.6,,,
4611,11/09/2021 17:30:00,17.79,21.5,13.92,199.3,,,
4612,11/09/2021 17:45:00,17.44,21.42,13.65,195.1,,,
4613,11/09/2021 18:00:00,17.1,21.32,13.38,190.9,,,
4614,11/09/2021 18:15:00,16.66,21.22,13.03,185.7,,,
4615,11/09/2021 18:30:00,16.25,21.12,12.71,180.7,,,
4616,11/09/2021 18:45:00,15.82,21,12.37,175.6,,,
4617,11/09/2021 19:00:00,15.51,20.9,12.12,171.8,,,
4618,11/09/2021 19:15:00,14.97,20.78,11.7,165.4,,,
4619,11/09/2021 19:30:00,14.84,20.66,11.6,163.6,,,
4620,11/09/2021 19:45:00,14.49,20.56,11.32,159.4,,,
4621,11/09/2021 20:00:00,14.12,20.44,11.03,155,,,
4622,11/09/2021 20:15:00,14.07,20.34,10.99,154.1,,,
4623,11/09/2021 20:30:00,13.83,20.22,10.8,151.1,,,
4624,11/09/2021 20:45:00,13.58,20.12,10.6,148.1,,,
4625,11/09/2021 21:00:00,13.5,20.02,10.54,146.9,,,
4626,11/09/2021 21:15:00,13.17,19.94,10.28,143.1,,,
4627,11/09/2021 21:30:00,13.1,19.84,10.22,142.1,,,
4628,11/09/2021 21:45:00,12.94,19.76,10.09,140.1,,,
4629,11/09/2021 22:00:00,12.69,19.66,9.9,137.1,,,
4630,11/09/2021 22:15:00,12.54,19.56,9.78,135.3,,,
4631,11/09/2021 22:30:00,12.32,19.48,9.61,132.7,,,
4632,11/09/2021 22:45:00,12.17,19.38,9.49,130.8,,,
4633,11/09/2021 23:00:00,12.01,19.28,9.36,128.8,,,
4634,11/09/2021 23:15:00,11.79,19.18,9.19,126.2,,,
4635,11/09/2021 23:30:00,11.63,19.1,9.06,124.3,,,
4636,11/09/2021 23:45:00,11.87,18.98,9.25,126.5,,,
4637,11/10/2021 00:00:00,11.66,18.84,9.08,124,,,
4638,11/10/2021 00:15:00,11.19,18.7,8.71,118.6,,,
4639,11/10/2021 00:30:00,11.25,18.64,8.76,119.1,,,
4640,11/10/2021 00:45:00,10.93,18.56,8.51,115.5,,,
4641,11/10/2021 01:00:00,10.82,18.46,8.42,114.1,,,
4642,11/10/2021 01:15:00,10.68,18.38,8.31,112.5,,,
4643,11/10/2021 01:30:00,10.52,18.26,8.18,110.5,,,
4644,11/10/2021 01:45:00,10.65,18.16,8.28,111.7,,,
4645,11/10/2021 02:00:00,10.5,18.02,8.16,109.8,,,
4646,11/10/2021 02:15:00,10.35,17.9,8.04,107.9,,,
4647,11/10/2021 02:30:00,10.29,17.78,8,107,,,
4648,11/10/2021 02:45:00,10.14,17.64,7.88,105.2,,,
4649,11/10/2021 03:00:00,10,17.46,7.77,103.3,,,
4650,11/10/2021 03:15:00,9.85,17.32,7.65,101.5,,,
4651,11/10/2021 03:30:00,9.62,17.2,7.47,98.9,,,
4652,11/10/2021 03:45:00,9.61,17.06,7.46,98.5,,,
4653,11/10/2021 04:00:00,9.62,16.98,7.46,98.4,,,
4654,11/10/2021 04:15:00,9.42,16.88,7.31,96.2,,,
4655,11/10/2021 04:30:00,8.91,16.8,6.91,90.8,,,
4656,11/10/2021 04:45:00,8.53,16.88,6.62,87.1,,,
4657,11/10/2021 05:00:00,8.33,16.88,6.46,85.1,,,
4658,11/10/2021 05:15:00,8.26,16.82,6.41,84.2,,,
4659,11/10/2021 05:30:00,8.53,16.78,6.62,86.9,,,
4660,11/10/2021 05:45:00,8.42,16.76,6.53,85.8,,,
4661,11/10/2021 06:00:00,8.03,16.76,6.23,81.8,,,
4662,11/10/2021 06:15:00,7.87,16.8,6.1,80.2,,,
4663,11/10/2021 06:30:00,8.01,16.82,6.21,81.7,,,
4664,11/10/2021 06:45:00,8.13,16.82,6.31,82.9,,,
4665,11/10/2021 07:00:00,8.54,16.8,6.62,87.1,,,
4666,11/10/2021 07:15:00,8.72,16.78,6.76,88.9,,,
4667,11/10/2021 07:30:00,8.54,16.74,6.62,86.9,,,
4668,11/10/2021 07:45:00,8.57,16.72,6.65,87.2,,,
4669,11/10/2021 08:00:00,8.98,16.68,6.96,91.3,,,
4670,11/10/2021 08:15:00,9.28,16.64,7.19,94.3,,,
4671,11/10/2021 08:30:00,9.42,16.62,7.3,95.7,,,
4672,11/10/2021 08:45:00,9.46,16.62,7.33,96.1,,,
4673,11/10/2021 09:00:00,9.4,16.6,7.29,95.4,,,
4674,11/10/2021 09:15:00,9.49,16.6,7.36,96.3,,,
4675,11/10/2021 09:30:00,9.69,16.6,7.51,98.4,,,
4676,11/10/2021 09:45:00,9.84,16.6,7.63,99.9,,,
4677,11/10/2021 10:00:00,9.93,16.62,7.7,100.8,,,
4678,11/10/2021 10:15:00,9.82,16.68,7.61,99.8,,,
4679,11/10/2021 10:30:00,9.73,16.78,7.55,99.1,,,
4680,11/10/2021 10:45:00,9.85,16.92,7.64,100.7,,,
4681,11/10/2021 11:00:00,9.81,17.04,7.61,100.5,,,
4682,11/10/2021 11:15:00,9.73,17.2,7.55,100,,,
4683,11/10/2021 11:30:00,9.43,17.42,7.32,97.4,,,
4684,11/10/2021 11:45:00,9.99,17.64,7.76,103.6,,,
4685,11/10/2021 12:00:00,10.56,17.86,8.21,110,,,
4686,11/10/2021 12:15:00,11.16,18.04,8.68,116.7,,,
4687,11/10/2021 12:30:00,12,18.2,9.33,125.9,,,
4688,11/10/2021 12:45:00,13.48,18.36,10.49,141.9,,,
4689,11/10/2021 13:00:00,14.68,18.54,11.42,155.1,,,
4690,11/10/2021 13:15:00,15.41,18.74,12,163.5,,,
4691,11/10/2021 13:30:00,15.92,18.92,12.4,169.5,,,
4692,11/10/2021 13:45:00,16.17,19.08,12.6,172.7,,,
4693,11/10/2021 14:00:00,16.46,19.2,12.83,176.3,,,
4694,11/10/2021 14:15:00,17.02,19.36,13.27,182.8,,,
4695,11/10/2021 14:30:00,17.2,19.5,13.41,185.3,,,
4696,11/10/2021 14:45:00,17.05,19.62,13.3,184.1,,,
4697,11/10/2021 15:00:00,16.95,19.74,13.22,183.5,,,
4698,11/10/2021 15:15:00,16.95,19.84,13.22,183.8,,,
4699,11/10/2021 15:30:00,17.27,19.9,13.47,187.5,,,
4700,11/10/2021 15:45:00,17.35,19.96,13.54,188.6,,,
4701,11/10/2021 16:00:00,17.52,19.98,13.67,190.6,,,
4702,11/10/2021 16:15:00,17.74,20,13.84,193,,,
4703,11/10/2021 16:30:00,17.91,20.02,13.98,194.9,,,
4704,11/10/2021 16:45:00,18.08,20,14.11,196.7,,,
4705,11/10/2021 17:00:00,18.24,19.96,14.23,198.3,,,
4706,11/10/2021 17:15:00,18.37,19.92,14.33,199.6,,,
4707,11/10/2021 17:30:00,18.5,19.86,14.43,200.7,,,
4708,11/10/2021 17:45:00,18.51,19.78,14.44,200.5,,,
4709,11/10/2021 18:00:00,18.26,19.7,14.24,197.5,,,
4710,11/10/2021 18:15:00,17.84,19.58,13.91,192.5,,,
4711,11/10/2021 18:30:00,17.48,19.46,13.63,188.2,,,
4712,11/10/2021 18:45:00,17.37,19.34,13.54,186.5,,,
4713,11/10/2021 19:00:00,17.03,19.2,13.27,182.4,,,
4714,11/10/2021 19:15:00,16.52,19.06,12.87,176.4,,,
4715,11/10/2021 19:30:00,16.11,18.92,12.55,171.5,,,
4716,11/10/2021 19:45:00,15.8,18.76,12.3,167.7,,,
4717,11/10/2021 20:00:00,15.39,18.6,11.98,162.8,,,
4718,11/10/2021 20:15:00,15.15,18.46,11.79,159.8,,,
4719,11/10/2021 20:30:00,14.84,18.32,11.54,156.1,,,
4720,11/10/2021 20:45:00,14.38,18.2,11.18,150.9,,,
4721,11/10/2021 21:00:00,13.93,18.08,10.83,145.8,,,
4722,11/10/2021 21:15:00,13.49,17.96,10.49,140.9,,,
4723,11/10/2021 21:30:00,13.06,17.86,10.15,136.1,,,
4724,11/10/2021 21:45:00,12.63,17.76,9.81,131.3,,,
4725,11/10/2021 22:00:00,12.25,17.66,9.52,127.1,,,
4726,11/10/2021 22:15:00,12,17.56,9.32,124.3,,,
4727,11/10/2021 22:30:00,11.62,17.48,9.02,120.1,,,
4728,11/10/2021 22:45:00,11.33,17.42,8.8,117,,,
4729,11/10/2021 23:00:00,11.05,17.34,8.58,113.9,,,
4730,11/10/2021 23:15:00,10.78,17.28,8.37,111,,,
4731,11/10/2021 23:30:00,10.49,17.18,8.14,107.8,,,
4732,11/10/2021 23:45:00,10.2,17.08,7.92,104.6,,,
4733,11/11/2021 00:00:00,9.98,16.96,7.74,102.1,,,
4734,11/11/2021 00:15:00,9.83,16.86,7.62,100.3,,,
4735,11/11/2021 00:30:00,9.66,16.76,7.49,98.4,,,
4736,11/11/2021 00:45:00,9.5,16.68,7.37,96.6,,,
4737,11/11/2021 01:00:00,9.4,16.6,7.29,95.4,,,
4738,11/11/2021 01:15:00,9.3,16.52,7.21,94.2,,,
4739,11/11/2021 01:30:00,9.2,16.44,7.13,93.1,,,
4740,11/11/2021 01:45:00,9.08,16.38,7.04,91.7,,,
4741,11/11/2021 02:00:00,8.93,16.3,6.92,90.1,,,
4742,11/11/2021 02:15:00,8.77,16.2,6.79,88.3,,,
4743,11/11/2021 02:30:00,8.66,16.12,6.71,87,,,
4744,11/11/2021 02:45:00,8.54,16.02,6.61,85.6,,,
4745,11/11/2021 03:00:00,8.43,15.92,6.53,84.4,,,
4746,11/11/2021 03:15:00,8.34,15.84,6.46,83.3,,,
4747,11/11/2021 03:30:00,8.26,15.76,6.39,82.4,,,
4748,11/11/2021 03:45:00,8.13,15.68,6.29,80.9,,,
4749,11/11/2021 04:00:00,8.03,15.62,6.21,79.8,,,
4750,11/11/2021 04:15:00,7.93,15.56,6.13,78.7,,,
4751,11/11/2021 04:30:00,7.81,15.5,6.04,77.5,,,
4752,11/11/2021 04:45:00,7.71,15.42,5.96,76.3,,,
4753,11/11/2021 05:00:00,7.58,15.36,5.86,74.9,,,
4754,11/11/2021 05:15:00,7.44,15.3,5.75,73.5,,,
4755,11/11/2021 05:30:00,7.3,15.22,5.64,72,,,
4756,11/11/2021 05:45:00,7.15,15.14,5.53,70.4,,,
4757,11/11/2021 06:00:00,7,15.08,5.41,68.8,,,
4758,11/11/2021 06:15:00,6.87,15.02,5.31,67.4,,,
4759,11/11/2021 06:30:00,6.72,15,5.19,65.9,,,
4760,11/11/2021 06:45:00,6.59,14.96,5.09,64.6,,,
4761,11/11/2021 07:00:00,6.44,14.96,4.98,63.1,,,
4762,11/11/2021 07:15:00,6.31,14.94,4.88,61.8,,,
4763,11/11/2021 07:30:00,6.17,14.94,4.77,60.5,,,
4764,11/11/2021 07:45:00,6.03,14.92,4.66,59.1,,,
4765,11/11/2021 08:00:00,5.9,14.94,4.56,57.8,,,
4766,11/11/2021 08:15:00,5.76,14.94,4.45,56.4,,,
4767,11/11/2021 08:30:00,5.62,14.94,4.34,55.1,,,
4768,11/11/2021 08:45:00,5.48,14.94,4.23,53.7,,,
4769,11/11/2021 09:00:00,5.34,14.96,4.13,52.3,,,
4770,11/11/2021 09:15:00,5.19,14.96,4.01,50.9,,,
4771,11/11/2021 09:30:00,5.04,14.98,3.89,49.4,,,
4772,11/11/2021 09:45:00,4.89,15,3.78,48,,,
4773,11/11/2021 10:00:00,4.77,15.02,3.69,46.8,,,
4774,11/11/2021 10:15:00,4.62,15.06,3.57,45.4,,,
4775,11/11/2021 10:30:00,4.5,15.1,3.48,44.2,,,
4776,11/11/2021 10:45:00,4.38,15.18,3.39,43.1,,,
4777,11/11/2021 11:00:00,4.29,15.32,3.32,42.4,,,
4778,11/11/2021 11:15:00,4.2,15.48,3.25,41.6,,,
4779,11/11/2021 11:30:00,4.11,15.6,3.18,40.8,,,
4780,11/11/2021 11:45:00,4.05,15.7,3.13,40.3,,,
4781,11/11/2021 12:00:00,3.99,15.8,3.09,39.8,,,
4782,11/11/2021 12:09:00,,,,,Logged,,
4783,11/11/2021 12:09:00,,,,,,Logged,Logged
